window_id,sample_index,planned_at_utc,collected_at_utc,product_id,depth,status,error,sequence,snapshot_time_utc,bid_volume,ask_volume,imbalance,best_bid,best_ask,mid_price,spread,spread_bps,bids_json,asks_json
btc_usd_d10_20260721T000151Z,0,2026-07-21T00:01:51.649003Z,2026-07-21T00:01:51.649041Z,BTC-USD,10,ok,,132977191894,2026-07-21T00:01:50.046883277Z,0.27080442,0.44251218,-0.240717459821,65134.010000000002,65134.019999999997,65134.014999999999,0.009999999995,0.001535296111,"[{""price"":65134.01,""size"":0.16928419,""num_orders"":4},{""price"":65133.99,""size"":1.1e-07,""num_orders"":1},{""price"":65133.98,""size"":1.1e-07,""num_orders"":1},{""price"":65133.95,""size"":1.1e-07,""num_orders"":1},{""price"":65133.94,""size"":1.1e-07,""num_orders"":1},{""price"":65133.93,""size"":1.1e-07,""num_orders"":1},{""price"":65133.08,""size"":0.0461494,""num_orders"":2},{""price"":65132.76,""size"":1.7e-05,""num_orders"":1},{""price"":65132.7,""size"":0.01535328,""num_orders"":2},{""price"":65132.01,""size"":0.04,""num_orders"":1}]","[{""price"":65134.02,""size"":0.05605312,""num_orders"":3},{""price"":65134.04,""size"":0.03,""num_orders"":1},{""price"":65134.05,""size"":0.00087233,""num_orders"":1},{""price"":65135.33,""size"":0.01535266,""num_orders"":2},{""price"":65135.66,""size"":0.00537353,""num_orders"":1},{""price"":65136.16,""size"":0.04,""num_orders"":1},{""price"":65136.17,""size"":0.12281963,""num_orders"":1},{""price"":65137.42,""size"":0.04,""num_orders"":1},{""price"":65137.43,""size"":0.09204091,""num_orders"":1},{""price"":65137.44,""size"":0.04,""num_orders"":1}]"
btc_usd_d10_20260721T000151Z,1,2026-07-21T00:02:51.649003Z,2026-07-21T00:02:51.649133Z,BTC-USD,10,ok,,132977244357,2026-07-21T00:02:48.188866800Z,0.43501693,0.39574959,0.047266396821,65143.379999999997,65143.389999999999,65143.384999999995,0.010000000002,0.001535075281,"[{""price"":65143.38,""size"":4e-07,""num_orders"":1},{""price"":65141.75,""size"":0.00537276,""num_orders"":1},{""price"":65140.46,""size"":0.05994808,""num_orders"":1},{""price"":65140.45,""size"":0.04614816,""num_orders"":1},{""price"":65140.44,""size"":0.01535144,""num_orders"":2},{""price"":65140.0,""size"":0.0322,""num_orders"":1},{""price"":65139.55,""size"":0.00671595,""num_orders"":1},{""price"":65138.06,""size"":0.14503923,""num_orders"":1},{""price"":65138.05,""size"":0.09204091,""num_orders"":1},{""price"":65138.0,""size"":0.0322,""num_orders"":1}]","[{""price"":65143.39,""size"":0.05954556,""num_orders"":3},{""price"":65143.54,""size"":0.12280574,""num_orders"":1},{""price"":65143.89,""size"":1.7e-05,""num_orders"":1},{""price"":65144.0,""size"":0.0322,""num_orders"":1},{""price"":65144.49,""size"":5.82e-05,""num_orders"":1},{""price"":65144.7,""size"":0.01535044,""num_orders"":2},{""price"":65145.6,""size"":0.00153174,""num_orders"":1},{""price"":65145.98,""size"":0.09204091,""num_orders"":1},{""price"":65145.99,""size"":0.04,""num_orders"":1},{""price"":65146.0,""size"":0.0322,""num_orders"":1}]"
btc_usd_d10_20260721T000151Z,2,2026-07-21T00:03:51.649003Z,2026-07-21T00:03:51.649137Z,BTC-USD,10,ok,,132977299004,2026-07-21T00:03:50.101401587Z,0.29699508,0.618159,-0.350939723724,65140.510000000002,65140.519999999997,65140.514999999999,0.009999999995,0.001535142913,"[{""price"":65140.51,""size"":0.03469885,""num_orders"":1},{""price"":65140.18,""size"":1.7e-05,""num_orders"":1},{""price"":65139.2,""size"":0.01535174,""num_orders"":2},{""price"":65139.0,""size"":0.00767589,""num_orders"":1},{""price"":65138.0,""size"":0.0322,""num_orders"":1},{""price"":65136.47,""size"":1.7e-05,""num_orders"":1},{""price"":65136.07,""size"":0.00767624,""num_orders"":1},{""price"":65136.02,""size"":0.04,""num_orders"":1},{""price"":65136.01,""size"":0.12562662,""num_orders"":2},{""price"":65136.0,""size"":0.03373174,""num_orders"":2}]","[{""price"":65140.52,""size"":0.13783439,""num_orders"":2},{""price"":65141.83,""size"":0.01535112,""num_orders"":2},{""price"":65142.0,""size"":0.0322,""num_orders"":1},{""price"":65142.15,""size"":0.005373,""num_orders"":1},{""price"":65142.57,""size"":0.16780466,""num_orders"":1},{""price"":65142.59,""size"":0.12280752,""num_orders"":1},{""price"":65142.83,""size"":0.09204091,""num_orders"":1},{""price"":65143.32,""size"":0.00583115,""num_orders"":1},{""price"":65144.0,""size"":0.0322,""num_orders"":1},{""price"":65144.35,""size"":0.00671625,""num_orders"":1}]"
btc_usd_d10_20260721T000151Z,3,2026-07-21T00:04:51.649003Z,2026-07-21T00:04:51.649159Z,BTC-USD,10,ok,,132977345315,2026-07-21T00:04:49.190031738Z,2.72793307,0.15434417,0.892901232499,65176.639999999999,65176.650000000001,65176.645000000004,0.010000000002,0.001534291923,"[{""price"":65176.64,""size"":0.69611586,""num_orders"":11},{""price"":65176.57,""size"":0.734581,""num_orders"":2},{""price"":65176.5,""size"":1.0,""num_orders"":1},{""price"":65176.0,""size"":0.0322,""num_orders"":1},{""price"":65175.33,""size"":0.01534322,""num_orders"":2},{""price"":65175.01,""size"":0.00537002,""num_orders"":1},{""price"":65174.31,""size"":0.00076714,""num_orders"":1},{""price"":65174.0,""size"":0.0322,""num_orders"":1},{""price"":65173.37,""size"":0.01534465,""num_orders"":1},{""price"":65173.18,""size"":0.19601118,""num_orders"":2}]","[{""price"":65176.65,""size"":0.00646641,""num_orders"":2},{""price"":65177.28,""size"":1.7e-05,""num_orders"":1},{""price"":65177.96,""size"":0.0153426,""num_orders"":2},{""price"":65180.38,""size"":1.7e-07,""num_orders"":1},{""price"":65180.56,""size"":9.589e-05,""num_orders"":1},{""price"":65180.8,""size"":0.00153174,""num_orders"":1},{""price"":65180.99,""size"":1.7e-05,""num_orders"":1},{""price"":65181.03,""size"":8.424e-05,""num_orders"":1},{""price"":65181.54,""size"":0.00805532,""num_orders"":2},{""price"":65181.72,""size"":0.1227338,""num_orders"":1}]"
btc_usd_d10_20260721T000151Z,4,2026-07-21T00:05:51.649003Z,2026-07-21T00:05:51.649142Z,BTC-USD,10,ok,,132977403271,2026-07-21T00:05:50.687670302Z,0.92115197,0.18218151,0.669761657192,65166.139999999999,65166.150000000001,65166.145000000004,0.010000000002,0.001534539139,"[{""price"":65166.14,""size"":0.32320105,""num_orders"":4},{""price"":65166.13,""size"":0.01534874,""num_orders"":1},{""price"":65166.0,""size"":0.0322,""num_orders"":1},{""price"":65165.96,""size"":0.12276346,""num_orders"":1},{""price"":65165.89,""size"":0.08453369,""num_orders"":2},{""price"":65164.51,""size"":0.11510046,""num_orders"":2},{""price"":65164.26,""size"":0.0053709,""num_orders"":1},{""price"":65164.0,""size"":0.0322,""num_orders"":1},{""price"":65163.0,""size"":0.04614816,""num_orders"":1},{""price"":65162.99,""size"":0.14428551,""num_orders"":1}]","[{""price"":65166.15,""size"":1.7e-05,""num_orders"":1},{""price"":65168.38,""size"":0.00568722,""num_orders"":1},{""price"":65168.55,""size"":0.011673,""num_orders"":6},{""price"":65169.86,""size"":7.053e-05,""num_orders"":3},{""price"":65170.52,""size"":9.59e-05,""num_orders"":1},{""price"":65170.54,""size"":0.12275487,""num_orders"":1},{""price"":65171.2,""size"":0.00153174,""num_orders"":1},{""price"":65171.5,""size"":0.00767207,""num_orders"":1},{""price"":65171.71,""size"":0.00047918,""num_orders"":2},{""price"":65172.0,""size"":0.0322,""num_orders"":1}]"
btc_usd_d10_20260721T000151Z,5,2026-07-21T00:06:51.649003Z,2026-07-21T00:06:51.649129Z,BTC-USD,10,ok,,132977455214,2026-07-21T00:06:51.088031054Z,1.79061599,0.05425979,0.941177839085,65161.620000000003,65161.629999999997,65161.625,0.009999999995,0.001534645582,"[{""price"":65161.62,""size"":0.38292166,""num_orders"":3},{""price"":65160.0,""size"":0.0276,""num_orders"":1},{""price"":65158.99,""size"":0.02305955,""num_orders"":1},{""price"":65158.0,""size"":0.0276,""num_orders"":1},{""price"":65157.29,""size"":0.27625455,""num_orders"":2},{""price"":65157.27,""size"":0.186726,""num_orders"":1},{""price"":65157.26,""size"":0.02909803,""num_orders"":1},{""price"":65157.25,""size"":0.77737159,""num_orders"":10},{""price"":65157.24,""size"":0.02998461,""num_orders"":1},{""price"":65157.22,""size"":0.03,""num_orders"":1}]","[{""price"":65161.63,""size"":9.592e-05,""num_orders"":1},{""price"":65162.38,""size"":0.00089749,""num_orders"":6},{""price"":65162.39,""size"":1.3e-07,""num_orders"":1},{""price"":65162.61,""size"":0.00767311,""num_orders"":1},{""price"":65162.71,""size"":0.00882406,""num_orders"":1},{""price"":65163.02,""size"":9.591e-05,""num_orders"":1},{""price"":65164.32,""size"":0.00767291,""num_orders"":1},{""price"":65164.51,""size"":1.3e-07,""num_orders"":1},{""price"":65165.45,""size"":1.3e-07,""num_orders"":1},{""price"":65166.0,""size"":0.029,""num_orders"":1}]"
btc_usd_d10_20260721T000151Z,6,2026-07-21T00:07:51.649003Z,2026-07-21T00:07:51.649134Z,BTC-USD,10,ok,,132977490441,2026-07-21T00:07:51.036765140Z,0.32643092,1.01531804,-0.513424746757,65132.970000000001,65132.980000000003,65132.975000000006,0.010000000002,0.001535320627,"[{""price"":65132.97,""size"":0.12890634,""num_orders"":6},{""price"":65132.77,""size"":0.00021625,""num_orders"":1},{""price"":65132.76,""size"":1.7e-05,""num_orders"":1},{""price"":65131.66,""size"":0.01535352,""num_orders"":2},{""price"":65130.0,""size"":0.01,""num_orders"":1},{""price"":65129.6,""size"":0.00153174,""num_orders"":1},{""price"":65129.05,""size"":1.7e-05,""num_orders"":1},{""price"":65128.1,""size"":0.04614816,""num_orders"":1},{""price"":65128.0,""size"":0.0322,""num_orders"":1},{""price"":65127.03,""size"":0.09204091,""num_orders"":1}]","[{""price"":65132.98,""size"":0.40515335,""num_orders"":7},{""price"":65132.99,""size"":1.3e-07,""num_orders"":1},{""price"":65133.07,""size"":0.04,""num_orders"":1},{""price"":65133.08,""size"":0.12282546,""num_orders"":1},{""price"":65133.97,""size"":0.04,""num_orders"":1},{""price"":65133.98,""size"":0.13204091,""num_orders"":2},{""price"":65133.99,""size"":0.1049224,""num_orders"":1},{""price"":65134.0,""size"":0.0322,""num_orders"":1},{""price"":65134.29,""size"":0.0153529,""num_orders"":2},{""price"":65134.44,""size"":0.12282289,""num_orders"":1}]"
btc_usd_d10_20260721T000151Z,7,2026-07-21T00:08:51.649003Z,2026-07-21T00:08:51.649139Z,BTC-USD,10,ok,,132977521873,2026-07-21T00:08:50.592616399Z,1.47203103,0.41421168,0.560807654493,65136.800000000003,65136.809999999998,65136.805,0.009999999995,0.00153523035,"[{""price"":65136.8,""size"":1.0953,""num_orders"":5},{""price"":65136.29,""size"":0.05229802,""num_orders"":2},{""price"":65136.28,""size"":0.20234245,""num_orders"":4},{""price"":65136.0,""size"":0.1220899,""num_orders"":1},{""price"":65135.93,""size"":1.1e-07,""num_orders"":1},{""price"":65135.92,""size"":1.1e-07,""num_orders"":1},{""price"":65135.89,""size"":1.1e-07,""num_orders"":1},{""price"":65135.88,""size"":1.1e-07,""num_orders"":1},{""price"":65135.87,""size"":1.1e-07,""num_orders"":1},{""price"":65135.84,""size"":1.1e-07,""num_orders"":1}]","[{""price"":65136.81,""size"":0.00171665,""num_orders"":1},{""price"":65137.32,""size"":0.12281747,""num_orders"":1},{""price"":65138.43,""size"":0.00537332,""num_orders"":1},{""price"":65139.0,""size"":2.3e-07,""num_orders"":1},{""price"":65139.2,""size"":0.00153174,""num_orders"":1},{""price"":65139.99,""size"":0.09204091,""num_orders"":1},{""price"":65140.0,""size"":0.0305,""num_orders"":1},{""price"":65140.15,""size"":0.00671668,""num_orders"":1},{""price"":65140.17,""size"":1.3e-07,""num_orders"":1},{""price"":65140.41,""size"":0.15351455,""num_orders"":1}]"
btc_usd_d10_20260721T000151Z,8,2026-07-21T00:09:51.649003Z,2026-07-21T00:09:51.649135Z,BTC-USD,10,ok,,132977559145,2026-07-21T00:09:48.834625950Z,0.29081787,0.58739838,-0.337707836766,65152.489999999998,65152.5,65152.494999999995,0.010000000002,0.001534860638,"[{""price"":65152.49,""size"":0.06079771,""num_orders"":2},{""price"":65151.31,""size"":1.7e-05,""num_orders"":1},{""price"":65150.29,""size"":0.00767456,""num_orders"":1},{""price"":65150.02,""size"":0.09204091,""num_orders"":1},{""price"":65150.01,""size"":0.04614816,""num_orders"":1},{""price"":65150.0,""size"":0.0422,""num_orders"":2},{""price"":65149.52,""size"":0.00035431,""num_orders"":1},{""price"":65149.12,""size"":5.348e-05,""num_orders"":1},{""price"":65148.8,""size"":0.00153174,""num_orders"":1},{""price"":65148.67,""size"":0.04,""num_orders"":1}]","[{""price"":65152.5,""size"":0.06098458,""num_orders"":3},{""price"":65152.77,""size"":0.12278833,""num_orders"":1},{""price"":65152.95,""size"":0.00076743,""num_orders"":1},{""price"":65153.81,""size"":0.0153483,""num_orders"":2},{""price"":65153.99,""size"":0.0192234,""num_orders"":1},{""price"":65154.0,""size"":0.0322,""num_orders"":1},{""price"":65154.13,""size"":0.00537201,""num_orders"":1},{""price"":65154.56,""size"":0.12278495,""num_orders"":1},{""price"":65155.17,""size"":0.09204091,""num_orders"":1},{""price"":65155.18,""size"":0.11588847,""num_orders"":2}]"
btc_usd_d10_20260721T000151Z,9,2026-07-21T00:10:51.649003Z,2026-07-21T00:10:51.649132Z,BTC-USD,10,ok,,132977596055,2026-07-21T00:10:49.545283616Z,2.1707301,0.64647181,0.541053974367,65133.010000000002,65133.019999999997,65133.014999999999,0.009999999995,0.001535319683,"[{""price"":65133.01,""size"":0.00018061,""num_orders"":2},{""price"":65132.99,""size"":1.6e-06,""num_orders"":1},{""price"":65132.76,""size"":1.7e-05,""num_orders"":1},{""price"":65131.49,""size"":1.6e-06,""num_orders"":1},{""price"":65130.01,""size"":0.04614816,""num_orders"":1},{""price"":65130.0,""size"":2.01,""num_orders"":2},{""price"":65129.96,""size"":0.00767696,""num_orders"":1},{""price"":65129.78,""size"":0.09901,""num_orders"":1},{""price"":65129.05,""size"":1.7e-05,""num_orders"":1},{""price"":65128.13,""size"":0.00767717,""num_orders"":1}]","[{""price"":65133.02,""size"":0.0843613,""num_orders"":6},{""price"":65133.28,""size"":0.09735471,""num_orders"":1},{""price"":65133.29,""size"":0.12282505,""num_orders"":1},{""price"":65134.0,""size"":0.0322,""num_orders"":1},{""price"":65134.33,""size"":0.01535288,""num_orders"":2},{""price"":65134.66,""size"":0.00682032,""num_orders"":1},{""price"":65134.82,""size"":0.01699719,""num_orders"":1},{""price"":65134.93,""size"":0.14773842,""num_orders"":2},{""price"":65134.94,""size"":1.3e-07,""num_orders"":1},{""price"":65135.01,""size"":0.12282181,""num_orders"":1}]"
btc_usd_d10_20260721T000151Z,10,2026-07-21T00:11:51.649003Z,2026-07-21T00:11:51.649141Z,BTC-USD,10,ok,,132977631275,2026-07-21T00:11:50.557412451Z,0.31156631,0.43504896,-0.165389933694,65132.279999999999,65132.519999999997,65132.399999999994,0.239999999998,0.03684802034,"[{""price"":65132.28,""size"":0.01211688,""num_orders"":1},{""price"":65130.89,""size"":0.03774996,""num_orders"":1},{""price"":65130.88,""size"":0.0153537,""num_orders"":2},{""price"":65130.57,""size"":0.00537367,""num_orders"":1},{""price"":65130.14,""size"":0.0035883,""num_orders"":1},{""price"":65130.0,""size"":0.0322,""num_orders"":1},{""price"":65128.37,""size"":0.00671709,""num_orders"":1},{""price"":65128.0,""size"":0.0322,""num_orders"":1},{""price"":65127.5,""size"":0.12011855,""num_orders"":1},{""price"":65127.48,""size"":0.04614816,""num_orders"":1}]","[{""price"":65132.52,""size"":0.1528265,""num_orders"":3},{""price"":65132.55,""size"":1.7e-07,""num_orders"":1},{""price"":65133.49,""size"":0.01535533,""num_orders"":1},{""price"":65133.85,""size"":0.015353,""num_orders"":2},{""price"":65133.99,""size"":0.1228661,""num_orders"":2},{""price"":65135.45,""size"":0.01635191,""num_orders"":7},{""price"":65136.0,""size"":0.0322,""num_orders"":1},{""price"":65136.44,""size"":0.04,""num_orders"":1},{""price"":65136.45,""size"":9.595e-05,""num_orders"":1},{""price"":65136.46,""size"":0.04,""num_orders"":1}]"
btc_usd_d10_20260721T000151Z,11,2026-07-21T00:12:51.649003Z,2026-07-21T00:12:51.649130Z,BTC-USD,10,ok,,132977670749,2026-07-21T00:12:50.104125786Z,1.86814145,0.00491046,0.994756728339,65144.980000000003,65144.989999999998,65144.985000000001,0.009999999995,0.001535037577,"[{""price"":65144.98,""size"":1.03303031,""num_orders"":8},{""price"":65144.5,""size"":0.0019927,""num_orders"":1},{""price"":65144.42,""size"":0.34506544,""num_orders"":1},{""price"":65144.41,""size"":0.12280408,""num_orders"":1},{""price"":65144.0,""size"":0.0322,""num_orders"":1},{""price"":65143.52,""size"":0.09204091,""num_orders"":1},{""price"":65143.46,""size"":0.04614816,""num_orders"":1},{""price"":65143.35,""size"":0.07193231,""num_orders"":2},{""price"":65143.33,""size"":0.00012142,""num_orders"":1},{""price"":65143.32,""size"":0.12280612,""num_orders"":1}]","[{""price"":65144.99,""size"":0.00476395,""num_orders"":1},{""price"":65145.0,""size"":2.523e-05,""num_orders"":2},{""price"":65145.01,""size"":1.6e-06,""num_orders"":1},{""price"":65146.49,""size"":1.6e-06,""num_orders"":1},{""price"":65146.5,""size"":2.3e-07,""num_orders"":1},{""price"":65146.51,""size"":1.72e-06,""num_orders"":2},{""price"":65147.6,""size"":1.7e-05,""num_orders"":1},{""price"":65147.99,""size"":1.6e-06,""num_orders"":1},{""price"":65148.01,""size"":1.6e-06,""num_orders"":1},{""price"":65148.9,""size"":9.593e-05,""num_orders"":1}]"
btc_usd_d10_20260721T000151Z,12,2026-07-21T00:13:51.649003Z,2026-07-21T00:13:51.649136Z,BTC-USD,10,ok,,132977720411,2026-07-21T00:13:50.604795385Z,0.00001799,0.58610937,-0.999938614024,65192.120000000003,65192.400000000001,65192.260000000002,0.279999999999,0.042949883928,"[{""price"":65192.12,""size"":1.7e-05,""num_orders"":1},{""price"":65191.44,""size"":1.1e-07,""num_orders"":1},{""price"":65191.43,""size"":1.1e-07,""num_orders"":1},{""price"":65191.42,""size"":1.1e-07,""num_orders"":1},{""price"":65191.41,""size"":1.1e-07,""num_orders"":1},{""price"":65191.4,""size"":1.1e-07,""num_orders"":1},{""price"":65191.39,""size"":1.1e-07,""num_orders"":1},{""price"":65191.38,""size"":1.1e-07,""num_orders"":1},{""price"":65191.37,""size"":1.1e-07,""num_orders"":1},{""price"":65191.34,""size"":1.1e-07,""num_orders"":1}]","[{""price"":65192.4,""size"":0.12271369,""num_orders"":1},{""price"":65192.41,""size"":0.015,""num_orders"":1},{""price"":65194.0,""size"":0.0322,""num_orders"":1},{""price"":65196.0,""size"":0.0322,""num_orders"":1},{""price"":65196.07,""size"":0.15338349,""num_orders"":1},{""price"":65199.05,""size"":0.09204091,""num_orders"":1},{""price"":65199.2,""size"":0.04,""num_orders"":1},{""price"":65199.46,""size"":0.04536836,""num_orders"":2},{""price"":65199.83,""size"":0.02100292,""num_orders"":1},{""price"":65200.0,""size"":0.0322,""num_orders"":1}]"
btc_usd_d10_20260721T000151Z,13,2026-07-21T00:14:51.649003Z,2026-07-21T00:14:51.649154Z,BTC-USD,10,ok,,132977762876,2026-07-21T00:14:49.046961127Z,0.40832918,0.39121412,0.021406045176,65143.889999999999,65143.900000000001,65143.895000000004,0.010000000002,0.001535063263,"[{""price"":65143.89,""size"":0.07437803,""num_orders"":6},{""price"":65143.88,""size"":1.1e-07,""num_orders"":1},{""price"":65142.58,""size"":0.01535094,""num_orders"":2},{""price"":65140.18,""size"":1.7e-05,""num_orders"":1},{""price"":65140.08,""size"":0.15351051,""num_orders"":1},{""price"":65140.07,""size"":0.09204091,""num_orders"":1},{""price"":65140.02,""size"":0.04614816,""num_orders"":1},{""price"":65140.0,""size"":0.01,""num_orders"":1},{""price"":65139.2,""size"":0.00153174,""num_orders"":1},{""price"":65139.0,""size"":0.01535178,""num_orders"":2}]","[{""price"":65143.9,""size"":0.14008606,""num_orders"":10},{""price"":65143.91,""size"":1.3e-07,""num_orders"":1},{""price"":65143.99,""size"":0.04,""num_orders"":1},{""price"":65144.0,""size"":0.0276,""num_orders"":1},{""price"":65144.12,""size"":1.7e-07,""num_orders"":1},{""price"":65144.14,""size"":0.04,""num_orders"":1},{""price"":65144.15,""size"":0.12280459,""num_orders"":1},{""price"":65145.21,""size"":0.01535032,""num_orders"":2},{""price"":65145.53,""size"":0.00537272,""num_orders"":1},{""price"":65145.62,""size"":1.3e-07,""num_orders"":1}]"
btc_usd_d10_20260721T000151Z,14,2026-07-21T00:15:51.649003Z,2026-07-21T00:15:51.649154Z,BTC-USD,10,ok,,132977799616,2026-07-21T00:15:48.623853925Z,0.25223084,0.52479095,-0.350775375295,65121.629999999997,65121.639999999999,65121.634999999995,0.010000000002,0.001535587981,"[{""price"":65121.63,""size"":0.03917981,""num_orders"":3},{""price"":65120.32,""size"":0.01535618,""num_orders"":2},{""price"":65120.0,""size"":0.01,""num_orders"":1},{""price"":65118.37,""size"":0.009,""num_orders"":1},{""price"":65118.04,""size"":0.09204091,""num_orders"":1},{""price"":65118.01,""size"":0.04614816,""num_orders"":1},{""price"":65117.92,""size"":1.7e-05,""num_orders"":1},{""price"":65116.8,""size"":0.00153174,""num_orders"":1},{""price"":65116.75,""size"":0.01535704,""num_orders"":2},{""price"":65116.0,""size"":0.0236,""num_orders"":1}]","[{""price"":65121.64,""size"":0.14717638,""num_orders"":11},{""price"":65121.66,""size"":0.03,""num_orders"":1},{""price"":65122.0,""size"":0.0236,""num_orders"":1},{""price"":65122.14,""size"":0.1228461,""num_orders"":1},{""price"":65122.95,""size"":0.01535556,""num_orders"":2},{""price"":65123.26,""size"":0.12284398,""num_orders"":1},{""price"":65123.27,""size"":0.00537455,""num_orders"":1},{""price"":65123.67,""size"":0.01699719,""num_orders"":1},{""price"":65124.0,""size"":0.0236,""num_orders"":1},{""price"":65124.65,""size"":0.01699719,""num_orders"":1}]"
btc_usd_d10_20260721T000151Z,15,2026-07-21T00:16:51.649003Z,2026-07-21T00:16:51.649140Z,BTC-USD,10,ok,,132977847589,2026-07-21T00:16:50.045839805Z,0.74129037,0.30383595,0.418566073429,65162.980000000003,65162.989999999998,65162.985000000001,0.009999999995,0.001534613553,"[{""price"":65162.98,""size"":0.05429149,""num_orders"":2},{""price"":65162.97,""size"":0.04555598,""num_orders"":1},{""price"":65162.96,""size"":0.04555598,""num_orders"":1},{""price"":65162.95,""size"":0.11102342,""num_orders"":1},{""price"":65162.94,""size"":0.09204091,""num_orders"":1},{""price"":65162.0,""size"":0.04837199,""num_orders"":2},{""price"":65161.38,""size"":0.1227721,""num_orders"":1},{""price"":65160.73,""size"":0.17885155,""num_orders"":2},{""price"":65160.54,""size"":0.01562695,""num_orders"":1},{""price"":65160.0,""size"":0.0272,""num_orders"":1}]","[{""price"":65162.99,""size"":2.3e-07,""num_orders"":1},{""price"":65163.0,""size"":3.4e-07,""num_orders"":1},{""price"":65163.01,""size"":2.3e-07,""num_orders"":1},{""price"":65166.15,""size"":1.7e-05,""num_orders"":1},{""price"":65166.84,""size"":0.12276183,""num_orders"":1},{""price"":65167.49,""size"":1.6e-06,""num_orders"":1},{""price"":65167.5,""size"":2.5e-05,""num_orders"":1},{""price"":65168.0,""size"":0.0272,""num_orders"":1},{""price"":65168.94,""size"":0.00038328,""num_orders"":1},{""price"":65169.32,""size"":0.15344644,""num_orders"":1}]"
btc_usd_d10_20260721T000151Z,16,2026-07-21T00:17:51.649003Z,2026-07-21T00:17:51.649155Z,BTC-USD,10,ok,,132977894660,2026-07-21T00:17:48.836282362Z,1.26599136,0.35047946,0.566364631315,65180.980000000003,65180.989999999998,65180.985000000001,0.009999999995,0.001534189763,"[{""price"":65180.98,""size"":0.57801094,""num_orders"":5},{""price"":65180.85,""size"":0.27403315,""num_orders"":2},{""price"":65180.42,""size"":0.00151366,""num_orders"":1},{""price"":65180.0,""size"":0.0271,""num_orders"":1},{""price"":65179.58,""size"":0.09204091,""num_orders"":1},{""price"":65179.57,""size"":0.12273782,""num_orders"":1},{""price"":65179.22,""size"":0.00536967,""num_orders"":1},{""price"":65178.0,""size"":0.0271,""num_orders"":1},{""price"":65177.75,""size"":0.12274127,""num_orders"":1},{""price"":65177.42,""size"":0.01534394,""num_orders"":1}]","[{""price"":65180.99,""size"":1.7e-05,""num_orders"":1},{""price"":65181.51,""size"":0.00767089,""num_orders"":1},{""price"":65184.0,""size"":0.02863174,""num_orders"":2},{""price"":65184.7,""size"":1.7e-05,""num_orders"":1},{""price"":65184.83,""size"":0.12272795,""num_orders"":1},{""price"":65186.0,""size"":0.0271,""num_orders"":1},{""price"":65186.43,""size"":0.12272494,""num_orders"":1},{""price"":65187.2,""size"":0.00153174,""num_orders"":1},{""price"":65187.65,""size"":5.82e-05,""num_orders"":1},{""price"":65188.04,""size"":0.04,""num_orders"":1}]"
btc_usd_d10_20260721T000151Z,17,2026-07-21T00:18:51.649003Z,2026-07-21T00:18:51.649133Z,BTC-USD,10,ok,,132977943303,2026-07-21T00:18:51.547461545Z,2.96606257,0.28399239,0.825238407661,65219.029999999999,65219.040000000001,65219.035000000003,0.010000000002,0.00153329469,"[{""price"":65219.03,""size"":1.14082526,""num_orders"":5},{""price"":65218.99,""size"":0.0669984,""num_orders"":1},{""price"":65218.61,""size"":0.00037895,""num_orders"":1},{""price"":65218.51,""size"":0.68398728,""num_orders"":1},{""price"":65218.5,""size"":1.0001,""num_orders"":2},{""price"":65218.0,""size"":0.0322,""num_orders"":1},{""price"":65217.73,""size"":0.02081607,""num_orders"":1},{""price"":65217.72,""size"":0.01533326,""num_orders"":2},{""price"":65217.61,""size"":5.682e-05,""num_orders"":1},{""price"":65217.4,""size"":0.00536653,""num_orders"":1}]","[{""price"":65219.04,""size"":1.603e-05,""num_orders"":3},{""price"":65219.05,""size"":1.7e-07,""num_orders"":1},{""price"":65221.72,""size"":0.12265854,""num_orders"":1},{""price"":65221.8,""size"":1.7e-05,""num_orders"":1},{""price"":65221.81,""size"":0.0001082,""num_orders"":1},{""price"":65222.95,""size"":9.583e-05,""num_orders"":1},{""price"":65223.93,""size"":0.0076659,""num_orders"":1},{""price"":65223.96,""size"":0.1533179,""num_orders"":1},{""price"":65224.26,""size"":9.582e-05,""num_orders"":1},{""price"":65225.51,""size"":1.7e-05,""num_orders"":1}]"
btc_usd_d10_20260721T000151Z,18,2026-07-21T00:19:51.649003Z,2026-07-21T00:19:51.649128Z,BTC-USD,10,ok,,132978006869,2026-07-21T00:19:50.046346977Z,2.26363395,0.34936992,0.732591348975,65305.449999999997,65305.459999999999,65305.455000000002,0.010000000002,0.00153126565,"[{""price"":65305.45,""size"":0.22069967,""num_orders"":7},{""price"":65304.15,""size"":0.04,""num_orders"":1},{""price"":65304.14,""size"":0.01531296,""num_orders"":2},{""price"":65304.02,""size"":0.04,""num_orders"":1},{""price"":65304.01,""size"":0.79737355,""num_orders"":1},{""price"":65304.0,""size"":1.0,""num_orders"":1},{""price"":65303.81,""size"":0.00535942,""num_orders"":1},{""price"":65301.61,""size"":0.00669928,""num_orders"":1},{""price"":65301.47,""size"":0.04614816,""num_orders"":1},{""price"":65301.45,""size"":0.09204091,""num_orders"":1}]","[{""price"":65305.46,""size"":6.7e-06,""num_orders"":1},{""price"":65305.51,""size"":3.2e-06,""num_orders"":2},{""price"":65306.0,""size"":0.0322,""num_orders"":1},{""price"":65307.13,""size"":1.7e-05,""num_orders"":1},{""price"":65308.0,""size"":0.03220026,""num_orders"":3},{""price"":65308.1,""size"":0.12249629,""num_orders"":1},{""price"":65308.78,""size"":0.12249502,""num_orders"":1},{""price"":65309.38,""size"":9.57e-05,""num_orders"":1},{""price"":65310.0,""size"":0.0322,""num_orders"":1},{""price"":65310.36,""size"":0.00765575,""num_orders"":1}]"
btc_usd_d10_20260721T000151Z,19,2026-07-21T00:20:51.649003Z,2026-07-21T00:20:51.649126Z,BTC-USD,10,ok,,132978056126,2026-07-21T00:20:48.682380577Z,2.11056984,0.44306702,0.652991365421,65307.580000000002,65307.589999999997,65307.584999999999,0.009999999995,0.001531215707,"[{""price"":65307.58,""size"":0.16887074,""num_orders"":7},{""price"":65307.47,""size"":0.0007656,""num_orders"":1},{""price"":65307.04,""size"":0.71569284,""num_orders"":2},{""price"":65307.03,""size"":0.04614816,""num_orders"":1},{""price"":65307.0,""size"":1.0,""num_orders"":1},{""price"":65306.27,""size"":0.01531246,""num_orders"":2},{""price"":65306.0,""size"":0.0322,""num_orders"":1},{""price"":65305.51,""size"":0.09204091,""num_orders"":1},{""price"":65305.19,""size"":0.01531443,""num_orders"":1},{""price"":65305.12,""size"":0.0242247,""num_orders"":2}]","[{""price"":65307.59,""size"":0.05913194,""num_orders"":3},{""price"":65307.95,""size"":0.12249657,""num_orders"":1},{""price"":65308.9,""size"":0.01531184,""num_orders"":2},{""price"":65309.23,""size"":0.00535925,""num_orders"":1},{""price"":65310.0,""size"":0.0322,""num_orders"":1},{""price"":65311.1,""size"":0.15311333,""num_orders"":1},{""price"":65311.43,""size"":0.00669906,""num_orders"":1},{""price"":65311.51,""size"":9.57e-05,""num_orders"":1},{""price"":65312.0,""size"":0.0322,""num_orders"":1},{""price"":65312.49,""size"":0.01645933,""num_orders"":2}]"
btc_usd_d10_20260721T000151Z,20,2026-07-21T00:21:51.649003Z,2026-07-21T00:21:51.649136Z,BTC-USD,10,ok,,132978124607,2026-07-21T00:21:51.044323409Z,2.75934381,0.20461086,0.861933880386,65317.120000000003,65317.129999999997,65317.125,0.009999999995,0.001530992063,"[{""price"":65317.12,""size"":0.39375961,""num_orders"":4},{""price"":65316.76,""size"":0.04,""num_orders"":1},{""price"":65316.49,""size"":0.12248055,""num_orders"":1},{""price"":65316.04,""size"":0.186726,""num_orders"":1},{""price"":65316.03,""size"":0.03063069,""num_orders"":1},{""price"":65316.02,""size"":0.13818907,""num_orders"":2},{""price"":65316.01,""size"":0.597,""num_orders"":1},{""price"":65316.0,""size"":1.0,""num_orders"":1},{""price"":65313.81,""size"":0.12807231,""num_orders"":1},{""price"":65313.8,""size"":0.12248558,""num_orders"":1}]","[{""price"":65317.13,""size"":0.06538531,""num_orders"":2},{""price"":65317.4,""size"":0.00535868,""num_orders"":1},{""price"":65318.26,""size"":1.7e-05,""num_orders"":1},{""price"":65319.6,""size"":0.00669836,""num_orders"":1},{""price"":65319.74,""size"":0.00880285,""num_orders"":1},{""price"":65321.97,""size"":1.7e-05,""num_orders"":1},{""price"":65322.0,""size"":0.0322,""num_orders"":1},{""price"":65325.26,""size"":0.05391466,""num_orders"":1},{""price"":65325.68,""size"":1.7e-05,""num_orders"":1},{""price"":65326.0,""size"":0.0322,""num_orders"":1}]"
btc_usd_d10_20260721T000151Z,21,2026-07-21T00:22:51.649003Z,2026-07-21T00:22:51.649137Z,BTC-USD,10,ok,,132978173217,2026-07-21T00:22:50.690378533Z,1.15784044,0.3170477,0.570072209002,65292.800000000003,65292.809999999998,65292.805,0.009999999995,0.001531562321,"[{""price"":65292.8,""size"":0.12302264,""num_orders"":4},{""price"":65292.29,""size"":0.00017401,""num_orders"":2},{""price"":65292.27,""size"":0.0005,""num_orders"":1},{""price"":65292.02,""size"":0.09204091,""num_orders"":1},{""price"":65292.01,""size"":0.04,""num_orders"":1},{""price"":65292.0,""size"":0.0322,""num_orders"":1},{""price"":65291.5,""size"":0.04,""num_orders"":1},{""price"":65291.49,""size"":0.01531594,""num_orders"":2},{""price"":65290.69,""size"":0.04,""num_orders"":1},{""price"":65290.68,""size"":0.77458694,""num_orders"":3}]","[{""price"":65292.81,""size"":0.07836759,""num_orders"":5},{""price"":65292.82,""size"":0.03,""num_orders"":1},{""price"":65292.84,""size"":0.03,""num_orders"":1},{""price"":65294.11,""size"":2.6e-07,""num_orders"":2},{""price"":65294.12,""size"":0.01531532,""num_orders"":2},{""price"":65294.45,""size"":0.00536046,""num_orders"":1},{""price"":65294.7,""size"":0.00328274,""num_orders"":1},{""price"":65294.83,""size"":0.1225212,""num_orders"":1},{""price"":65294.89,""size"":1.3e-07,""num_orders"":1},{""price"":65296.0,""size"":0.0322,""num_orders"":1}]"
btc_usd_d10_20260721T000151Z,22,2026-07-21T00:23:51.649003Z,2026-07-21T00:23:51.649137Z,BTC-USD,10,ok,,132978229096,2026-07-21T00:23:50.545310502Z,1.57552455,0.18426112,0.790586861638,65318.25,65318.260000000002,65318.255000000005,0.010000000002,0.001530965578,"[{""price"":65318.25,""size"":0.89186586,""num_orders"":8},{""price"":65316.94,""size"":0.01530996,""num_orders"":2},{""price"":65316.49,""size"":0.12120303,""num_orders"":2},{""price"":65316.48,""size"":0.04614816,""num_orders"":1},{""price"":65316.35,""size"":0.1224808,""num_orders"":1},{""price"":65316.11,""size"":0.09204091,""num_orders"":1},{""price"":65315.2,""size"":0.02296944,""num_orders"":1},{""price"":65313.77,""size"":0.13519072,""num_orders"":1},{""price"":65313.76,""size"":0.12248567,""num_orders"":1},{""price"":65313.69,""size"":0.00583,""num_orders"":1}]","[{""price"":65318.26,""size"":0.00148439,""num_orders"":2},{""price"":65319.57,""size"":0.01530934,""num_orders"":2},{""price"":65321.07,""size"":8.196e-05,""num_orders"":1},{""price"":65321.5,""size"":0.12247116,""num_orders"":1},{""price"":65321.97,""size"":1.7e-05,""num_orders"":1},{""price"":65322.0,""size"":0.0276,""num_orders"":1},{""price"":65322.18,""size"":9.568e-05,""num_orders"":1},{""price"":65322.2,""size"":0.00074482,""num_orders"":1},{""price"":65322.91,""size"":1.3e-07,""num_orders"":1},{""price"":65323.16,""size"":0.01645664,""num_orders"":2}]"
btc_usd_d10_20260721T000151Z,23,2026-07-21T00:24:51.649003Z,2026-07-21T00:24:51.649134Z,BTC-USD,10,ok,,132978277162,2026-07-21T00:24:51.042363664Z,0.11298127,0.49202746,-0.626513587663,65352.010000000002,65352.019999999997,65352.014999999999,0.009999999995,0.0015301747,"[{""price"":65352.01,""size"":0.03560395,""num_orders"":3},{""price"":65351.98,""size"":0.0005,""num_orders"":1},{""price"":65351.17,""size"":0.00076508,""num_orders"":1},{""price"":65350.7,""size"":0.01530206,""num_orders"":2},{""price"":65350.67,""size"":0.0005,""num_orders"":1},{""price"":65350.51,""size"":0.0005,""num_orders"":1},{""price"":65350.4,""size"":0.00153174,""num_orders"":1},{""price"":65350.37,""size"":0.00535561,""num_orders"":1},{""price"":65350.03,""size"":0.03062283,""num_orders"":1},{""price"":65350.0,""size"":0.0223,""num_orders"":1}]","[{""price"":65352.02,""size"":0.31831914,""num_orders"":14},{""price"":65353.33,""size"":0.01530144,""num_orders"":2},{""price"":65353.6,""size"":0.00153174,""num_orders"":1},{""price"":65353.66,""size"":0.00535561,""num_orders"":1},{""price"":65353.72,""size"":0.12241079,""num_orders"":1},{""price"":65355.36,""size"":1.7e-05,""num_orders"":1},{""price"":65355.86,""size"":0.00669451,""num_orders"":1},{""price"":65355.94,""size"":9.563e-05,""num_orders"":1},{""price"":65356.0,""size"":0.0223,""num_orders"":1},{""price"":65356.49,""size"":1.6e-06,""num_orders"":1}]"
btc_usd_d10_20260721T000151Z,24,2026-07-21T00:25:51.649003Z,2026-07-21T00:25:51.649140Z,BTC-USD,10,ok,,132978325383,2026-07-21T00:25:48.843472960Z,0.24641128,0.48609794,-0.327213164634,65364.699999999997,65364.709999999999,65364.705000000002,0.010000000002,0.001529877631,"[{""price"":65364.7,""size"":0.03028063,""num_orders"":2},{""price"":65364.66,""size"":0.0005,""num_orders"":1},{""price"":65364.37,""size"":0.024617,""num_orders"":1},{""price"":65363.39,""size"":0.01529908,""num_orders"":2},{""price"":65363.2,""size"":0.00153174,""num_orders"":1},{""price"":65362.78,""size"":1.7e-05,""num_orders"":1},{""price"":65362.43,""size"":0.01530009,""num_orders"":1},{""price"":65360.8,""size"":0.00072402,""num_orders"":1},{""price"":65360.0,""size"":0.03373174,""num_orders"":3},{""price"":65359.81,""size"":0.12440998,""num_orders"":1}]","[{""price"":65364.71,""size"":0.15817841,""num_orders"":5},{""price"":65364.91,""size"":0.00112028,""num_orders"":1},{""price"":65364.94,""size"":1.3e-07,""num_orders"":1},{""price"":65365.16,""size"":0.10045675,""num_orders"":1},{""price"":65365.17,""size"":0.12238934,""num_orders"":1},{""price"":65365.64,""size"":0.03,""num_orders"":1},{""price"":65365.66,""size"":0.03,""num_orders"":1},{""price"":65366.0,""size"":0.0233,""num_orders"":1},{""price"":65366.02,""size"":0.01529846,""num_orders"":2},{""price"":65366.35,""size"":0.00535457,""num_orders"":1}]"
btc_usd_d10_20260721T000151Z,25,2026-07-21T00:26:51.649003Z,2026-07-21T00:26:51.649104Z,BTC-USD,10,ok,,132978364717,2026-07-21T00:26:48.686822634Z,0.39237546,0.50035985,-0.120959021997,65334.410000000003,65334.419999999998,65334.415000000001,0.009999999995,0.001530586904,"[{""price"":65334.41,""size"":0.04384361,""num_orders"":3},{""price"":65334.18,""size"":0.00023724,""num_orders"":1},{""price"":65333.71,""size"":0.04,""num_orders"":1},{""price"":65333.7,""size"":0.04614816,""num_orders"":1},{""price"":65333.69,""size"":0.09204091,""num_orders"":1},{""price"":65332.77,""size"":0.00535705,""num_orders"":1},{""price"":65332.01,""size"":0.04,""num_orders"":1},{""price"":65332.0,""size"":0.0298,""num_orders"":1},{""price"":65331.56,""size"":0.04,""num_orders"":1},{""price"":65331.55,""size"":0.05494849,""num_orders"":1}]","[{""price"":65334.42,""size"":0.24874941,""num_orders"":7},{""price"":65334.43,""size"":1.3e-07,""num_orders"":1},{""price"":65334.46,""size"":0.00076529,""num_orders"":1},{""price"":65335.19,""size"":1.7e-07,""num_orders"":1},{""price"":65335.49,""size"":1.6e-06,""num_orders"":1},{""price"":65336.01,""size"":0.00617414,""num_orders"":2},{""price"":65336.81,""size"":1.7e-05,""num_orders"":1},{""price"":65337.5,""size"":0.09160053,""num_orders"":1},{""price"":65337.51,""size"":0.15305145,""num_orders"":1},{""price"":65337.52,""size"":1.3e-07,""num_orders"":1}]"
btc_usd_d10_20260721T000151Z,26,2026-07-21T00:27:51.649003Z,2026-07-21T00:27:51.649131Z,BTC-USD,10,ok,,132978403009,2026-07-21T00:27:48.833713705Z,0.32000197,0.43568258,-0.153080554578,65372.370000000003,65372.379999999997,65372.375,0.009999999995,0.001529698132,"[{""price"":65372.37,""size"":0.03,""num_orders"":2},{""price"":65372.12,""size"":0.02347179,""num_orders"":1},{""price"":65370.81,""size"":0.01529734,""num_orders"":2},{""price"":65370.47,""size"":0.00535396,""num_orders"":1},{""price"":65370.0,""size"":0.0322,""num_orders"":1},{""price"":65369.03,""size"":0.04,""num_orders"":1},{""price"":65369.02,""size"":0.09204091,""num_orders"":1},{""price"":65368.89,""size"":0.04,""num_orders"":1},{""price"":65368.88,""size"":0.00163797,""num_orders"":1},{""price"":65368.69,""size"":0.04,""num_orders"":1}]","[{""price"":65372.38,""size"":0.02866506,""num_orders"":2},{""price"":65372.44,""size"":0.12237573,""num_orders"":1},{""price"":65373.44,""size"":0.01529674,""num_orders"":2},{""price"":65373.91,""size"":1.7e-05,""num_orders"":1},{""price"":65374.03,""size"":0.10068181,""num_orders"":1},{""price"":65374.05,""size"":0.12237271,""num_orders"":1},{""price"":65375.97,""size"":0.01251359,""num_orders"":1},{""price"":65375.99,""size"":1.6e-06,""num_orders"":1},{""price"":65376.0,""size"":0.03375674,""num_orders"":3},{""price"":65376.01,""size"":1.6e-06,""num_orders"":1}]"
btc_usd_d10_20260721T000151Z,27,2026-07-21T00:28:51.649003Z,2026-07-21T00:28:51.649129Z,BTC-USD,10,ok,,132978448840,2026-07-21T00:28:51.033724677Z,0.26506141,0.86610356,-0.531347916476,65326.760000000002,65326.769999999997,65326.764999999999,0.009999999995,0.001530766141,"[{""price"":65326.76,""size"":0.0005,""num_orders"":1},{""price"":65325.68,""size"":1.7e-05,""num_orders"":1},{""price"":65325.53,""size"":0.01530796,""num_orders"":2},{""price"":65325.0,""size"":0.01,""num_orders"":1},{""price"":65324.8,""size"":0.00153174,""num_orders"":1},{""price"":65324.01,""size"":0.09204091,""num_orders"":1},{""price"":65323.49,""size"":1.6e-06,""num_orders"":1},{""price"":65323.39,""size"":0.024318,""num_orders"":1},{""price"":65322.55,""size"":0.00010497,""num_orders"":1},{""price"":65322.04,""size"":0.12123923,""num_orders"":1}]","[{""price"":65326.77,""size"":0.47534499,""num_orders"":7},{""price"":65326.79,""size"":0.27885357,""num_orders"":2},{""price"":65326.84,""size"":0.00535767,""num_orders"":1},{""price"":65326.85,""size"":0.10042302,""num_orders"":3},{""price"":65327.1,""size"":4.3e-07,""num_orders"":3},{""price"":65327.11,""size"":2.6e-07,""num_orders"":2},{""price"":65328.0,""size"":3.4e-07,""num_orders"":1},{""price"":65328.01,""size"":2.3e-07,""num_orders"":1},{""price"":65328.2,""size"":0.00076538,""num_orders"":1},{""price"":65328.49,""size"":0.00535767,""num_orders"":1}]"
btc_usd_d10_20260721T000151Z,28,2026-07-21T00:29:51.649003Z,2026-07-21T00:29:51.649133Z,BTC-USD,10,ok,,132978486160,2026-07-21T00:29:50.682324861Z,0.29783452,0.40883519,-0.157075743348,65307.989999999998,65308,65307.994999999995,0.010000000002,0.001531206095,"[{""price"":65307.99,""size"":0.05543327,""num_orders"":4},{""price"":65307.95,""size"":0.0005,""num_orders"":1},{""price"":65307.15,""size"":0.04,""num_orders"":1},{""price"":65307.14,""size"":0.09204091,""num_orders"":1},{""price"":65307.13,""size"":0.02601458,""num_orders"":2},{""price"":65306.99,""size"":1.6e-06,""num_orders"":1},{""price"":65306.72,""size"":0.06699846,""num_orders"":1},{""price"":65306.68,""size"":0.01531236,""num_orders"":2},{""price"":65305.6,""size"":0.00153174,""num_orders"":1},{""price"":65305.51,""size"":1.6e-06,""num_orders"":1}]","[{""price"":65308.0,""size"":0.04110278,""num_orders"":4},{""price"":65308.75,""size"":0.12249509,""num_orders"":1},{""price"":65308.91,""size"":0.0007656,""num_orders"":1},{""price"":65309.31,""size"":0.01531176,""num_orders"":2},{""price"":65309.64,""size"":0.00535922,""num_orders"":1},{""price"":65310.0,""size"":0.0322,""num_orders"":1},{""price"":65311.51,""size"":1.6e-06,""num_orders"":1},{""price"":65311.84,""size"":0.00669902,""num_orders"":1},{""price"":65312.0,""size"":0.0322,""num_orders"":1},{""price"":65312.21,""size"":0.15270012,""num_orders"":1}]"
btc_usd_d10_20260721T000151Z,29,2026-07-21T00:30:51.649003Z,2026-07-21T00:30:51.649130Z,BTC-USD,10,ok,,132978522112,2026-07-21T00:30:50.047539747Z,0.34326345,0.2846646,0.093320962489,65335.5,65335.510000000002,65335.505000000005,0.010000000002,0.00153056137,"[{""price"":65335.5,""size"":0.0653,""num_orders"":2},{""price"":65335.22,""size"":0.0883843,""num_orders"":1},{""price"":65334.22,""size"":0.03318248,""num_orders"":1},{""price"":65334.2,""size"":0.04614816,""num_orders"":1},{""price"":65334.0,""size"":0.0322,""num_orders"":1},{""price"":65333.77,""size"":0.00381677,""num_orders"":1},{""price"":65332.36,""size"":0.0005,""num_orders"":1},{""price"":65332.0,""size"":0.0322,""num_orders"":1},{""price"":65331.2,""size"":0.00153174,""num_orders"":1},{""price"":65331.04,""size"":0.04,""num_orders"":1}]","[{""price"":65335.51,""size"":0.06348741,""num_orders"":4},{""price"":65335.75,""size"":1.7e-07,""num_orders"":1},{""price"":65336.82,""size"":0.0153053,""num_orders"":2},{""price"":65337.15,""size"":0.00535696,""num_orders"":1},{""price"":65337.39,""size"":0.12244137,""num_orders"":1},{""price"":65337.4,""size"":0.00697702,""num_orders"":9},{""price"":65337.63,""size"":1.7e-07,""num_orders"":1},{""price"":65338.0,""size"":0.0322,""num_orders"":1},{""price"":65339.35,""size"":0.0066962,""num_orders"":1},{""price"":65340.0,""size"":0.0322,""num_orders"":1}]"
btc_usd_d10_20260721T000151Z,30,2026-07-21T00:31:51.649003Z,2026-07-21T00:31:51.649131Z,BTC-USD,10,ok,,132978577834,2026-07-21T00:31:50.335900412Z,2.00489532,0.32206375,0.723189157771,65384.120000000003,65384.129999999997,65384.125,0.009999999995,0.001529423235,"[{""price"":65384.12,""size"":0.10425584,""num_orders"":9},{""price"":65384.08,""size"":1.1e-07,""num_orders"":1},{""price"":65384.0,""size"":0.0322,""num_orders"":1},{""price"":65383.56,""size"":0.02,""num_orders"":1},{""price"":65383.55,""size"":0.02296944,""num_orders"":1},{""price"":65383.53,""size"":0.67522746,""num_orders"":2},{""price"":65383.52,""size"":0.09204091,""num_orders"":1},{""price"":65382.48,""size"":0.00535298,""num_orders"":1},{""price"":65382.0,""size"":0.05284858,""num_orders"":2},{""price"":65380.5,""size"":1.0,""num_orders"":1}]","[{""price"":65384.13,""size"":0.0143107,""num_orders"":5},{""price"":65384.14,""size"":0.00012719,""num_orders"":3},{""price"":65384.57,""size"":0.12235302,""num_orders"":1},{""price"":65384.99,""size"":1.6e-06,""num_orders"":1},{""price"":65385.04,""size"":1.7e-05,""num_orders"":1},{""price"":65387.99,""size"":1.6e-06,""num_orders"":1},{""price"":65388.0,""size"":0.032225,""num_orders"":2},{""price"":65388.05,""size"":9.558e-05,""num_orders"":1},{""price"":65388.16,""size"":1.7e-07,""num_orders"":1},{""price"":65388.59,""size"":0.15293189,""num_orders"":1}]"
btc_usd_d10_20260721T000151Z,31,2026-07-21T00:32:51.649003Z,2026-07-21T00:32:51.649131Z,BTC-USD,10,ok,,132978627454,2026-07-21T00:32:49.188522100Z,1.02181247,0.39566612,0.441732492058,65337.169999999998,65337.18,65337.175000000003,0.010000000002,0.001530522249,"[{""price"":65337.17,""size"":0.08077024,""num_orders"":2},{""price"":65336.01,""size"":0.10449546,""num_orders"":2},{""price"":65336.0,""size"":0.0322,""num_orders"":1},{""price"":65335.51,""size"":1.6e-06,""num_orders"":1},{""price"":65335.49,""size"":1.6e-06,""num_orders"":1},{""price"":65335.0,""size"":0.01,""num_orders"":1},{""price"":65334.62,""size"":0.09204091,""num_orders"":1},{""price"":65334.06,""size"":0.00499999,""num_orders"":1},{""price"":65334.01,""size"":0.66510267,""num_orders"":3},{""price"":65334.0,""size"":0.0322,""num_orders"":1}]","[{""price"":65337.18,""size"":0.03006833,""num_orders"":3},{""price"":65338.2,""size"":0.00535683,""num_orders"":1},{""price"":65338.96,""size"":1.7e-07,""num_orders"":1},{""price"":65339.84,""size"":0.00535683,""num_orders"":1},{""price"":65339.98,""size"":0.00550706,""num_orders"":1},{""price"":65339.99,""size"":0.09231692,""num_orders"":1},{""price"":65340.74,""size"":0.02199118,""num_orders"":1},{""price"":65340.95,""size"":0.12243471,""num_orders"":1},{""price"":65340.96,""size"":1.3e-07,""num_orders"":1},{""price"":65341.91,""size"":0.11263396,""num_orders"":2}]"
btc_usd_d10_20260721T000151Z,32,2026-07-21T00:33:51.649003Z,2026-07-21T00:33:51.649129Z,BTC-USD,10,ok,,132978678688,2026-07-21T00:33:49.183620520Z,0.2069178,0.59312875,-0.482735598322,65351.650000000001,65351.660000000003,65351.654999999999,0.010000000002,0.00153018313,"[{""price"":65351.65,""size"":1.675e-05,""num_orders"":1},{""price"":65350.0,""size"":0.01,""num_orders"":1},{""price"":65348.78,""size"":0.0153025,""num_orders"":2},{""price"":65348.0,""size"":0.0322,""num_orders"":1},{""price"":65347.94,""size"":1.7e-05,""num_orders"":1},{""price"":65347.2,""size"":0.00153174,""num_orders"":1},{""price"":65346.75,""size"":0.01530298,""num_orders"":2},{""price"":65346.02,""size"":0.02,""num_orders"":1},{""price"":65346.01,""size"":0.08034683,""num_orders"":1},{""price"":65346.0,""size"":0.0322,""num_orders"":1}]","[{""price"":65351.66,""size"":0.04912391,""num_orders"":4},{""price"":65351.82,""size"":0.00152015,""num_orders"":1},{""price"":65352.02,""size"":0.04,""num_orders"":2},{""price"":65352.03,""size"":0.13533182,""num_orders"":1},{""price"":65352.04,""size"":0.09204091,""num_orders"":1},{""price"":65352.06,""size"":0.12241389,""num_orders"":1},{""price"":65352.97,""size"":0.01530152,""num_orders"":2},{""price"":65353.3,""size"":0.00535564,""num_orders"":1},{""price"":65355.2,""size"":0.04,""num_orders"":1},{""price"":65355.21,""size"":0.09204091,""num_orders"":1}]"
btc_usd_d10_20260721T000151Z,33,2026-07-21T00:34:51.649003Z,2026-07-21T00:34:51.649128Z,BTC-USD,10,ok,,132978721639,2026-07-21T00:34:46.839046751Z,2.28219034,0.19848779,0.839972959329,65370.190000000002,65370.199999999997,65370.195,0.009999999995,0.001529749146,"[{""price"":65370.19,""size"":0.41543303,""num_orders"":6},{""price"":65370.0,""size"":0.0322,""num_orders"":1},{""price"":65369.66,""size"":0.01529755,""num_orders"":1},{""price"":65368.76,""size"":0.00156027,""num_orders"":1},{""price"":65368.56,""size"":0.02,""num_orders"":1},{""price"":65368.55,""size"":0.00535412,""num_orders"":1},{""price"":65368.53,""size"":0.02,""num_orders"":1},{""price"":65368.52,""size"":0.09204091,""num_orders"":1},{""price"":65368.51,""size"":0.68030446,""num_orders"":1},{""price"":65368.5,""size"":1.0,""num_orders"":1}]","[{""price"":65370.2,""size"":0.00604751,""num_orders"":6},{""price"":65371.7,""size"":0.12237712,""num_orders"":1},{""price"":65372.8,""size"":0.00153174,""num_orders"":1},{""price"":65373.05,""size"":0.00059153,""num_orders"":1},{""price"":65373.91,""size"":1.7e-05,""num_orders"":1},{""price"":65374.12,""size"":9.56e-05,""num_orders"":1},{""price"":65374.46,""size"":0.0449979,""num_orders"":2},{""price"":65374.69,""size"":0.00879545,""num_orders"":1},{""price"":65375.0,""size"":0.00638577,""num_orders"":1},{""price"":65375.1,""size"":0.00764817,""num_orders"":1}]"
btc_usd_d10_20260721T000151Z,34,2026-07-21T00:35:51.649003Z,2026-07-21T00:35:51.649127Z,BTC-USD,10,ok,,132978767160,2026-07-21T00:35:50.541171722Z,0.25615629,0.81240689,-0.52055939266,65342.010000000002,65342.019999999997,65342.014999999999,0.009999999995,0.001530408879,"[{""price"":65342.01,""size"":4.034e-05,""num_orders"":1},{""price"":65342.0,""size"":0.0305,""num_orders"":1},{""price"":65340.69,""size"":0.0153044,""num_orders"":2},{""price"":65340.52,""size"":1.7e-05,""num_orders"":1},{""price"":65340.0,""size"":0.0405,""num_orders"":2},{""price"":65338.0,""size"":0.0305,""num_orders"":1},{""price"":65337.81,""size"":0.12244057,""num_orders"":1},{""price"":65337.6,""size"":0.00153174,""num_orders"":1},{""price"":65337.11,""size"":0.01530524,""num_orders"":2},{""price"":65336.81,""size"":1.7e-05,""num_orders"":1}]","[{""price"":65342.02,""size"":0.42198902,""num_orders"":5},{""price"":65342.03,""size"":1.3e-07,""num_orders"":1},{""price"":65342.49,""size"":0.14594827,""num_orders"":1},{""price"":65342.5,""size"":0.09204091,""num_orders"":1},{""price"":65342.58,""size"":0.12243166,""num_orders"":1},{""price"":65343.33,""size"":0.01530378,""num_orders"":2},{""price"":65343.38,""size"":0.00168544,""num_orders"":1},{""price"":65343.66,""size"":0.00535643,""num_orders"":1},{""price"":65343.96,""size"":0.00765112,""num_orders"":1},{""price"":65344.21,""size"":1.3e-07,""num_orders"":1}]"
btc_usd_d10_20260721T000151Z,35,2026-07-21T00:36:51.649003Z,2026-07-21T00:36:51.649126Z,BTC-USD,10,ok,,132978811877,2026-07-21T00:36:50.025490799Z,0.8653502,0.27453196,0.518315191458,65341.629999999997,65341.639999999999,65341.634999999995,0.010000000002,0.001530417781,"[{""price"":65341.63,""size"":0.1239331,""num_orders"":6},{""price"":65340.66,""size"":0.02,""num_orders"":1},{""price"":65340.65,""size"":0.12243525,""num_orders"":1},{""price"":65340.35,""size"":0.04296944,""num_orders"":2},{""price"":65340.34,""size"":0.39900564,""num_orders"":1},{""price"":65340.32,""size"":0.01530448,""num_orders"":2},{""price"":65340.0,""size"":0.029,""num_orders"":1},{""price"":65339.99,""size"":0.00535646,""num_orders"":1},{""price"":65339.4,""size"":0.01530492,""num_orders"":1},{""price"":65338.28,""size"":0.09204091,""num_orders"":1}]","[{""price"":65341.64,""size"":0.0023569,""num_orders"":2},{""price"":65342.95,""size"":0.01530386,""num_orders"":2},{""price"":65342.99,""size"":1.6e-06,""num_orders"":1},{""price"":65344.24,""size"":0.01340121,""num_orders"":5},{""price"":65345.0,""size"":3e-07,""num_orders"":2},{""price"":65345.88,""size"":0.09204091,""num_orders"":1},{""price"":65345.89,""size"":0.12242545,""num_orders"":1},{""price"":65345.99,""size"":1.6e-06,""num_orders"":1},{""price"":65346.0,""size"":0.029,""num_orders"":1},{""price"":65347.02,""size"":1.3e-07,""num_orders"":1}]"
btc_usd_d10_20260721T000151Z,36,2026-07-21T00:37:51.649003Z,2026-07-21T00:37:51.649125Z,BTC-USD,10,ok,,132978851826,2026-07-21T00:37:49.541029648Z,0.8720528,0.38000247,0.392994096818,65381.980000000003,65381.989999999998,65381.985000000001,0.009999999995,0.001529473294,"[{""price"":65381.98,""size"":0.23767861,""num_orders"":6},{""price"":65381.81,""size"":0.19730015,""num_orders"":2},{""price"":65380.34,""size"":0.00535315,""num_orders"":1},{""price"":65380.29,""size"":0.2,""num_orders"":1},{""price"":65380.0,""size"":0.0322,""num_orders"":1},{""price"":65379.08,""size"":0.01529538,""num_orders"":1},{""price"":65378.37,""size"":0.02296944,""num_orders"":1},{""price"":65378.36,""size"":0.12236463,""num_orders"":1},{""price"":65378.14,""size"":0.00669144,""num_orders"":1},{""price"":65378.0,""size"":0.0322,""num_orders"":1}]","[{""price"":65381.99,""size"":0.00938203,""num_orders"":1},{""price"":65382.0,""size"":2.5e-05,""num_orders"":1},{""price"":65382.01,""size"":1.6e-06,""num_orders"":1},{""price"":65383.2,""size"":0.1223556,""num_orders"":1},{""price"":65384.0,""size"":0.0322,""num_orders"":1},{""price"":65384.58,""size"":0.09204091,""num_orders"":1},{""price"":65384.59,""size"":0.122353,""num_orders"":1},{""price"":65385.04,""size"":1.7e-05,""num_orders"":1},{""price"":65385.6,""size"":0.00153174,""num_orders"":1},{""price"":65385.91,""size"":9.559e-05,""num_orders"":1}]"
btc_usd_d10_20260721T000151Z,37,2026-07-21T00:38:51.649003Z,2026-07-21T00:38:51.649126Z,BTC-USD,10,ok,,132978897587,2026-07-21T00:38:50.521384043Z,0.55417308,0.50374957,0.047662756819,65358.040000000001,65358.050000000003,65358.044999999998,0.010000000002,0.001530033526,"[{""price"":65358.04,""size"":0.0189,""num_orders"":1},{""price"":65358.0,""size"":0.0276,""num_orders"":1},{""price"":65356.76,""size"":0.02296944,""num_orders"":1},{""price"":65356.74,""size"":0.01530064,""num_orders"":2},{""price"":65356.0,""size"":0.0276,""num_orders"":1},{""price"":65355.36,""size"":0.01478788,""num_orders"":2},{""price"":65354.04,""size"":0.09204091,""num_orders"":1},{""price"":65354.03,""size"":0.18496034,""num_orders"":1},{""price"":65354.0,""size"":0.0276,""num_orders"":1},{""price"":65352.06,""size"":0.12241387,""num_orders"":1}]","[{""price"":65358.05,""size"":0.12240267,""num_orders"":1},{""price"":65358.54,""size"":0.00535509,""num_orders"":1},{""price"":65358.65,""size"":0.00076501,""num_orders"":1},{""price"":65359.36,""size"":0.01530002,""num_orders"":2},{""price"":65360.2,""size"":0.00535519,""num_orders"":1},{""price"":65360.64,""size"":0.00568729,""num_orders"":1},{""price"":65361.44,""size"":0.02,""num_orders"":1},{""price"":65361.45,""size"":0.14828894,""num_orders"":2},{""price"":65361.46,""size"":0.15299536,""num_orders"":1},{""price"":65362.0,""size"":0.0276,""num_orders"":1}]"
btc_usd_d10_20260721T000151Z,38,2026-07-21T00:39:51.649003Z,2026-07-21T00:39:51.649143Z,BTC-USD,10,ok,,132978935122,2026-07-21T00:39:51.045070908Z,0.70214105,0.05131578,0.863785746026,65403.580000000002,65403.589999999997,65403.584999999999,0.009999999995,0.001528968174,"[{""price"":65403.58,""size"":0.70214006,""num_orders"":10},{""price"":65403.56,""size"":1.1e-07,""num_orders"":1},{""price"":65403.55,""size"":1.1e-07,""num_orders"":1},{""price"":65403.54,""size"":1.1e-07,""num_orders"":1},{""price"":65403.53,""size"":1.1e-07,""num_orders"":1},{""price"":65403.51,""size"":1.1e-07,""num_orders"":1},{""price"":65403.5,""size"":1.1e-07,""num_orders"":1},{""price"":65403.49,""size"":1.1e-07,""num_orders"":1},{""price"":65403.48,""size"":1.1e-07,""num_orders"":1},{""price"":65403.46,""size"":1.1e-07,""num_orders"":1}]","[{""price"":65403.59,""size"":0.00315872,""num_orders"":4},{""price"":65406.39,""size"":0.00053567,""num_orders"":1},{""price"":65407.02,""size"":4.4e-07,""num_orders"":1},{""price"":65407.3,""size"":1.7e-05,""num_orders"":1},{""price"":65407.5,""size"":4.4e-07,""num_orders"":1},{""price"":65407.51,""size"":9.555e-05,""num_orders"":1},{""price"":65408.0,""size"":0.03373174,""num_orders"":2},{""price"":65408.45,""size"":1.7e-07,""num_orders"":1},{""price"":65408.5,""size"":0.01305821,""num_orders"":2},{""price"":65408.97,""size"":0.00071784,""num_orders"":1}]"
btc_usd_d10_20260721T000151Z,39,2026-07-21T00:40:51.649003Z,2026-07-21T00:40:51.649132Z,BTC-USD,10,ok,,132978984684,2026-07-21T00:40:49.598713058Z,0.48144548,0.4401759,0.044779321417,65450.330000000002,65450.339999999997,65450.334999999999,0.009999999995,0.00152787606,"[{""price"":65450.33,""size"":0.11482585,""num_orders"":3},{""price"":65450.32,""size"":0.03,""num_orders"":1},{""price"":65450.3,""size"":0.03,""num_orders"":1},{""price"":65450.0,""size"":0.0305,""num_orders"":1},{""price"":65449.73,""size"":0.02304395,""num_orders"":1},{""price"":65448.56,""size"":0.02,""num_orders"":1},{""price"":65448.55,""size"":0.12586821,""num_orders"":2},{""price"":65448.54,""size"":0.04614816,""num_orders"":1},{""price"":65448.52,""size"":0.03055931,""num_orders"":1},{""price"":65448.0,""size"":0.0305,""num_orders"":1}]","[{""price"":65450.34,""size"":0.03534556,""num_orders"":3},{""price"":65451.98,""size"":0.00534756,""num_orders"":1},{""price"":65453.79,""size"":0.02,""num_orders"":1},{""price"":65453.8,""size"":0.09204091,""num_orders"":1},{""price"":65453.81,""size"":0.09735689,""num_orders"":1},{""price"":65454.0,""size"":0.030525,""num_orders"":2},{""price"":65454.01,""size"":1.6e-06,""num_orders"":1},{""price"":65454.19,""size"":0.00668445,""num_orders"":1},{""price"":65454.26,""size"":0.15277844,""num_orders"":1},{""price"":65454.27,""size"":9.549e-05,""num_orders"":1}]"
btc_usd_d10_20260721T000151Z,40,2026-07-21T00:41:51.649003Z,2026-07-21T00:41:51.649137Z,BTC-USD,10,ok,,132979024524,2026-07-21T00:41:49.535582132Z,2.14863056,0.4759584,0.637308235877,65459.230000000003,65459.239999999998,65459.235000000001,0.009999999995,0.001527668326,"[{""price"":65459.23,""size"":0.05508244,""num_orders"":5},{""price"":65458.78,""size"":0.02,""num_orders"":1},{""price"":65458.77,""size"":0.01527655,""num_orders"":1},{""price"":65458.76,""size"":0.06590163,""num_orders"":1},{""price"":65458.51,""size"":0.83127757,""num_orders"":2},{""price"":65458.5,""size"":1.0,""num_orders"":1},{""price"":65458.27,""size"":0.12221526,""num_orders"":1},{""price"":65458.21,""size"":1.1e-07,""num_orders"":1},{""price"":65458.0,""size"":0.0236,""num_orders"":1},{""price"":65457.92,""size"":0.015277,""num_orders"":2}]","[{""price"":65459.24,""size"":0.05049618,""num_orders"":10},{""price"":65460.55,""size"":0.01527638,""num_orders"":2},{""price"":65461.21,""size"":0.09204091,""num_orders"":1},{""price"":65462.95,""size"":1.7e-05,""num_orders"":1},{""price"":65463.17,""size"":9.547e-05,""num_orders"":1},{""price"":65463.44,""size"":0.12220562,""num_orders"":1},{""price"":65463.64,""size"":0.09204091,""num_orders"":1},{""price"":65464.15,""size"":0.00763777,""num_orders"":1},{""price"":65464.29,""size"":0.04614816,""num_orders"":1},{""price"":65464.3,""size"":0.05,""num_orders"":1}]"
btc_usd_d10_20260721T000151Z,41,2026-07-21T00:42:51.649003Z,2026-07-21T00:42:51.649129Z,BTC-USD,10,ok,,132979080038,2026-07-21T00:42:49.188638526Z,0.11767598,0.71472372,-0.717260878398,65498.349999999999,65499.489999999998,65498.919999999998,1.139999999999,0.174048671337,"[{""price"":65498.35,""size"":0.00053375,""num_orders"":1},{""price"":65498.33,""size"":0.03055931,""num_orders"":1},{""price"":65497.51,""size"":0.03289474,""num_orders"":1},{""price"":65497.05,""size"":0.00534356,""num_orders"":1},{""price"":65496.34,""size"":1.7e-05,""num_orders"":1},{""price"":65496.16,""size"":0.00010566,""num_orders"":1},{""price"":65496.0,""size"":0.0322,""num_orders"":1},{""price"":65495.56,""size"":5.283e-05,""num_orders"":1},{""price"":65495.37,""size"":0.00070157,""num_orders"":1},{""price"":65495.19,""size"":0.01526756,""num_orders"":1}]","[{""price"":65499.49,""size"":0.0189,""num_orders"":1},{""price"":65499.99,""size"":0.12213743,""num_orders"":1},{""price"":65500.0,""size"":0.0322,""num_orders"":1},{""price"":65501.77,""size"":0.09204091,""num_orders"":1},{""price"":65502.0,""size"":0.0322,""num_orders"":1},{""price"":65503.33,""size"":0.15266401,""num_orders"":1},{""price"":65503.5,""size"":2.5e-05,""num_orders"":1},{""price"":65503.99,""size"":0.09204091,""num_orders"":1},{""price"":65504.0,""size"":0.0322,""num_orders"":1},{""price"":65505.22,""size"":0.14031546,""num_orders"":1}]"
btc_usd_d10_20260721T000151Z,42,2026-07-21T00:43:51.649003Z,2026-07-21T00:43:51.649121Z,BTC-USD,10,ok,,132979136121,2026-07-21T00:43:50.680644665Z,0.55595161,0.04806012,0.840863620314,65438.150000000001,65438.160000000003,65438.154999999999,0.010000000002,0.001528160444,"[{""price"":65438.15,""size"":0.06714803,""num_orders"":2},{""price"":65438.01,""size"":0.03376641,""num_orders"":1},{""price"":65438.0,""size"":0.05996641,""num_orders"":2},{""price"":65437.18,""size"":0.03422015,""num_orders"":1},{""price"":65437.17,""size"":0.05165503,""num_orders"":1},{""price"":65436.87,""size"":0.03813669,""num_orders"":1},{""price"":65436.56,""size"":0.03055931,""num_orders"":1},{""price"":65436.55,""size"":0.09204091,""num_orders"":1},{""price"":65436.0,""size"":0.0262,""num_orders"":1},{""price"":65435.03,""size"":0.12225867,""num_orders"":1}]","[{""price"":65438.16,""size"":1.3e-07,""num_orders"":1},{""price"":65439.5,""size"":0.00029898,""num_orders"":2},{""price"":65439.79,""size"":0.0053486,""num_orders"":1},{""price"":65440.69,""size"":1.7e-05,""num_orders"":1},{""price"":65442.0,""size"":0.00668575,""num_orders"":1},{""price"":65443.18,""size"":1.3e-07,""num_orders"":1},{""price"":65443.21,""size"":4.212e-05,""num_orders"":1},{""price"":65444.0,""size"":0.0276,""num_orders"":1},{""price"":65444.4,""size"":1.7e-05,""num_orders"":1},{""price"":65444.41,""size"":0.00805041,""num_orders"":1}]"
btc_usd_d10_20260721T000151Z,43,2026-07-21T00:44:51.649003Z,2026-07-21T00:44:51.649159Z,BTC-USD,10,ok,,132979178466,2026-07-21T00:44:51.047200166Z,0.6313187,0.1552073,0.605334597966,65456.949999999997,65456.959999999999,65456.955000000002,0.010000000002,0.001527721539,"[{""price"":65456.95,""size"":0.14206783,""num_orders"":6},{""price"":65456.02,""size"":0.23469818,""num_orders"":1},{""price"":65456.01,""size"":0.09204091,""num_orders"":1},{""price"":65456.0,""size"":0.0248,""num_orders"":1},{""price"":65455.66,""size"":0.00024474,""num_orders"":1},{""price"":65455.31,""size"":0.00534702,""num_orders"":1},{""price"":65454.32,""size"":0.01527897,""num_orders"":1},{""price"":65454.03,""size"":0.09204091,""num_orders"":1},{""price"":65454.0,""size"":0.0248,""num_orders"":1},{""price"":65453.26,""size"":1.4e-07,""num_orders"":1}]","[{""price"":65456.96,""size"":0.00018165,""num_orders"":1},{""price"":65457.98,""size"":1.3e-07,""num_orders"":1},{""price"":65458.6,""size"":0.00534702,""num_orders"":1},{""price"":65458.65,""size"":0.00076388,""num_orders"":1},{""price"":65459.96,""size"":0.12221211,""num_orders"":1},{""price"":65460.81,""size"":0.00668378,""num_orders"":1},{""price"":65461.34,""size"":1.3e-07,""num_orders"":1},{""price"":65461.49,""size"":1.6e-06,""num_orders"":1},{""price"":65462.95,""size"":1.7e-05,""num_orders"":1},{""price"":65463.41,""size"":0.02,""num_orders"":1}]"
btc_usd_d10_20260721T000151Z,44,2026-07-21T00:45:51.649003Z,2026-07-21T00:45:51.649132Z,BTC-USD,10,ok,,132979222460,2026-07-21T00:45:50.680820859Z,0.76632351,0.48504054,0.224781085888,65442,65442.010000000002,65442.005000000005,0.010000000002,0.001528070542,"[{""price"":65442.0,""size"":0.34004411,""num_orders"":6},{""price"":65440.69,""size"":0.01529802,""num_orders"":3},{""price"":65440.19,""size"":0.08096596,""num_orders"":1},{""price"":65440.0,""size"":0.0276,""num_orders"":1},{""price"":65439.96,""size"":0.0007,""num_orders"":1},{""price"":65439.49,""size"":0.01528047,""num_orders"":1},{""price"":65439.4,""size"":0.09204091,""num_orders"":1},{""price"":65438.9,""size"":0.06714236,""num_orders"":1},{""price"":65438.76,""size"":0.1222517,""num_orders"":1},{""price"":65438.42,""size"":0.00499998,""num_orders"":1}]","[{""price"":65442.01,""size"":0.00215998,""num_orders"":1},{""price"":65443.32,""size"":0.0152804,""num_orders"":2},{""price"":65443.65,""size"":0.00534824,""num_orders"":1},{""price"":65443.84,""size"":0.12224222,""num_orders"":1},{""price"":65444.83,""size"":0.00076403,""num_orders"":1},{""price"":65445.64,""size"":0.12223886,""num_orders"":1},{""price"":65445.86,""size"":0.0066853,""num_orders"":1},{""price"":65449.28,""size"":0.11305902,""num_orders"":1},{""price"":65449.29,""size"":0.09204091,""num_orders"":1},{""price"":65450.01,""size"":0.00522158,""num_orders"":2}]"
btc_usd_d10_20260721T000151Z,45,2026-07-21T00:46:51.649003Z,2026-07-21T00:46:51.649150Z,BTC-USD,10,ok,,132979259510,2026-07-21T00:46:48.542483371Z,0.51762641,0.19079456,0.46135259096,65480.980000000003,65480.989999999998,65480.985000000001,0.009999999995,0.001527160899,"[{""price"":65480.98,""size"":0.04908924,""num_orders"":3},{""price"":65480.03,""size"":0.09167065,""num_orders"":2},{""price"":65480.0,""size"":0.0322,""num_orders"":1},{""price"":65479.99,""size"":0.01771118,""num_orders"":2},{""price"":65479.67,""size"":0.01527192,""num_orders"":2},{""price"":65479.34,""size"":0.00534506,""num_orders"":1},{""price"":65478.83,""size"":0.09204091,""num_orders"":1},{""price"":65478.01,""size"":0.16682497,""num_orders"":2},{""price"":65478.0,""size"":0.0322,""num_orders"":1},{""price"":65477.75,""size"":0.01527248,""num_orders"":1}]","[{""price"":65480.99,""size"":0.05318555,""num_orders"":10},{""price"":65481.5,""size"":1.7e-05,""num_orders"":1},{""price"":65481.59,""size"":1.3e-07,""num_orders"":1},{""price"":65482.3,""size"":0.0152713,""num_orders"":2},{""price"":65482.5,""size"":5e-05,""num_orders"":2},{""price"":65482.51,""size"":1.6e-06,""num_orders"":1},{""price"":65483.0,""size"":1.57e-06,""num_orders"":1},{""price"":65483.19,""size"":0.12216877,""num_orders"":1},{""price"":65483.99,""size"":3.2e-06,""num_orders"":2},{""price"":65484.92,""size"":9.544e-05,""num_orders"":1}]"
btc_usd_d10_20260721T000151Z,46,2026-07-21T00:47:51.649003Z,2026-07-21T00:47:51.649135Z,BTC-USD,10,ok,,132979306622,2026-07-21T00:47:49.659694851Z,0.43644764,0.43568307,0.000876669049,65448.300000000003,65448.309999999998,65448.305,0.009999999995,0.00152792345,"[{""price"":65448.3,""size"":0.11023164,""num_orders"":4},{""price"":65448.11,""size"":1.1e-07,""num_orders"":1},{""price"":65448.01,""size"":0.11259482,""num_orders"":2},{""price"":65448.0,""size"":0.0249,""num_orders"":1},{""price"":65446.46,""size"":5.139e-05,""num_orders"":1},{""price"":65446.4,""size"":0.00153174,""num_orders"":1},{""price"":65446.2,""size"":0.02,""num_orders"":1},{""price"":65446.12,""size"":0.12223794,""num_orders"":1},{""price"":65446.0,""size"":0.0249,""num_orders"":1},{""price"":65445.56,""size"":0.02,""num_orders"":1}]","[{""price"":65448.31,""size"":0.01572531,""num_orders"":2},{""price"":65449.54,""size"":0.0004379,""num_orders"":4},{""price"":65449.95,""size"":0.00534773,""num_orders"":1},{""price"":65451.4,""size"":0.00109288,""num_orders"":1},{""price"":65452.0,""size"":0.0249,""num_orders"":1},{""price"":65452.16,""size"":0.00668467,""num_orders"":1},{""price"":65452.46,""size"":0.01527835,""num_orders"":1},{""price"":65452.69,""size"":0.12222569,""num_orders"":1},{""price"":65453.35,""size"":0.09120999,""num_orders"":1},{""price"":65453.36,""size"":0.15278055,""num_orders"":1}]"
btc_usd_d10_20260721T000151Z,47,2026-07-21T00:48:51.649003Z,2026-07-21T00:48:51.649131Z,BTC-USD,10,ok,,132979354831,2026-07-21T00:48:51.039275264Z,1.72861153,0.23873535,0.757302230301,65488.910000000003,65488.919999999998,65488.915000000001,0.009999999995,0.001526975977,"[{""price"":65488.91,""size"":0.03681466,""num_orders"":3},{""price"":65487.6,""size"":0.01527006,""num_orders"":2},{""price"":65487.27,""size"":0.00534441,""num_orders"":1},{""price"":65486.12,""size"":0.00076348,""num_orders"":1},{""price"":65486.0,""size"":0.0322,""num_orders"":1},{""price"":65485.51,""size"":0.6124087,""num_orders"":1},{""price"":65485.5,""size"":1.0,""num_orders"":1},{""price"":65485.12,""size"":0.00026693,""num_orders"":1},{""price"":65485.06,""size"":0.00668051,""num_orders"":1},{""price"":65485.02,""size"":0.01886278,""num_orders"":1}]","[{""price"":65488.92,""size"":0.0206958,""num_orders"":5},{""price"":65488.93,""size"":0.12215806,""num_orders"":1},{""price"":65489.99,""size"":0.02835675,""num_orders"":2},{""price"":65490.0,""size"":0.032225,""num_orders"":2},{""price"":65490.01,""size"":1.72e-06,""num_orders"":2},{""price"":65490.23,""size"":0.01526946,""num_orders"":2},{""price"":65491.49,""size"":0.0200016,""num_orders"":2},{""price"":65491.5,""size"":2.523e-05,""num_orders"":2},{""price"":65491.51,""size"":1.6e-06,""num_orders"":1},{""price"":65491.54,""size"":1.3e-07,""num_orders"":1}]"
btc_usd_d10_20260721T000151Z,48,2026-07-21T00:49:51.649003Z,2026-07-21T00:49:51.649147Z,BTC-USD,10,ok,,132979390412,2026-07-21T00:49:48.540492681Z,2.20604536,0.44636057,0.663429669681,65478.029999999999,65478.040000000001,65478.035000000003,0.010000000002,0.001527229704,"[{""price"":65478.03,""size"":0.47106426,""num_orders"":10},{""price"":65478.01,""size"":0.67607718,""num_orders"":2},{""price"":65478.0,""size"":1.0322,""num_orders"":2},{""price"":65477.9,""size"":0.02668637,""num_orders"":1},{""price"":65477.79,""size"":1.7e-05,""num_orders"":1},{""price"":65477.74,""size"":1.1e-07,""num_orders"":1},{""price"":65477.73,""size"":1.1e-07,""num_orders"":1},{""price"":65477.72,""size"":1.1e-07,""num_orders"":1},{""price"":65477.71,""size"":1.1e-07,""num_orders"":1},{""price"":65477.7,""size"":1.1e-07,""num_orders"":1}]","[{""price"":65478.04,""size"":0.04121406,""num_orders"":6},{""price"":65479.35,""size"":0.015272,""num_orders"":2},{""price"":65479.52,""size"":0.00845584,""num_orders"":1},{""price"":65479.68,""size"":0.0053453,""num_orders"":1},{""price"":65479.91,""size"":0.00093416,""num_orders"":1},{""price"":65479.97,""size"":0.12217477,""num_orders"":1},{""price"":65481.6,""size"":0.00153174,""num_orders"":1},{""price"":65481.89,""size"":0.00668162,""num_orders"":1},{""price"":65483.51,""size"":0.09204091,""num_orders"":1},{""price"":65483.52,""size"":0.15271017,""num_orders"":1}]"
btc_usd_d10_20260721T000151Z,49,2026-07-21T00:50:51.649003Z,2026-07-21T00:50:51.649125Z,BTC-USD,10,ok,,132979434460,2026-07-21T00:50:49.188246853Z,2.37773605,0.14326028,0.886346300234,65496.980000000003,65496.989999999998,65496.985000000001,0.009999999995,0.001526787835,"[{""price"":65496.98,""size"":0.12361188,""num_orders"":5},{""price"":65496.3,""size"":0.00126322,""num_orders"":1},{""price"":65496.04,""size"":0.02,""num_orders"":1},{""price"":65496.03,""size"":0.67317535,""num_orders"":2},{""price"":65496.02,""size"":0.09204091,""num_orders"":1},{""price"":65496.0,""size"":1.0322,""num_orders"":2},{""price"":65495.67,""size"":0.01526818,""num_orders"":2},{""price"":65495.34,""size"":0.00534375,""num_orders"":1},{""price"":65494.91,""size"":0.12214688,""num_orders"":1},{""price"":65494.51,""size"":0.29268588,""num_orders"":1}]","[{""price"":65496.99,""size"":0.0058534,""num_orders"":7},{""price"":65497.07,""size"":1.3e-07,""num_orders"":1},{""price"":65497.5,""size"":2.3e-07,""num_orders"":1},{""price"":65497.51,""size"":1.2e-07,""num_orders"":1},{""price"":65498.19,""size"":6.1e-07,""num_orders"":2},{""price"":65498.3,""size"":0.01526758,""num_orders"":2},{""price"":65498.81,""size"":1.3e-07,""num_orders"":1},{""price"":65498.99,""size"":1.2e-07,""num_orders"":1},{""price"":65499.64,""size"":2.6e-07,""num_orders"":2},{""price"":65499.84,""size"":0.1221377,""num_orders"":1}]"
btc_usd_d10_20260721T000151Z,50,2026-07-21T00:51:51.649003Z,2026-07-21T00:51:51.649130Z,BTC-USD,10,ok,,132979463658,2026-07-21T00:51:49.000000686Z,1.40652458,0.6835275,0.345922997287,65499.139999999999,65499.150000000001,65499.145000000004,0.010000000002,0.001526737487,"[{""price"":65499.14,""size"":0.04572704,""num_orders"":3},{""price"":65499.0,""size"":1.0,""num_orders"":1},{""price"":65498.0,""size"":0.0322,""num_orders"":1},{""price"":65497.83,""size"":0.01526768,""num_orders"":2},{""price"":65497.5,""size"":0.00534358,""num_orders"":1},{""price"":65496.03,""size"":0.04614816,""num_orders"":1},{""price"":65496.0,""size"":0.0322,""num_orders"":1},{""price"":65495.68,""size"":0.00076336,""num_orders"":1},{""price"":65495.29,""size"":0.00667947,""num_orders"":1},{""price"":65494.55,""size"":0.22219529,""num_orders"":1}]","[{""price"":65499.15,""size"":0.13398373,""num_orders"":8},{""price"":65500.05,""size"":1.7e-05,""num_orders"":1},{""price"":65500.46,""size"":0.01526706,""num_orders"":2},{""price"":65500.8,""size"":0.00153174,""num_orders"":1},{""price"":65500.81,""size"":0.0053437,""num_orders"":1},{""price"":65501.79,""size"":0.02,""num_orders"":1},{""price"":65501.8,""size"":0.23047583,""num_orders"":1},{""price"":65501.81,""size"":0.09204091,""num_orders"":1},{""price"":65501.82,""size"":0.15266753,""num_orders"":1},{""price"":65502.0,""size"":0.0322,""num_orders"":1}]"
btc_usd_d10_20260721T000151Z,51,2026-07-21T00:52:51.649003Z,2026-07-21T00:52:51.649116Z,BTC-USD,10,ok,,132979510188,2026-07-21T00:52:47.844245996Z,2.98840865,0.49543544,0.715581164254,65466.690000000002,65466.699999999997,65466.695,0.009999999995,0.001527494246,"[{""price"":65466.69,""size"":1.09953982,""num_orders"":5},{""price"":65466.66,""size"":4.994e-05,""num_orders"":2},{""price"":65466.0,""size"":0.02697204,""num_orders"":1},{""price"":65465.38,""size"":0.01527524,""num_orders"":2},{""price"":65465.0,""size"":0.01,""num_orders"":1},{""price"":65464.53,""size"":0.04614816,""num_orders"":1},{""price"":65464.51,""size"":0.78537087,""num_orders"":2},{""price"":65464.5,""size"":1.0,""num_orders"":1},{""price"":65464.41,""size"":0.00499997,""num_orders"":1},{""price"":65464.16,""size"":5.261e-05,""num_orders"":1}]","[{""price"":65466.7,""size"":0.03491216,""num_orders"":4},{""price"":65466.74,""size"":0.12219946,""num_orders"":1},{""price"":65467.16,""size"":0.00076374,""num_orders"":1},{""price"":65467.36,""size"":4.4e-07,""num_orders"":1},{""price"":65468.01,""size"":0.01530519,""num_orders"":3},{""price"":65468.34,""size"":0.00534622,""num_orders"":1},{""price"":65469.47,""size"":0.02,""num_orders"":1},{""price"":65469.48,""size"":0.13748253,""num_orders"":1},{""price"":65469.49,""size"":0.15274292,""num_orders"":1},{""price"":65470.55,""size"":0.00668278,""num_orders"":1}]"
btc_usd_d10_20260721T000151Z,52,2026-07-21T00:53:51.649003Z,2026-07-21T00:53:51.649096Z,BTC-USD,10,ok,,132979542992,2026-07-21T00:53:51.169944773Z,2.27239738,0.50887731,0.634069003087,65471.010000000002,65471.019999999997,65471.014999999999,0.009999999995,0.001527393457,"[{""price"":65471.01,""size"":1.2252942,""num_orders"":7},{""price"":65471.0,""size"":0.00759114,""num_orders"":1},{""price"":65470.63,""size"":1.1e-07,""num_orders"":1},{""price"":65470.61,""size"":1.1e-07,""num_orders"":1},{""price"":65470.6,""size"":1.1e-07,""num_orders"":1},{""price"":65470.41,""size"":0.0001787,""num_orders"":1},{""price"":65470.0,""size"":0.0187129,""num_orders"":1},{""price"":65469.7,""size"":0.01527424,""num_orders"":2},{""price"":65469.37,""size"":0.00534587,""num_orders"":1},{""price"":65469.0,""size"":1.0,""num_orders"":1}]","[{""price"":65471.02,""size"":0.06224685,""num_orders"":8},{""price"":65471.07,""size"":0.12219138,""num_orders"":1},{""price"":65472.0,""size"":0.00153174,""num_orders"":1},{""price"":65472.03,""size"":0.00605452,""num_orders"":4},{""price"":65472.33,""size"":0.01527362,""num_orders"":2},{""price"":65472.66,""size"":0.00534587,""num_orders"":1},{""price"":65472.78,""size"":0.00076369,""num_orders"":1},{""price"":65474.69,""size"":0.18342873,""num_orders"":2},{""price"":65474.7,""size"":0.09204091,""num_orders"":1},{""price"":65474.71,""size"":0.02,""num_orders"":1}]"
btc_usd_d10_20260721T000151Z,53,2026-07-21T00:54:51.649003Z,2026-07-21T00:54:51.649132Z,BTC-USD,10,ok,,132979583199,2026-07-21T00:54:50.027389451Z,0.16951873,0.2900265,-0.262232664236,65458.489999999998,65458.5,65458.494999999995,0.010000000002,0.001527685597,"[{""price"":65458.49,""size"":0.03,""num_orders"":2},{""price"":65458.0,""size"":0.0322,""num_orders"":1},{""price"":65457.96,""size"":1.1e-07,""num_orders"":1},{""price"":65457.95,""size"":1.1e-07,""num_orders"":1},{""price"":65457.94,""size"":1.1e-07,""num_orders"":1},{""price"":65457.91,""size"":1.1e-07,""num_orders"":1},{""price"":65457.9,""size"":1.1e-07,""num_orders"":1},{""price"":65457.89,""size"":1.1e-07,""num_orders"":1},{""price"":65457.18,""size"":0.01527716,""num_orders"":2},{""price"":65457.01,""size"":0.09204091,""num_orders"":1}]","[{""price"":65458.5,""size"":0.12756174,""num_orders"":2},{""price"":65458.51,""size"":1.6e-06,""num_orders"":1},{""price"":65459.81,""size"":0.01527654,""num_orders"":2},{""price"":65459.99,""size"":1.6e-06,""num_orders"":1},{""price"":65460.12,""size"":0.12221181,""num_orders"":1},{""price"":65460.13,""size"":2.6e-07,""num_orders"":2},{""price"":65460.14,""size"":0.00534691,""num_orders"":1},{""price"":65460.65,""size"":0.01900001,""num_orders"":1},{""price"":65461.33,""size"":0.0006256,""num_orders"":6},{""price"":65461.34,""size"":4.3e-07,""num_orders"":3}]"
btc_usd_d10_20260721T000151Z,54,2026-07-21T00:55:51.649003Z,2026-07-21T00:55:51.649126Z,BTC-USD,10,ok,,132979627904,2026-07-21T00:55:50.188964099Z,0.13402519,0.20428459,-0.207677708874,65466.660000000003,65466.669999999998,65466.665000000001,0.009999999995,0.001527494946,"[{""price"":65466.66,""size"":0.02135861,""num_orders"":3},{""price"":65466.37,""size"":0.02173501,""num_orders"":2},{""price"":65465.77,""size"":5.403e-05,""num_orders"":1},{""price"":65465.6,""size"":0.00153174,""num_orders"":1},{""price"":65465.35,""size"":0.01527526,""num_orders"":2},{""price"":65465.03,""size"":0.03076665,""num_orders"":1},{""price"":65465.02,""size"":0.00534623,""num_orders"":1},{""price"":65465.0,""size"":0.01,""num_orders"":1},{""price"":65464.24,""size"":0.00035766,""num_orders"":1},{""price"":65464.0,""size"":0.0276,""num_orders"":1}]","[{""price"":65466.67,""size"":0.02051902,""num_orders"":3},{""price"":65466.73,""size"":0.00076374,""num_orders"":1},{""price"":65467.88,""size"":0.12219734,""num_orders"":1},{""price"":65467.97,""size"":0.02,""num_orders"":1},{""price"":65467.98,""size"":0.01527464,""num_orders"":2},{""price"":65468.04,""size"":0.00018261,""num_orders"":1},{""price"":65468.31,""size"":0.00534623,""num_orders"":1},{""price"":65468.54,""size"":0.02000044,""num_orders"":2},{""price"":65468.55,""size"":4.4e-07,""num_orders"":1},{""price"":65468.56,""size"":1.3e-07,""num_orders"":1}]"
btc_usd_d10_20260721T000151Z,55,2026-07-21T00:56:51.649003Z,2026-07-21T00:56:51.649126Z,BTC-USD,10,ok,,132979663568,2026-07-21T00:56:50.845497061Z,0.56550341,0.44068471,0.124051057172,65511.559999999998,65511.57,65511.565000000002,0.010000000002,0.00152644804,"[{""price"":65511.56,""size"":0.27795517,""num_orders"":6},{""price"":65510.83,""size"":0.02038314,""num_orders"":1},{""price"":65510.0,""size"":0.0288,""num_orders"":1},{""price"":65509.92,""size"":0.00534256,""num_orders"":1},{""price"":65508.04,""size"":0.12733036,""num_orders"":1},{""price"":65508.02,""size"":0.04614816,""num_orders"":1},{""price"":65508.0,""size"":0.0288,""num_orders"":1},{""price"":65507.46,""size"":0.022534,""num_orders"":1},{""price"":65507.2,""size"":0.00153174,""num_orders"":1},{""price"":65506.98,""size"":0.00667828,""num_orders"":1}]","[{""price"":65511.57,""size"":0.12211583,""num_orders"":1},{""price"":65512.98,""size"":0.1221132,""num_orders"":1},{""price"":65513.98,""size"":0.09204091,""num_orders"":1},{""price"":65513.99,""size"":0.0026044,""num_orders"":3},{""price"":65514.0,""size"":0.02880026,""num_orders"":3},{""price"":65514.3,""size"":0.05,""num_orders"":1},{""price"":65514.77,""size"":9.54e-05,""num_orders"":1},{""price"":65514.89,""size"":1.7e-05,""num_orders"":1},{""price"":65515.75,""size"":0.00763175,""num_orders"":1},{""price"":65515.87,""size"":0.01526596,""num_orders"":1}]"
btc_usd_d10_20260721T000151Z,56,2026-07-21T00:57:51.649003Z,2026-07-21T00:57:51.649129Z,BTC-USD,10,ok,,132979700232,2026-07-21T00:57:49.345083891Z,2.95179427,0.19428641,0.876489874379,65521.870000000003,65521.879999999997,65521.875,0.009999999995,0.00152620785,"[{""price"":65521.87,""size"":0.74924674,""num_orders"":6},{""price"":65521.68,""size"":0.89253757,""num_orders"":2},{""price"":65521.5,""size"":1.0,""num_orders"":1},{""price"":65521.16,""size"":0.03,""num_orders"":1},{""price"":65521.14,""size"":0.03,""num_orders"":1},{""price"":65520.55,""size"":0.01526238,""num_orders"":2},{""price"":65520.04,""size"":0.00534174,""num_orders"":1},{""price"":65519.57,""size"":0.01526319,""num_orders"":1},{""price"":65519.14,""size"":0.09204091,""num_orders"":1},{""price"":65519.12,""size"":0.12210174,""num_orders"":1}]","[{""price"":65521.88,""size"":1.3e-07,""num_orders"":1},{""price"":65522.31,""size"":1.7e-05,""num_orders"":1},{""price"":65523.33,""size"":0.00884144,""num_orders"":2},{""price"":65524.59,""size"":0.01526144,""num_orders"":2},{""price"":65524.65,""size"":1.3e-07,""num_orders"":1},{""price"":65526.02,""size"":1.7e-05,""num_orders"":1},{""price"":65526.4,""size"":0.00153174,""num_orders"":1},{""price"":65527.53,""size"":0.12208609,""num_orders"":1},{""price"":65527.66,""size"":0.00038328,""num_orders"":1},{""price"":65527.96,""size"":0.04614816,""num_orders"":1}]"
btc_usd_d10_20260721T000151Z,57,2026-07-21T00:58:51.649003Z,2026-07-21T00:58:51.649132Z,BTC-USD,10,ok,,132979744998,2026-07-21T00:58:49.189368621Z,0.38851786,0.40692265,-0.023137858543,65538.470000000001,65538.479999999996,65538.475000000006,0.009999999995,0.001525821282,"[{""price"":65538.47,""size"":0.022216,""num_orders"":1},{""price"":65537.81,""size"":0.0024845,""num_orders"":1},{""price"":65537.31,""size"":0.01525848,""num_orders"":2},{""price"":65536.29,""size"":0.08628589,""num_orders"":1},{""price"":65536.28,""size"":0.09204091,""num_orders"":1},{""price"":65536.07,""size"":0.01525943,""num_orders"":1},{""price"":65536.0,""size"":0.02723174,""num_orders"":2},{""price"":65535.0,""size"":0.01,""num_orders"":1},{""price"":65534.26,""size"":0.09204091,""num_orders"":1},{""price"":65534.0,""size"":0.0257,""num_orders"":1}]","[{""price"":65538.48,""size"":0.05351526,""num_orders"":3},{""price"":65539.14,""size"":0.12206446,""num_orders"":1},{""price"":65539.96,""size"":0.01525786,""num_orders"":2},{""price"":65540.0,""size"":0.0257,""num_orders"":1},{""price"":65540.02,""size"":1.3e-07,""num_orders"":1},{""price"":65540.28,""size"":0.00534036,""num_orders"":1},{""price"":65542.0,""size"":0.0257,""num_orders"":1},{""price"":65542.07,""size"":0.15257377,""num_orders"":1},{""price"":65542.41,""size"":9.536e-05,""num_orders"":1},{""price"":65542.49,""size"":0.00667545,""num_orders"":1}]"
btc_usd_d10_20260721T000151Z,58,2026-07-21T00:59:51.649003Z,2026-07-21T00:59:51.649125Z,BTC-USD,10,ok,,132979774182,2026-07-21T00:59:48.825065360Z,0.63818589,0.27242763,0.401661354644,65532.970000000001,65532.980000000003,65532.975000000006,0.010000000002,0.001525949341,"[{""price"":65532.97,""size"":0.25783528,""num_orders"":7},{""price"":65532.96,""size"":1.1e-07,""num_orders"":1},{""price"":65532.95,""size"":1.1e-07,""num_orders"":1},{""price"":65532.01,""size"":0.02308642,""num_orders"":1},{""price"":65532.0,""size"":0.0257,""num_orders"":1},{""price"":65531.65,""size"":0.0152598,""num_orders"":2},{""price"":65531.33,""size"":0.00534082,""num_orders"":1},{""price"":65530.77,""size"":0.19613444,""num_orders"":1},{""price"":65530.76,""size"":0.022788,""num_orders"":1},{""price"":65530.36,""size"":0.09204091,""num_orders"":1}]","[{""price"":65532.98,""size"":0.12798554,""num_orders"":3},{""price"":65532.99,""size"":1.7e-07,""num_orders"":1},{""price"":65533.44,""size"":1.7e-05,""num_orders"":1},{""price"":65534.3,""size"":0.01525918,""num_orders"":2},{""price"":65534.62,""size"":0.00534082,""num_orders"":1},{""price"":65534.94,""size"":0.07100001,""num_orders"":1},{""price"":65534.99,""size"":2.3e-07,""num_orders"":1},{""price"":65535.0,""size"":3.4e-07,""num_orders"":1},{""price"":65535.67,""size"":0.04614816,""num_orders"":1},{""price"":65535.94,""size"":0.00667618,""num_orders"":1}]"
btc_usd_d10_20260721T000151Z,59,2026-07-21T01:00:51.649003Z,2026-07-21T01:00:51.649128Z,BTC-USD,10,ok,,132979813910,2026-07-21T01:00:48.844420180Z,1.05871845,0.34957084,0.503552512282,65483.970000000001,65483.980000000003,65483.975000000006,0.010000000002,0.00152709117,"[{""price"":65483.97,""size"":0.0078437,""num_orders"":1},{""price"":65483.72,""size"":0.00017805,""num_orders"":1},{""price"":65483.43,""size"":0.00502876,""num_orders"":1},{""price"":65481.6,""size"":0.00153174,""num_orders"":1},{""price"":65481.5,""size"":1.7e-05,""num_orders"":1},{""price"":65481.03,""size"":0.02,""num_orders"":1},{""price"":65481.02,""size"":0.79463267,""num_orders"":2},{""price"":65481.01,""size"":0.09204091,""num_orders"":1},{""price"":65480.62,""size"":0.01527199,""num_orders"":1},{""price"":65480.57,""size"":0.12217363,""num_orders"":1}]","[{""price"":65483.98,""size"":0.05158017,""num_orders"":6},{""price"":65484.0,""size"":0.0509,""num_orders"":2},{""price"":65485.45,""size"":0.12216454,""num_orders"":1},{""price"":65485.67,""size"":0.00534483,""num_orders"":1},{""price"":65485.74,""size"":2.6e-07,""num_orders"":2},{""price"":65486.0,""size"":0.0209,""num_orders"":1},{""price"":65487.03,""size"":0.052,""num_orders"":1},{""price"":65487.87,""size"":0.02,""num_orders"":1},{""price"":65487.88,""size"":0.00668104,""num_orders"":1},{""price"":65487.98,""size"":0.02,""num_orders"":1}]"
btc_usd_d10_20260721T041843Z,0,2026-07-21T04:18:43.021883Z,2026-07-21T04:18:43.021926Z,BTC-USD,10,ok,,132987215361,2026-07-21T04:18:41.629184353Z,1.05011118,0.11567372,0.801552207444,65527.360000000001,65527.370000000003,65527.365000000005,0.010000000002,0.001526079982,"[{""price"":65527.36,""size"":0.07409442,""num_orders"":4},{""price"":65527.29,""size"":0.023945,""num_orders"":1},{""price"":65526.71,""size"":0.16084476,""num_orders"":1},{""price"":65526.7,""size"":0.12208763,""num_orders"":1},{""price"":65526.04,""size"":0.0152611,""num_orders"":2},{""price"":65525.72,""size"":0.00534127,""num_orders"":1},{""price"":65525.24,""size"":0.00464087,""num_orders"":1},{""price"":65524.98,""size"":0.12209084,""num_orders"":1},{""price"":65524.52,""size"":0.29301954,""num_orders"":2},{""price"":65524.51,""size"":0.22878575,""num_orders"":1}]","[{""price"":65527.37,""size"":0.03293552,""num_orders"":11},{""price"":65528.69,""size"":0.0152605,""num_orders"":2},{""price"":65529.6,""size"":0.00153174,""num_orders"":1},{""price"":65529.73,""size"":1.7e-05,""num_orders"":1},{""price"":65530.0,""size"":0.0183,""num_orders"":1},{""price"":65531.3,""size"":9.537e-05,""num_orders"":1},{""price"":65532.0,""size"":0.0193,""num_orders"":1},{""price"":65532.04,""size"":0.01173409,""num_orders"":14},{""price"":65532.28,""size"":0.01640413,""num_orders"":2},{""price"":65532.61,""size"":9.537e-05,""num_orders"":1}]"
btc_usd_d10_20260721T041843Z,1,2026-07-21T04:19:43.021883Z,2026-07-21T04:19:43.022029Z,BTC-USD,10,ok,,132987258103,2026-07-21T04:19:41.123762676Z,0.0689767,0.28806203,-0.613617827959,65589.460000000006,65589.470000000001,65589.464999999997,0.009999999995,0.001524635091,"[{""price"":65589.46,""size"":0.06893082,""num_orders"":5},{""price"":65589.43,""size"":1.1e-07,""num_orders"":1},{""price"":65589.42,""size"":1.1e-07,""num_orders"":1},{""price"":65589.41,""size"":1.1e-07,""num_orders"":1},{""price"":65589.36,""size"":1.1e-07,""num_orders"":1},{""price"":65589.35,""size"":1.1e-07,""num_orders"":1},{""price"":65589.34,""size"":1.1e-07,""num_orders"":1},{""price"":65589.33,""size"":4.5e-05,""num_orders"":1},{""price"":65589.29,""size"":1.1e-07,""num_orders"":1},{""price"":65589.28,""size"":1.1e-07,""num_orders"":1}]","[{""price"":65589.47,""size"":0.02510892,""num_orders"":5},{""price"":65589.62,""size"":4.223e-05,""num_orders"":1},{""price"":65590.49,""size"":1.2e-07,""num_orders"":1},{""price"":65590.79,""size"":0.01524604,""num_orders"":2},{""price"":65591.99,""size"":0.02,""num_orders"":1},{""price"":65592.0,""size"":0.0214,""num_orders"":1},{""price"":65592.89,""size"":0.02,""num_orders"":1},{""price"":65592.9,""size"":0.07471316,""num_orders"":2},{""price"":65592.91,""size"":0.09155156,""num_orders"":1},{""price"":65593.25,""size"":0.02,""num_orders"":1}]"
btc_usd_d10_20260721T041843Z,2,2026-07-21T04:20:43.021883Z,2026-07-21T04:20:43.022020Z,BTC-USD,10,ok,,132987294306,2026-07-21T04:20:42.103848994Z,0.20239333,8.87607752,-0.955412462441,65583.990000000005,65584,65583.994999999995,0.009999999995,0.001524762253,"[{""price"":65583.99,""size"":0.00017758,""num_orders"":1},{""price"":65582.63,""size"":0.01331,""num_orders"":1},{""price"":65582.36,""size"":0.00533661,""num_orders"":1},{""price"":65580.14,""size"":0.00667076,""num_orders"":1},{""price"":65578.09,""size"":0.00121996,""num_orders"":1},{""price"":65578.0,""size"":0.0214,""num_orders"":1},{""price"":65576.88,""size"":0.15249276,""num_orders"":1},{""price"":65576.54,""size"":0.0003411,""num_orders"":1},{""price"":65576.43,""size"":0.0006822,""num_orders"":1},{""price"":65575.53,""size"":0.00076236,""num_orders"":1}]","[{""price"":65584.0,""size"":0.11430298,""num_orders"":6},{""price"":65585.37,""size"":3.22160716,""num_orders"":2},{""price"":65585.38,""size"":5.12099836,""num_orders"":9},{""price"":65586.75,""size"":0.12197585,""num_orders"":1},{""price"":65587.5,""size"":0.13634983,""num_orders"":1},{""price"":65588.0,""size"":0.0214,""num_orders"":1},{""price"":65589.09,""size"":1.7e-05,""num_orders"":1},{""price"":65589.16,""size"":0.09155156,""num_orders"":1},{""price"":65589.37,""size"":0.04486594,""num_orders"":1},{""price"":65589.47,""size"":0.00300884,""num_orders"":1}]"
btc_usd_d10_20260721T041843Z,3,2026-07-21T04:21:43.021883Z,2026-07-21T04:21:43.022017Z,BTC-USD,10,ok,,132987325962,2026-07-21T04:21:40.166054070Z,3.25361483,0.15175206,0.910874766272,65600.860000000001,65600.869999999995,65600.864999999991,0.009999999995,0.001524370143,"[{""price"":65600.86,""size"":0.92925499,""num_orders"":8},{""price"":65600.36,""size"":0.04281845,""num_orders"":1},{""price"":65600.0,""size"":0.0214,""num_orders"":1},{""price"":65599.91,""size"":0.90286333,""num_orders"":1},{""price"":65599.9,""size"":0.22510467,""num_orders"":3},{""price"":65599.54,""size"":0.015244,""num_orders"":2},{""price"":65599.5,""size"":1.0,""num_orders"":1},{""price"":65599.22,""size"":0.00533529,""num_orders"":1},{""price"":65598.0,""size"":0.0214,""num_orders"":1},{""price"":65596.52,""size"":0.0901941,""num_orders"":1}]","[{""price"":65600.87,""size"":0.00213861,""num_orders"":2},{""price"":65600.88,""size"":4.4e-07,""num_orders"":1},{""price"":65602.19,""size"":0.0152434,""num_orders"":2},{""price"":65603.24,""size"":4.4e-07,""num_orders"":1},{""price"":65603.25,""size"":4.4e-07,""num_orders"":1},{""price"":65603.88,""size"":1.7e-07,""num_orders"":1},{""price"":65603.93,""size"":1.7e-05,""num_orders"":1},{""price"":65604.0,""size"":0.0214,""num_orders"":1},{""price"":65605.83,""size"":0.09155156,""num_orders"":1},{""price"":65606.0,""size"":0.0214,""num_orders"":1}]"
btc_usd_d10_20260721T041843Z,4,2026-07-21T04:22:43.021883Z,2026-07-21T04:22:43.022005Z,BTC-USD,10,ok,,132987366634,2026-07-21T04:22:42.143419780Z,1.32398321,3.02096914,-0.390564911489,65574.25,65574.259999999995,65574.255000000005,0.009999999995,0.001524988731,"[{""price"":65574.25,""size"":0.00089739,""num_orders"":3},{""price"":65572.73,""size"":0.12200192,""num_orders"":1},{""price"":65572.0,""size"":0.0214,""num_orders"":1},{""price"":65571.46,""size"":0.12193701,""num_orders"":1},{""price"":65571.2,""size"":0.00153174,""num_orders"":1},{""price"":65571.01,""size"":0.04614816,""num_orders"":1},{""price"":65571.0,""size"":1.0,""num_orders"":1},{""price"":65570.54,""size"":1.7e-05,""num_orders"":1},{""price"":65570.06,""size"":4.999e-05,""num_orders"":1},{""price"":65570.0,""size"":0.01,""num_orders"":1}]","[{""price"":65574.26,""size"":0.48849398,""num_orders"":8},{""price"":65574.27,""size"":0.02230867,""num_orders"":1},{""price"":65574.28,""size"":0.03,""num_orders"":1},{""price"":65575.9,""size"":0.00533746,""num_orders"":1},{""price"":65576.09,""size"":0.0020305,""num_orders"":1},{""price"":65577.83,""size"":0.01524795,""num_orders"":1},{""price"":65577.91,""size"":0.12193701,""num_orders"":1},{""price"":65577.97,""size"":2.20695137,""num_orders"":2},{""price"":65578.12,""size"":0.00667182,""num_orders"":1},{""price"":65578.94,""size"":0.12199038,""num_orders"":1}]"
btc_usd_d10_20260721T041843Z,5,2026-07-21T04:23:43.021883Z,2026-07-21T04:23:43.022020Z,BTC-USD,10,ok,,132987405857,2026-07-21T04:23:42.023395227Z,0.51210411,0.35823412,0.17679332551,65538.869999999995,65538.880000000005,65538.875,0.010000000009,0.001525811972,"[{""price"":65538.87,""size"":0.14292415,""num_orders"":4},{""price"":65538.86,""size"":0.03,""num_orders"":1},{""price"":65538.84,""size"":0.03,""num_orders"":1},{""price"":65538.0,""size"":0.0214,""num_orders"":1},{""price"":65537.56,""size"":0.00024168,""num_orders"":2},{""price"":65537.55,""size"":0.01525842,""num_orders"":2},{""price"":65537.23,""size"":0.00534034,""num_orders"":1},{""price"":65536.9,""size"":0.12193701,""num_orders"":1},{""price"":65536.0,""size"":0.02293174,""num_orders"":2},{""price"":65535.75,""size"":0.12207077,""num_orders"":1}]","[{""price"":65538.88,""size"":0.17643843,""num_orders"":9},{""price"":65538.89,""size"":1.3e-07,""num_orders"":1},{""price"":65540.2,""size"":0.01525782,""num_orders"":2},{""price"":65540.52,""size"":0.00534034,""num_orders"":1},{""price"":65541.93,""size"":0.04614816,""num_orders"":1},{""price"":65541.94,""size"":0.07751991,""num_orders"":1},{""price"":65541.95,""size"":1.3e-07,""num_orders"":1},{""price"":65542.0,""size"":0.00584099,""num_orders"":2},{""price"":65542.02,""size"":0.03015647,""num_orders"":9},{""price"":65542.4,""size"":0.00153174,""num_orders"":1}]"
btc_usd_d10_20260721T041843Z,6,2026-07-21T04:24:43.021883Z,2026-07-21T04:24:43.022019Z,BTC-USD,10,ok,,132987437736,2026-07-21T04:24:41.603173971Z,0.27707485,1.54289306,-0.695516774249,65514.879999999997,65514.889999999999,65514.884999999995,0.010000000002,0.001526370687,"[{""price"":65514.88,""size"":0.03026022,""num_orders"":3},{""price"":65513.56,""size"":0.01526402,""num_orders"":2},{""price"":65512.0,""size"":0.0214,""num_orders"":1},{""price"":65511.18,""size"":1.7e-05,""num_orders"":1},{""price"":65510.4,""size"":0.00153174,""num_orders"":1},{""price"":65510.0,""size"":0.0314,""num_orders"":2},{""price"":65509.97,""size"":0.01526486,""num_orders"":2},{""price"":65509.07,""size"":0.02,""num_orders"":1},{""price"":65509.06,""size"":0.12193701,""num_orders"":1},{""price"":65509.05,""size"":0.02,""num_orders"":1}]","[{""price"":65514.89,""size"":0.83736952,""num_orders"":5},{""price"":65514.94,""size"":0.0012389,""num_orders"":1},{""price"":65515.93,""size"":0.02507762,""num_orders"":1},{""price"":65516.21,""size"":0.0152634,""num_orders"":2},{""price"":65516.53,""size"":0.0053424,""num_orders"":1},{""price"":65518.0,""size"":0.0214,""num_orders"":1},{""price"":65518.11,""size"":0.12193701,""num_orders"":1},{""price"":65518.12,""size"":0.35031313,""num_orders"":1},{""price"":65518.14,""size"":0.04284773,""num_orders"":1},{""price"":65518.27,""size"":0.12210335,""num_orders"":1}]"
btc_usd_d10_20260721T041843Z,7,2026-07-21T04:25:43.021883Z,2026-07-21T04:25:43.021980Z,BTC-USD,10,ok,,132987469068,2026-07-21T04:25:42.171318722Z,0.00546389,0.34627119,-0.968931788095,65529.050000000003,65529.059999999998,65529.055,0.009999999995,0.001526040623,"[{""price"":65529.05,""size"":0.0054629,""num_orders"":2},{""price"":65528.84,""size"":1.1e-07,""num_orders"":1},{""price"":65528.83,""size"":1.1e-07,""num_orders"":1},{""price"":65528.79,""size"":1.1e-07,""num_orders"":1},{""price"":65528.78,""size"":1.1e-07,""num_orders"":1},{""price"":65528.77,""size"":1.1e-07,""num_orders"":1},{""price"":65528.73,""size"":1.1e-07,""num_orders"":1},{""price"":65528.72,""size"":1.1e-07,""num_orders"":1},{""price"":65528.67,""size"":1.1e-07,""num_orders"":1},{""price"":65528.66,""size"":1.1e-07,""num_orders"":1}]","[{""price"":65529.06,""size"":0.25812619,""num_orders"":8},{""price"":65529.07,""size"":1.3e-07,""num_orders"":1},{""price"":65529.99,""size"":0.02724595,""num_orders"":1},{""price"":65530.0,""size"":0.0241118,""num_orders"":3},{""price"":65530.01,""size"":1.7e-07,""num_orders"":1},{""price"":65530.38,""size"":0.0152601,""num_orders"":2},{""price"":65530.4,""size"":0.00092476,""num_orders"":6},{""price"":65530.41,""size"":1.3e-07,""num_orders"":1},{""price"":65530.7,""size"":0.00534114,""num_orders"":1},{""price"":65531.41,""size"":0.01526082,""num_orders"":1}]"
btc_usd_d10_20260721T041843Z,8,2026-07-21T04:26:43.021883Z,2026-07-21T04:26:43.022045Z,BTC-USD,10,ok,,132987497296,2026-07-21T04:26:41.179065165Z,0.17256492,0.66447598,-0.587678642704,65511.889999999999,65511.900000000001,65511.895000000004,0.010000000002,0.001526440351,"[{""price"":65511.89,""size"":0.00011971,""num_orders"":1},{""price"":65511.36,""size"":0.00129844,""num_orders"":2},{""price"":65511.18,""size"":1.7e-05,""num_orders"":1},{""price"":65510.4,""size"":0.00153174,""num_orders"":1},{""price"":65510.25,""size"":0.01526478,""num_orders"":2},{""price"":65510.0,""size"":0.01,""num_orders"":1},{""price"":65508.03,""size"":0.00487924,""num_orders"":1},{""price"":65508.0,""size"":0.0175,""num_orders"":1},{""price"":65507.59,""size"":0.12193701,""num_orders"":1},{""price"":65507.47,""size"":1.7e-05,""num_orders"":1}]","[{""price"":65511.9,""size"":0.50235948,""num_orders"":5},{""price"":65511.91,""size"":1.7e-07,""num_orders"":1},{""price"":65511.96,""size"":0.00076322,""num_orders"":1},{""price"":65511.99,""size"":0.06324647,""num_orders"":2},{""price"":65512.0,""size"":0.0175,""num_orders"":1},{""price"":65513.21,""size"":0.02,""num_orders"":1},{""price"":65513.22,""size"":0.0152641,""num_orders"":2},{""price"":65513.53,""size"":0.02,""num_orders"":1},{""price"":65513.54,""size"":0.00534254,""num_orders"":1},{""price"":65513.99,""size"":0.02,""num_orders"":1}]"
btc_usd_d10_20260721T041843Z,9,2026-07-21T04:27:43.021883Z,2026-07-21T04:27:43.022012Z,BTC-USD,10,ok,,132987533332,2026-07-21T04:27:41.045860093Z,0.43073192,0.42627144,0.005204740387,65488.919999999998,65488.93,65488.925000000003,0.010000000002,0.001526975745,"[{""price"":65488.92,""size"":0.09840451,""num_orders"":4},{""price"":65488.61,""size"":0.12215864,""num_orders"":1},{""price"":65487.83,""size"":0.01526681,""num_orders"":1},{""price"":65487.69,""size"":0.00017789,""num_orders"":1},{""price"":65487.61,""size"":0.01527006,""num_orders"":2},{""price"":65486.95,""size"":0.12193701,""num_orders"":1},{""price"":65486.01,""size"":0.02,""num_orders"":1},{""price"":65486.0,""size"":0.0175,""num_orders"":1},{""price"":65485.22,""size"":0.02,""num_orders"":1},{""price"":65485.21,""size"":1.7e-05,""num_orders"":1}]","[{""price"":65488.93,""size"":0.11174063,""num_orders"":5},{""price"":65490.24,""size"":0.01526946,""num_orders"":2},{""price"":65490.52,""size"":0.03,""num_orders"":1},{""price"":65490.54,""size"":0.03,""num_orders"":1},{""price"":65490.57,""size"":0.00534441,""num_orders"":1},{""price"":65491.78,""size"":0.00137887,""num_orders"":1},{""price"":65492.0,""size"":0.0175,""num_orders"":1},{""price"":65492.76,""size"":0.1622094,""num_orders"":1},{""price"":65492.77,""size"":0.04614816,""num_orders"":1},{""price"":65492.78,""size"":0.00668051,""num_orders"":1}]"
btc_usd_d10_20260721T041843Z,10,2026-07-21T04:28:43.021883Z,2026-07-21T04:28:43.022010Z,BTC-USD,10,ok,,132987560907,2026-07-21T04:28:41.682732239Z,0.2714431,0.59930044,-0.376525721913,65486.089999999997,65486.099999999999,65486.095000000001,0.010000000002,0.001527041733,"[{""price"":65486.09,""size"":0.21609556,""num_orders"":10},{""price"":65486.08,""size"":1.1e-07,""num_orders"":1},{""price"":65486.05,""size"":1.1e-07,""num_orders"":1},{""price"":65486.04,""size"":1.1e-07,""num_orders"":1},{""price"":65486.03,""size"":1.1e-07,""num_orders"":1},{""price"":65486.0,""size"":0.0166,""num_orders"":1},{""price"":65484.8,""size"":0.00153174,""num_orders"":1},{""price"":65484.78,""size"":0.01527072,""num_orders"":2},{""price"":65484.45,""size"":0.00534464,""num_orders"":1},{""price"":65484.0,""size"":0.0166,""num_orders"":1}]","[{""price"":65486.1,""size"":0.11697033,""num_orders"":7},{""price"":65486.11,""size"":1.3e-07,""num_orders"":1},{""price"":65487.41,""size"":0.01527012,""num_orders"":2},{""price"":65487.73,""size"":0.00534468,""num_orders"":1},{""price"":65488.0,""size"":0.00153174,""num_orders"":1},{""price"":65488.55,""size"":0.22354061,""num_orders"":2},{""price"":65488.56,""size"":0.21365662,""num_orders"":2},{""price"":65489.27,""size"":0.00103461,""num_orders"":1},{""price"":65489.94,""size"":0.00668085,""num_orders"":1},{""price"":65489.95,""size"":0.01527075,""num_orders"":1}]"
btc_usd_d10_20260721T041843Z,11,2026-07-21T04:29:43.021883Z,2026-07-21T04:29:43.021980Z,BTC-USD,10,ok,,132987587229,2026-07-21T04:29:42.143186184Z,0.49098687,0.50906576,-0.018077938558,65483.779999999999,65483.790000000001,65483.785000000003,0.010000000002,0.001527095601,"[{""price"":65483.78,""size"":0.05798336,""num_orders"":3},{""price"":65483.75,""size"":0.12216769,""num_orders"":1},{""price"":65483.03,""size"":0.12193701,""num_orders"":1},{""price"":65482.47,""size"":0.01527126,""num_orders"":2},{""price"":65482.14,""size"":0.00534483,""num_orders"":1},{""price"":65482.0,""size"":0.0158,""num_orders"":1},{""price"":65481.75,""size"":0.02899697,""num_orders"":1},{""price"":65481.6,""size"":0.00153174,""num_orders"":1},{""price"":65481.5,""size"":1.7e-05,""num_orders"":1},{""price"":65480.51,""size"":0.12193701,""num_orders"":1}]","[{""price"":65483.79,""size"":0.03534483,""num_orders"":3},{""price"":65484.8,""size"":0.00153174,""num_orders"":1},{""price"":65485.1,""size"":0.01527064,""num_orders"":2},{""price"":65485.23,""size"":0.00076354,""num_orders"":1},{""price"":65485.43,""size"":0.00534483,""num_orders"":1},{""price"":65486.0,""size"":0.0158,""num_orders"":1},{""price"":65487.29,""size"":0.16852453,""num_orders"":1},{""price"":65487.3,""size"":0.04614816,""num_orders"":1},{""price"":65487.33,""size"":0.21365645,""num_orders"":1},{""price"":65487.64,""size"":0.00668104,""num_orders"":1}]"
btc_usd_d10_20260721T041843Z,12,2026-07-21T04:30:43.021883Z,2026-07-21T04:30:43.022002Z,BTC-USD,10,ok,,132987624756,2026-07-21T04:30:41.025112907Z,0.62205472,0.51371375,0.095390013776,65461.650000000001,65461.660000000003,65461.654999999999,0.010000000002,0.001527611852,"[{""price"":65461.65,""size"":0.04306634,""num_orders"":4},{""price"":65460.6,""size"":0.12221091,""num_orders"":1},{""price"":65460.49,""size"":1.528e-05,""num_orders"":1},{""price"":65460.02,""size"":0.12193701,""num_orders"":1},{""price"":65459.24,""size"":1.7e-05,""num_orders"":1},{""price"":65458.01,""size"":0.02,""num_orders"":1},{""price"":65458.0,""size"":0.0201,""num_orders"":1},{""price"":65457.99,""size"":0.12193701,""num_orders"":1},{""price"":65457.38,""size"":0.02,""num_orders"":1},{""price"":65457.37,""size"":0.15277117,""num_orders"":1}]","[{""price"":65461.66,""size"":0.36630458,""num_orders"":12},{""price"":65461.67,""size"":0.04939433,""num_orders"":1},{""price"":65461.68,""size"":0.03,""num_orders"":1},{""price"":65462.97,""size"":0.01527727,""num_orders"":1},{""price"":65463.3,""size"":0.00534664,""num_orders"":1},{""price"":65463.49,""size"":0.00022435,""num_orders"":1},{""price"":65464.0,""size"":0.0201,""num_orders"":1},{""price"":65464.12,""size"":0.00038328,""num_orders"":1},{""price"":65465.5,""size"":0.02,""num_orders"":1},{""price"":65465.51,""size"":0.0066833,""num_orders"":1}]"
btc_usd_d10_20260721T041843Z,13,2026-07-21T04:31:43.021883Z,2026-07-21T04:31:43.022039Z,BTC-USD,10,ok,,132987658990,2026-07-21T04:31:41.652436399Z,0.52128221,0.39010339,0.143933391092,65479.919999999998,65479.93,65479.925000000003,0.010000000002,0.001527185622,"[{""price"":65479.92,""size"":0.08481389,""num_orders"":6},{""price"":65479.48,""size"":0.00107523,""num_orders"":1},{""price"":65478.76,""size"":0.122177,""num_orders"":1},{""price"":65478.61,""size"":0.01527216,""num_orders"":2},{""price"":65478.28,""size"":0.00534514,""num_orders"":1},{""price"":65478.0,""size"":0.0204,""num_orders"":1},{""price"":65476.99,""size"":0.12193701,""num_orders"":1},{""price"":65476.97,""size"":0.12218035,""num_orders"":1},{""price"":65476.07,""size"":0.00668143,""num_orders"":1},{""price"":65476.0,""size"":0.0214,""num_orders"":1}]","[{""price"":65479.93,""size"":0.04894938,""num_orders"":10},{""price"":65480.99,""size"":1.2e-07,""num_orders"":1},{""price"":65481.24,""size"":0.01527154,""num_orders"":2},{""price"":65481.5,""size"":1.7e-05,""num_orders"":1},{""price"":65481.6,""size"":0.00153174,""num_orders"":1},{""price"":65482.5,""size"":2.3e-07,""num_orders"":1},{""price"":65483.53,""size"":0.01527316,""num_orders"":1},{""price"":65483.86,""size"":9.544e-05,""num_orders"":1},{""price"":65483.97,""size"":0.18702777,""num_orders"":1},{""price"":65483.98,""size"":0.12193701,""num_orders"":1}]"
btc_usd_d10_20260721T041843Z,14,2026-07-21T04:32:43.021883Z,2026-07-21T04:32:43.022200Z,BTC-USD,10,ok,,132987698028,2026-07-21T04:32:41.681879672Z,0.50137663,0.40890567,0.101584925907,65473.940000000002,65473.949999999997,65473.945,0.009999999995,0.001527325105,"[{""price"":65473.94,""size"":0.07104304,""num_orders"":5},{""price"":65473.39,""size"":0.12218703,""num_orders"":1},{""price"":65472.63,""size"":0.01527356,""num_orders"":2},{""price"":65472.3,""size"":0.00534563,""num_orders"":1},{""price"":65472.0,""size"":0.0174,""num_orders"":1},{""price"":65471.13,""size"":0.12193701,""num_orders"":1},{""price"":65471.12,""size"":0.12219127,""num_orders"":1},{""price"":65470.37,""size"":1.7e-05,""num_orders"":1},{""price"":65470.0,""size"":0.0193,""num_orders"":1},{""price"":65469.24,""size"":0.00668209,""num_orders"":1}]","[{""price"":65473.95,""size"":0.00534327,""num_orders"":1},{""price"":65475.26,""size"":0.01527294,""num_orders"":2},{""price"":65475.63,""size"":0.00534569,""num_orders"":1},{""price"":65475.9,""size"":0.14372691,""num_orders"":1},{""price"":65475.91,""size"":0.19853427,""num_orders"":2},{""price"":65475.92,""size"":1.3e-07,""num_orders"":1},{""price"":65476.0,""size"":0.0174,""num_orders"":1},{""price"":65477.27,""size"":0.00668216,""num_orders"":1},{""price"":65477.74,""size"":3e-07,""num_orders"":2},{""price"":65478.0,""size"":0.0166,""num_orders"":1}]"
btc_usd_d10_20260721T041843Z,15,2026-07-21T04:33:43.021883Z,2026-07-21T04:33:43.022023Z,BTC-USD,10,ok,,132987733237,2026-07-21T04:33:42.024120737Z,0.63025654,0.15243495,0.610485224517,65474.330000000002,65474.339999999997,65474.334999999999,0.009999999995,0.001527316008,"[{""price"":65474.33,""size"":0.07038404,""num_orders"":4},{""price"":65474.08,""size"":1.7e-05,""num_orders"":1},{""price"":65474.0,""size"":0.0174,""num_orders"":1},{""price"":65473.89,""size"":0.12193701,""num_orders"":1},{""price"":65473.88,""size"":0.12218612,""num_orders"":1},{""price"":65473.02,""size"":0.01527346,""num_orders"":2},{""price"":65472.0,""size"":0.01893174,""num_orders"":2},{""price"":65471.71,""size"":0.12219016,""num_orders"":1},{""price"":65470.71,""size"":0.02,""num_orders"":1},{""price"":65470.7,""size"":0.12193701,""num_orders"":1}]","[{""price"":65474.34,""size"":0.0490282,""num_orders"":4},{""price"":65474.36,""size"":0.03,""num_orders"":1},{""price"":65474.99,""size"":0.00076365,""num_orders"":1},{""price"":65475.65,""size"":0.01527286,""num_orders"":2},{""price"":65475.98,""size"":0.0053456,""num_orders"":1},{""price"":65476.22,""size"":0.00763601,""num_orders"":1},{""price"":65478.0,""size"":0.0174,""num_orders"":1},{""price"":65478.19,""size"":0.006682,""num_orders"":1},{""price"":65479.23,""size"":0.02,""num_orders"":1},{""price"":65479.24,""size"":0.00030663,""num_orders"":6}]"
btc_usd_d10_20260721T041843Z,16,2026-07-21T04:34:43.021883Z,2026-07-21T04:34:43.022011Z,BTC-USD,10,ok,,132987762333,2026-07-21T04:34:40.586996303Z,0.47358534,0.41571648,0.065072238354,65481.5,65481.510000000002,65481.505000000005,0.010000000002,0.001527148773,"[{""price"":65481.5,""size"":1.696e-05,""num_orders"":1},{""price"":65480.3,""size"":0.00763588,""num_orders"":1},{""price"":65480.0,""size"":0.0273,""num_orders"":2},{""price"":65479.16,""size"":0.12217627,""num_orders"":1},{""price"":65478.66,""size"":0.01527216,""num_orders"":2},{""price"":65478.4,""size"":0.00153174,""num_orders"":1},{""price"":65478.0,""size"":0.0173,""num_orders"":1},{""price"":65477.86,""size"":0.16015662,""num_orders"":1},{""price"":65477.85,""size"":0.12217871,""num_orders"":1},{""price"":65477.79,""size"":1.7e-05,""num_orders"":1}]","[{""price"":65481.51,""size"":0.03534502,""num_orders"":3},{""price"":65481.52,""size"":0.03,""num_orders"":1},{""price"":65481.54,""size"":0.03,""num_orders"":1},{""price"":65483.15,""size"":0.00534502,""num_orders"":1},{""price"":65483.59,""size"":0.01527296,""num_orders"":1},{""price"":65484.63,""size"":0.00076354,""num_orders"":1},{""price"":65485.18,""size"":0.12193701,""num_orders"":1},{""price"":65485.19,""size"":0.17037143,""num_orders"":1},{""price"":65485.36,""size"":0.00668127,""num_orders"":1},{""price"":65485.5,""size"":2.3e-07,""num_orders"":1}]"
btc_usd_d10_20260721T041843Z,17,2026-07-21T04:35:43.021883Z,2026-07-21T04:35:43.022000Z,BTC-USD,10,ok,,132987799391,2026-07-21T04:35:40.524193185Z,0.43826733,0.82344725,-0.305282926983,65483.889999999999,65483.900000000001,65483.895000000004,0.010000000002,0.001527093036,"[{""price"":65483.89,""size"":0.04372467,""num_orders"":4},{""price"":65482.18,""size"":0.00534483,""num_orders"":1},{""price"":65482.04,""size"":0.00081634,""num_orders"":1},{""price"":65480.96,""size"":0.022265,""num_orders"":1},{""price"":65480.33,""size"":0.13201161,""num_orders"":1},{""price"":65480.0,""size"":0.0191,""num_orders"":1},{""price"":65479.97,""size"":0.00668103,""num_orders"":1},{""price"":65479.49,""size"":0.02,""num_orders"":1},{""price"":65479.48,""size"":0.06614816,""num_orders"":2},{""price"":65479.47,""size"":0.12217569,""num_orders"":1}]","[{""price"":65483.9,""size"":0.2550078,""num_orders"":5},{""price"":65483.91,""size"":0.12193714,""num_orders"":2},{""price"":65483.92,""size"":0.03,""num_orders"":1},{""price"":65483.99,""size"":1.6e-06,""num_orders"":1},{""price"":65484.0,""size"":0.0191,""num_orders"":1},{""price"":65484.42,""size"":1.3e-07,""num_orders"":1},{""price"":65484.43,""size"":1.3e-07,""num_orders"":1},{""price"":65484.61,""size"":0.38561105,""num_orders"":1},{""price"":65485.13,""size"":1.3e-07,""num_orders"":1},{""price"":65485.21,""size"":0.01178927,""num_orders"":7}]"
btc_usd_d10_20260721T041843Z,18,2026-07-21T04:36:43.021883Z,2026-07-21T04:36:43.022010Z,BTC-USD,10,ok,,132987834079,2026-07-21T04:36:41.687588381Z,0.73784197,0.13036662,0.699688251184,65486.230000000003,65486.239999999998,65486.235000000001,0.009999999995,0.001527038468,"[{""price"":65486.23,""size"":0.53719041,""num_orders"":6},{""price"":65486.22,""size"":1.1e-07,""num_orders"":1},{""price"":65486.17,""size"":1.1e-07,""num_orders"":1},{""price"":65486.16,""size"":1.1e-07,""num_orders"":1},{""price"":65486.15,""size"":1.1e-07,""num_orders"":1},{""price"":65486.0,""size"":0.0184,""num_orders"":1},{""price"":65485.8,""size"":0.16010405,""num_orders"":1},{""price"":65484.92,""size"":0.0152707,""num_orders"":2},{""price"":65484.8,""size"":0.00153174,""num_orders"":1},{""price"":65484.59,""size"":0.00534463,""num_orders"":1}]","[{""price"":65486.24,""size"":0.06400148,""num_orders"":14},{""price"":65487.55,""size"":0.01527008,""num_orders"":2},{""price"":65487.88,""size"":0.00534463,""num_orders"":1},{""price"":65488.0,""size"":0.00153174,""num_orders"":1},{""price"":65488.14,""size"":1.3e-07,""num_orders"":1},{""price"":65488.61,""size"":1.3e-07,""num_orders"":1},{""price"":65488.62,""size"":1.3e-07,""num_orders"":1},{""price"":65488.92,""size"":1.7e-05,""num_orders"":1},{""price"":65489.99,""size"":0.0258013,""num_orders"":1},{""price"":65490.0,""size"":0.0184,""num_orders"":1}]"
btc_usd_d10_20260721T041843Z,19,2026-07-21T04:37:43.021883Z,2026-07-21T04:37:43.022018Z,BTC-USD,10,ok,,132987869248,2026-07-21T04:37:42.654358615Z,1.02443088,0.40247996,0.4358723072,65524.800000000003,65524.809999999998,65524.805,0.009999999995,0.001526139604,"[{""price"":65524.8,""size"":0.35337943,""num_orders"":7},{""price"":65524.64,""size"":0.022424,""num_orders"":1},{""price"":65523.89,""size"":0.23499724,""num_orders"":1},{""price"":65523.88,""size"":0.12209288,""num_orders"":1},{""price"":65523.58,""size"":0.12193701,""num_orders"":1},{""price"":65523.19,""size"":0.00076306,""num_orders"":1},{""price"":65523.16,""size"":0.00534148,""num_orders"":1},{""price"":65522.32,""size"":0.12209578,""num_orders"":1},{""price"":65522.0,""size"":0.0214,""num_orders"":1},{""price"":65520.96,""size"":0.02,""num_orders"":1}]","[{""price"":65524.81,""size"":0.03705982,""num_orders"":2},{""price"":65526.02,""size"":1.7e-05,""num_orders"":1},{""price"":65526.4,""size"":0.00153174,""num_orders"":1},{""price"":65528.0,""size"":0.0214,""num_orders"":1},{""price"":65528.74,""size"":9.538e-05,""num_orders"":1},{""price"":65528.99,""size"":1.6e-06,""num_orders"":1},{""price"":65529.44,""size"":0.02,""num_orders"":1},{""price"":65529.45,""size"":0.16517532,""num_orders"":3},{""price"":65529.46,""size"":0.14193718,""num_orders"":3},{""price"":65529.47,""size"":0.01526192,""num_orders"":1}]"
btc_usd_d10_20260721T041843Z,20,2026-07-21T04:38:43.021883Z,2026-07-21T04:38:43.022023Z,BTC-USD,10,ok,,132987895182,2026-07-21T04:38:42.127649153Z,0.96007817,1.06509799,-0.05185712832,65524.709999999999,65524.720000000001,65524.714999999997,0.010000000002,0.001526141701,"[{""price"":65524.71,""size"":0.57574929,""num_orders"":5},{""price"":65524.29,""size"":1.1e-07,""num_orders"":1},{""price"":65524.28,""size"":1.1e-07,""num_orders"":1},{""price"":65523.39,""size"":0.00763086,""num_orders"":1},{""price"":65523.2,""size"":0.00153174,""num_orders"":1},{""price"":65523.07,""size"":0.00534149,""num_orders"":1},{""price"":65520.87,""size"":0.02,""num_orders"":1},{""price"":65520.86,""size"":0.00667686,""num_orders"":1},{""price"":65520.07,""size"":0.22104771,""num_orders"":2},{""price"":65520.06,""size"":0.1221,""num_orders"":1}]","[{""price"":65524.72,""size"":0.65513401,""num_orders"":16},{""price"":65524.75,""size"":0.08124219,""num_orders"":1},{""price"":65524.81,""size"":0.00710319,""num_orders"":7},{""price"":65525.14,""size"":0.12209054,""num_orders"":1},{""price"":65526.02,""size"":1.7e-05,""num_orders"":1},{""price"":65526.04,""size"":0.00763055,""num_orders"":1},{""price"":65526.38,""size"":0.0053416,""num_orders"":1},{""price"":65526.4,""size"":0.00153174,""num_orders"":1},{""price"":65528.59,""size"":0.006677,""num_orders"":1},{""price"":65528.93,""size"":0.17833017,""num_orders"":1}]"
btc_usd_d10_20260721T041843Z,21,2026-07-21T04:39:43.021883Z,2026-07-21T04:39:43.022016Z,BTC-USD,10,ok,,132987931754,2026-07-21T04:39:40.524147611Z,1.15753669,0.0499895,0.917203452126,65503.080000000002,65503.089999999997,65503.084999999999,0.009999999995,0.001526645653,"[{""price"":65503.08,""size"":1.05368586,""num_orders"":11},{""price"":65503.06,""size"":0.10384995,""num_orders"":1},{""price"":65503.04,""size"":1.1e-07,""num_orders"":1},{""price"":65503.03,""size"":1.1e-07,""num_orders"":1},{""price"":65503.02,""size"":1.1e-07,""num_orders"":1},{""price"":65502.97,""size"":1.1e-07,""num_orders"":1},{""price"":65502.96,""size"":1.1e-07,""num_orders"":1},{""price"":65502.95,""size"":1.1e-07,""num_orders"":1},{""price"":65502.9,""size"":1.1e-07,""num_orders"":1},{""price"":65502.89,""size"":1.1e-07,""num_orders"":1}]","[{""price"":65503.09,""size"":0.00568738,""num_orders"":2},{""price"":65504.41,""size"":0.01526614,""num_orders"":2},{""price"":65504.73,""size"":1.3e-07,""num_orders"":1},{""price"":65505.98,""size"":0.00608512,""num_orders"":7},{""price"":65506.0,""size"":0.0214,""num_orders"":1},{""price"":65506.49,""size"":1.6e-06,""num_orders"":1},{""price"":65507.19,""size"":1.3e-07,""num_orders"":1},{""price"":65507.2,""size"":0.00153187,""num_orders"":2},{""price"":65507.47,""size"":1.7e-05,""num_orders"":1},{""price"":65507.92,""size"":1.3e-07,""num_orders"":1}]"
btc_usd_d10_20260721T041843Z,22,2026-07-21T04:40:43.021883Z,2026-07-21T04:40:43.022004Z,BTC-USD,10,ok,,132987959360,2026-07-21T04:40:41.124262472Z,0.15977231,0.93647767,-0.708511173701,65485,65485.010000000002,65485.005000000005,0.010000000002,0.001527067151,"[{""price"":65485.0,""size"":0.01018294,""num_orders"":3},{""price"":65483.69,""size"":0.01527098,""num_orders"":2},{""price"":65483.36,""size"":0.00534473,""num_orders"":1},{""price"":65482.64,""size"":0.03299595,""num_orders"":1},{""price"":65482.0,""size"":0.0214,""num_orders"":1},{""price"":65481.66,""size"":0.02,""num_orders"":1},{""price"":65481.65,""size"":0.03299595,""num_orders"":1},{""price"":65481.6,""size"":0.00153174,""num_orders"":1},{""price"":65481.52,""size"":5.002e-05,""num_orders"":1},{""price"":65481.51,""size"":0.02,""num_orders"":1}]","[{""price"":65485.01,""size"":0.45548546,""num_orders"":10},{""price"":65485.02,""size"":1.3e-07,""num_orders"":1},{""price"":65485.22,""size"":0.01845271,""num_orders"":9},{""price"":65485.97,""size"":0.2884339,""num_orders"":1},{""price"":65485.98,""size"":1.7e-07,""num_orders"":1},{""price"":65486.0,""size"":0.0214,""num_orders"":1},{""price"":65486.4,""size"":0.12216278,""num_orders"":1},{""price"":65486.41,""size"":1.7e-07,""num_orders"":1},{""price"":65486.53,""size"":0.01527032,""num_orders"":2},{""price"":65486.68,""size"":0.01527203,""num_orders"":1}]"
btc_usd_d10_20260721T041843Z,23,2026-07-21T04:41:43.021883Z,2026-07-21T04:41:43.022033Z,BTC-USD,10,ok,,132987999878,2026-07-21T04:41:42.163418397Z,0.99040275,0.44667609,0.378355483962,65473.480000000003,65473.489999999998,65473.485000000001,0.009999999995,0.001527335836,"[{""price"":65473.48,""size"":0.48697018,""num_orders"":9},{""price"":65473.46,""size"":0.03,""num_orders"":1},{""price"":65472.93,""size"":0.17438894,""num_orders"":1},{""price"":65472.0,""size"":0.0214,""num_orders"":1},{""price"":65471.99,""size"":8.889e-05,""num_orders"":1},{""price"":65471.84,""size"":0.00534567,""num_orders"":1},{""price"":65471.81,""size"":0.12218997,""num_orders"":1},{""price"":65471.51,""size"":0.12193701,""num_orders"":1},{""price"":65470.0,""size"":0.0214,""num_orders"":1},{""price"":65469.63,""size"":0.00668209,""num_orders"":1}]","[{""price"":65473.49,""size"":0.00385685,""num_orders"":3},{""price"":65474.08,""size"":1.7e-05,""num_orders"":1},{""price"":65477.01,""size"":0.01527397,""num_orders"":1},{""price"":65477.24,""size"":9.545e-05,""num_orders"":1},{""price"":65477.79,""size"":1.7e-05,""num_orders"":1},{""price"":65478.27,""size"":0.12217793,""num_orders"":1},{""price"":65478.55,""size"":0.00763609,""num_orders"":1},{""price"":65479.35,""size"":0.02,""num_orders"":1},{""price"":65479.37,""size"":0.2688205,""num_orders"":2},{""price"":65480.04,""size"":0.0087813,""num_orders"":1}]"
btc_usd_d10_20260721T041843Z,24,2026-07-21T04:42:43.021883Z,2026-07-21T04:42:43.022010Z,BTC-USD,10,ok,,132988030604,2026-07-21T04:42:42.023768356Z,0.62684332,0.66836374,-0.032056974736,65492.43,65492.440000000002,65492.434999999998,0.010000000002,0.001526893908,"[{""price"":65492.43,""size"":0.10037518,""num_orders"":5},{""price"":65492.08,""size"":0.0198134,""num_orders"":1},{""price"":65492.0,""size"":0.0184,""num_orders"":1},{""price"":65491.12,""size"":0.01526924,""num_orders"":2},{""price"":65490.79,""size"":0.00534412,""num_orders"":1},{""price"":65490.56,""size"":0.18987921,""num_orders"":2},{""price"":65490.55,""size"":0.12193701,""num_orders"":1},{""price"":65490.33,""size"":0.01526946,""num_orders"":1},{""price"":65490.18,""size"":0.1221557,""num_orders"":1},{""price"":65490.0,""size"":0.0184,""num_orders"":1}]","[{""price"":65492.44,""size"":0.0023772,""num_orders"":1},{""price"":65492.63,""size"":1.7e-05,""num_orders"":1},{""price"":65493.75,""size"":0.01526864,""num_orders"":2},{""price"":65496.2,""size"":0.02,""num_orders"":1},{""price"":65496.21,""size"":0.24385714,""num_orders"":1},{""price"":65496.22,""size"":0.12214446,""num_orders"":1},{""price"":65496.34,""size"":1.7e-05,""num_orders"":1},{""price"":65496.99,""size"":0.04614816,""num_orders"":1},{""price"":65497.57,""size"":0.02,""num_orders"":1},{""price"":65497.58,""size"":0.19853414,""num_orders"":1}]"
btc_usd_d10_20260721T041843Z,25,2026-07-21T04:43:43.021883Z,2026-07-21T04:43:43.022025Z,BTC-USD,10,ok,,132988060375,2026-07-21T04:43:42.536627076Z,0.40644888,0.52568827,-0.127920435314,65495.129999999997,65495.139999999999,65495.134999999995,0.010000000002,0.001526830963,"[{""price"":65495.13,""size"":0.04651081,""num_orders"":2},{""price"":65494.4,""size"":0.00153174,""num_orders"":1},{""price"":65494.0,""size"":0.0165,""num_orders"":1},{""price"":65493.82,""size"":0.01526862,""num_orders"":2},{""price"":65493.49,""size"":0.0053439,""num_orders"":1},{""price"":65493.42,""size"":0.16049895,""num_orders"":2},{""price"":65493.41,""size"":0.01800074,""num_orders"":1},{""price"":65492.65,""size"":0.02,""num_orders"":1},{""price"":65492.64,""size"":0.12193701,""num_orders"":1},{""price"":65492.45,""size"":0.00085711,""num_orders"":2}]","[{""price"":65495.14,""size"":0.07070297,""num_orders"":12},{""price"":65495.74,""size"":0.15905932,""num_orders"":1},{""price"":65495.75,""size"":0.12214533,""num_orders"":1},{""price"":65496.45,""size"":0.015268,""num_orders"":2},{""price"":65496.78,""size"":0.0053439,""num_orders"":1},{""price"":65497.51,""size"":0.12214206,""num_orders"":1},{""price"":65497.6,""size"":0.00153174,""num_orders"":1},{""price"":65498.99,""size"":0.00667988,""num_orders"":1},{""price"":65499.07,""size"":9.542e-05,""num_orders"":1},{""price"":65499.99,""size"":0.02271965,""num_orders"":1}]"
btc_usd_d10_20260721T041843Z,26,2026-07-21T04:44:43.021883Z,2026-07-21T04:44:43.021983Z,BTC-USD,10,ok,,132988087641,2026-07-21T04:44:41.105540697Z,0.5631905,0.44265485,0.11983517148,65500,65500.010000000002,65500.005000000005,0.010000000002,0.001526717441,"[{""price"":65500.0,""size"":0.06639821,""num_orders"":4},{""price"":65498.69,""size"":0.01526748,""num_orders"":2},{""price"":65498.42,""size"":0.12193701,""num_orders"":1},{""price"":65498.36,""size"":0.00534351,""num_orders"":1},{""price"":65498.0,""size"":0.0165,""num_orders"":1},{""price"":65496.77,""size"":0.08059647,""num_orders"":1},{""price"":65496.15,""size"":0.00667938,""num_orders"":1},{""price"":65496.06,""size"":0.12193701,""num_orders"":1},{""price"":65495.87,""size"":0.00638607,""num_orders"":1},{""price"":65495.72,""size"":0.12214536,""num_orders"":1}]","[{""price"":65500.01,""size"":0.0576,""num_orders"":2},{""price"":65500.05,""size"":1.7e-05,""num_orders"":1},{""price"":65500.8,""size"":8.85e-06,""num_orders"":1},{""price"":65501.36,""size"":0.01526686,""num_orders"":2},{""price"":65501.63,""size"":1.3e-07,""num_orders"":1},{""price"":65501.64,""size"":1.3e-07,""num_orders"":1},{""price"":65501.68,""size"":1.3e-07,""num_orders"":1},{""price"":65502.39,""size"":0.24762721,""num_orders"":2},{""price"":65502.4,""size"":0.12213294,""num_orders"":1},{""price"":65503.49,""size"":1.6e-06,""num_orders"":1}]"
btc_usd_d10_20260721T041843Z,27,2026-07-21T04:45:43.021883Z,2026-07-21T04:45:43.022020Z,BTC-USD,10,ok,,132988122633,2026-07-21T04:45:42.341394047Z,0.29450494,1.00582372,-0.547029994709,65482.68,65482.690000000002,65482.684999999998,0.010000000002,0.001527121254,"[{""price"":65482.68,""size"":0.01144587,""num_orders"":1},{""price"":65481.04,""size"":0.00534492,""num_orders"":1},{""price"":65480.16,""size"":0.00781726,""num_orders"":1},{""price"":65478.83,""size"":0.00668115,""num_orders"":1},{""price"":65478.0,""size"":0.0182,""num_orders"":1},{""price"":65476.0,""size"":0.0192,""num_orders"":1},{""price"":65474.08,""size"":1.7e-05,""num_orders"":1},{""price"":65474.0,""size"":0.0192,""num_orders"":1},{""price"":65472.17,""size"":0.08440942,""num_orders"":1},{""price"":65472.16,""size"":0.12218932,""num_orders"":1}]","[{""price"":65482.69,""size"":0.26595733,""num_orders"":11},{""price"":65482.85,""size"":0.02,""num_orders"":1},{""price"":65482.86,""size"":0.28646552,""num_orders"":1},{""price"":65482.87,""size"":0.12193701,""num_orders"":1},{""price"":65482.89,""size"":0.12216933,""num_orders"":1},{""price"":65483.54,""size"":0.00122219,""num_orders"":1},{""price"":65483.9,""size"":0.12216744,""num_orders"":1},{""price"":65484.0,""size"":0.018225,""num_orders"":2},{""price"":65484.33,""size"":0.04614816,""num_orders"":1},{""price"":65484.8,""size"":0.00153174,""num_orders"":1}]"
btc_usd_d10_20260721T041843Z,28,2026-07-21T04:46:43.021883Z,2026-07-21T04:46:43.022018Z,BTC-USD,10,ok,,132988153608,2026-07-21T04:46:41.536995166Z,0.55417401,0.21223351,0.446160157719,65504.830000000002,65504.839999999997,65504.834999999999,0.009999999995,0.001526604867,"[{""price"":65504.83,""size"":0.05203395,""num_orders"":3},{""price"":65504.0,""size"":0.0173,""num_orders"":1},{""price"":65503.68,""size"":0.01526634,""num_orders"":1},{""price"":65503.51,""size"":0.01526636,""num_orders"":2},{""price"":65503.19,""size"":0.00534311,""num_orders"":1},{""price"":65502.0,""size"":0.0173,""num_orders"":1},{""price"":65501.3,""size"":0.02,""num_orders"":1},{""price"":65501.29,""size"":0.28301368,""num_orders"":2},{""price"":65501.28,""size"":0.12213501,""num_orders"":1},{""price"":65501.25,""size"":0.00651556,""num_orders"":1}]","[{""price"":65504.84,""size"":0.00189228,""num_orders"":11},{""price"":65504.85,""size"":3.9e-07,""num_orders"":3},{""price"":65504.86,""size"":1.3e-07,""num_orders"":1},{""price"":65505.0,""size"":2.5e-05,""num_orders"":1},{""price"":65505.01,""size"":1.6e-06,""num_orders"":1},{""price"":65506.16,""size"":0.01526574,""num_orders"":2},{""price"":65507.47,""size"":1.7e-05,""num_orders"":1},{""price"":65507.5,""size"":0.07290767,""num_orders"":1},{""price"":65507.51,""size"":0.1221234,""num_orders"":1},{""price"":65507.52,""size"":3e-07,""num_orders"":2}]"
btc_usd_d10_20260721T041843Z,29,2026-07-21T04:47:43.021883Z,2026-07-21T04:47:43.022025Z,BTC-USD,10,ok,,132988190140,2026-07-21T04:47:41.043722987Z,0.33477853,1.25807307,-0.579648813486,65488.919999999998,65488.93,65488.925000000003,0.010000000002,0.001526975745,"[{""price"":65488.92,""size"":0.00045077,""num_orders"":2},{""price"":65487.61,""size"":0.01527006,""num_orders"":2},{""price"":65486.0,""size"":0.0191,""num_orders"":1},{""price"":65485.21,""size"":1.7e-05,""num_orders"":1},{""price"":65485.0,""size"":0.01,""num_orders"":1},{""price"":65484.01,""size"":0.00763545,""num_orders"":1},{""price"":65484.0,""size"":0.0191,""num_orders"":1},{""price"":65483.47,""size"":0.12193701,""num_orders"":1},{""price"":65483.46,""size"":0.12216824,""num_orders"":1},{""price"":65482.0,""size"":0.0191,""num_orders"":1}]","[{""price"":65488.93,""size"":0.56194246,""num_orders"":9},{""price"":65489.47,""size"":0.26023167,""num_orders"":1},{""price"":65489.48,""size"":0.21372821,""num_orders"":1},{""price"":65489.5,""size"":0.12193701,""num_orders"":1},{""price"":65490.0,""size"":0.0182,""num_orders"":1},{""price"":65490.02,""size"":0.01527156,""num_orders"":1},{""price"":65490.24,""size"":0.01526946,""num_orders"":2},{""price"":65490.57,""size"":0.00534441,""num_orders"":1},{""price"":65491.5,""size"":0.04614816,""num_orders"":1},{""price"":65491.53,""size"":1.3e-07,""num_orders"":1}]"
btc_usd_d10_20260721T041843Z,30,2026-07-21T04:48:43.021883Z,2026-07-21T04:48:43.022009Z,BTC-USD,10,ok,,132988217404,2026-07-21T04:48:42.027995389Z,0.3159364,0.4437225,-0.168215102857,65485.489999999998,65485.5,65485.494999999995,0.010000000002,0.001527055725,"[{""price"":65485.49,""size"":0.0770411,""num_orders"":4},{""price"":65485.09,""size"":1.1e-07,""num_orders"":1},{""price"":65484.47,""size"":0.00878938,""num_orders"":2},{""price"":65484.18,""size"":0.01527086,""num_orders"":2},{""price"":65483.85,""size"":0.00534469,""num_orders"":1},{""price"":65483.63,""size"":0.12216792,""num_orders"":1},{""price"":65483.1,""size"":0.00167843,""num_orders"":1},{""price"":65482.0,""size"":0.04383091,""num_orders"":2},{""price"":65481.95,""size"":0.021813,""num_orders"":1},{""price"":65481.65,""size"":0.02,""num_orders"":1}]","[{""price"":65485.5,""size"":0.01489809,""num_orders"":4},{""price"":65485.97,""size"":0.1122249,""num_orders"":1},{""price"":65485.98,""size"":0.12193701,""num_orders"":1},{""price"":65486.0,""size"":0.01900017,""num_orders"":2},{""price"":65486.64,""size"":0.00589767,""num_orders"":2},{""price"":65486.81,""size"":0.01527026,""num_orders"":2},{""price"":65487.13,""size"":0.00534473,""num_orders"":1},{""price"":65488.0,""size"":0.02053174,""num_orders"":2},{""price"":65488.83,""size"":0.12193701,""num_orders"":1},{""price"":65488.84,""size"":0.00668092,""num_orders"":1}]"
btc_usd_d10_20260721T041843Z,31,2026-07-21T04:49:43.021883Z,2026-07-21T04:49:43.022022Z,BTC-USD,10,ok,,132988242598,2026-07-21T04:49:41.540605129Z,0.50755197,0.2722972,0.301667013379,65481.5,65481.510000000002,65481.505000000005,0.010000000002,0.001527148773,"[{""price"":65481.5,""size"":0.08557651,""num_orders"":5},{""price"":65480.68,""size"":0.12217343,""num_orders"":1},{""price"":65480.2,""size"":0.03703082,""num_orders"":1},{""price"":65480.19,""size"":0.0152718,""num_orders"":2},{""price"":65480.0,""size"":0.0299,""num_orders"":2},{""price"":65478.66,""size"":0.01527238,""num_orders"":1},{""price"":65478.53,""size"":0.001584,""num_orders"":1},{""price"":65478.01,""size"":0.18082603,""num_orders"":2},{""price"":65478.0,""size"":0.0199,""num_orders"":1},{""price"":65477.79,""size"":1.7e-05,""num_orders"":1}]","[{""price"":65481.51,""size"":0.00610859,""num_orders"":2},{""price"":65481.6,""size"":1.3e-07,""num_orders"":1},{""price"":65482.82,""size"":0.01527118,""num_orders"":2},{""price"":65483.15,""size"":0.00534502,""num_orders"":1},{""price"":65484.0,""size"":0.0199,""num_orders"":1},{""price"":65484.48,""size"":0.03065761,""num_orders"":7},{""price"":65485.36,""size"":0.00668127,""num_orders"":1},{""price"":65485.48,""size"":0.16959972,""num_orders"":2},{""price"":65485.49,""size"":1.3e-07,""num_orders"":1},{""price"":65485.5,""size"":0.01873355,""num_orders"":9}]"
btc_usd_d10_20260721T041843Z,32,2026-07-21T04:50:43.021883Z,2026-07-21T04:50:43.022015Z,BTC-USD,10,ok,,132988280636,2026-07-21T04:50:42.042273129Z,0.27633026,0.88532097,-0.524245741125,65472,65472.010000000002,65472.005000000005,0.010000000002,0.001527370363,"[{""price"":65472.0,""size"":0.03014149,""num_orders"":4},{""price"":65470.69,""size"":0.01527402,""num_orders"":2},{""price"":65470.37,""size"":1.7e-05,""num_orders"":1},{""price"":65470.0,""size"":0.0279,""num_orders"":2},{""price"":65468.8,""size"":0.00153174,""num_orders"":1},{""price"":65468.63,""size"":0.001629,""num_orders"":1},{""price"":65468.01,""size"":0.02,""num_orders"":1},{""price"":65468.0,""size"":0.0179,""num_orders"":1},{""price"":65467.37,""size"":0.02,""num_orders"":1},{""price"":65467.36,""size"":0.14193701,""num_orders"":2}]","[{""price"":65472.01,""size"":0.15858429,""num_orders"":4},{""price"":65472.02,""size"":0.22591491,""num_orders"":2},{""price"":65472.04,""size"":0.03,""num_orders"":1},{""price"":65473.04,""size"":0.12218769,""num_orders"":1},{""price"":65473.1,""size"":0.01527237,""num_orders"":1},{""price"":65473.32,""size"":0.0152734,""num_orders"":2},{""price"":65473.65,""size"":0.00534579,""num_orders"":1},{""price"":65474.0,""size"":0.0179,""num_orders"":1},{""price"":65474.09,""size"":0.12218573,""num_orders"":1},{""price"":65475.78,""size"":0.17265679,""num_orders"":1}]"
btc_usd_d10_20260721T041843Z,33,2026-07-21T04:51:43.021883Z,2026-07-21T04:51:43.022001Z,BTC-USD,10,ok,,132988310848,2026-07-21T04:51:41.546029923Z,0.37370056,0.53068107,-0.17357772957,65455.529999999999,65455.540000000001,65455.535000000003,0.010000000002,0.001527754681,"[{""price"":65455.53,""size"":0.08803986,""num_orders"":7},{""price"":65454.92,""size"":0.0152782,""num_orders"":1},{""price"":65454.25,""size"":0.02,""num_orders"":1},{""price"":65454.24,""size"":0.1500575,""num_orders"":2},{""price"":65454.23,""size"":0.02,""num_orders"":1},{""price"":65454.22,""size"":0.01527786,""num_orders"":2},{""price"":65454.01,""size"":0.02,""num_orders"":1},{""price"":65454.0,""size"":0.0197,""num_orders"":1},{""price"":65453.89,""size"":0.00534714,""num_orders"":1},{""price"":65453.82,""size"":0.02,""num_orders"":1}]","[{""price"":65455.54,""size"":0.21458461,""num_orders"":41},{""price"":65455.56,""size"":0.03,""num_orders"":1},{""price"":65455.76,""size"":1.7e-07,""num_orders"":1},{""price"":65456.85,""size"":0.01527724,""num_orders"":2},{""price"":65457.18,""size"":0.00534714,""num_orders"":1},{""price"":65458.0,""size"":0.0197,""num_orders"":1},{""price"":65458.02,""size"":0.12193701,""num_orders"":1},{""price"":65458.03,""size"":0.12221573,""num_orders"":1},{""price"":65458.88,""size"":0.001619,""num_orders"":1},{""price"":65459.03,""size"":1.7e-07,""num_orders"":1}]"
btc_usd_d10_20260721T041843Z,34,2026-07-21T04:52:43.021883Z,2026-07-21T04:52:43.022007Z,BTC-USD,10,ok,,132988340381,2026-07-21T04:52:42.604845290Z,0.39040662,0.10640962,0.571633890229,65462.910000000003,65462.919999999998,65462.915000000001,0.009999999995,0.001527582448,"[{""price"":65462.91,""size"":0.0870538,""num_orders"":5},{""price"":65462.86,""size"":0.00135499,""num_orders"":1},{""price"":65461.61,""size"":0.02,""num_orders"":1},{""price"":65461.6,""size"":0.01527614,""num_orders"":2},{""price"":65461.25,""size"":0.02,""num_orders"":1},{""price"":65461.24,""size"":0.00534654,""num_orders"":1},{""price"":65460.87,""size"":0.02,""num_orders"":1},{""price"":65460.86,""size"":0.18010315,""num_orders"":3},{""price"":65460.85,""size"":0.021272,""num_orders"":1},{""price"":65460.61,""size"":0.02,""num_orders"":1}]","[{""price"":65462.92,""size"":0.04437008,""num_orders"":11},{""price"":65462.95,""size"":1.7e-05,""num_orders"":1},{""price"":65462.99,""size"":1.2e-07,""num_orders"":1},{""price"":65463.01,""size"":1.2e-07,""num_orders"":1},{""price"":65463.14,""size"":1.3e-07,""num_orders"":1},{""price"":65464.0,""size"":0.0207,""num_orders"":1},{""price"":65464.23,""size"":0.01527552,""num_orders"":2},{""price"":65464.56,""size"":0.00534653,""num_orders"":1},{""price"":65466.0,""size"":0.0207,""num_orders"":1},{""price"":65466.01,""size"":1.2e-07,""num_orders"":1}]"
btc_usd_d10_20260721T041843Z,35,2026-07-21T04:53:43.021883Z,2026-07-21T04:53:43.022009Z,BTC-USD,10,ok,,132988372413,2026-07-21T04:53:41.669313058Z,0.09125639,1.19531815,-0.858140531834,65451.989999999998,65452,65451.994999999995,0.010000000002,0.001527837311,"[{""price"":65451.99,""size"":0.00069055,""num_orders"":2},{""price"":65451.82,""size"":1.7e-05,""num_orders"":1},{""price"":65450.68,""size"":0.01527868,""num_orders"":2},{""price"":65450.0,""size"":0.01691016,""num_orders"":2},{""price"":65449.6,""size"":0.00153174,""num_orders"":1},{""price"":65448.11,""size"":1.7e-05,""num_orders"":1},{""price"":65447.09,""size"":0.02,""num_orders"":1},{""price"":65447.08,""size"":0.01527952,""num_orders"":2},{""price"":65446.4,""size"":0.00153174,""num_orders"":1},{""price"":65446.15,""size"":0.02,""num_orders"":1}]","[{""price"":65452.0,""size"":0.63485124,""num_orders"":15},{""price"":65452.01,""size"":3e-07,""num_orders"":2},{""price"":65452.02,""size"":0.03,""num_orders"":1},{""price"":65452.18,""size"":0.19942312,""num_orders"":1},{""price"":65452.19,""size"":0.12222662,""num_orders"":1},{""price"":65453.31,""size"":0.01527806,""num_orders"":2},{""price"":65453.64,""size"":0.00534743,""num_orders"":1},{""price"":65453.82,""size"":0.04765437,""num_orders"":1},{""price"":65453.97,""size"":0.12193701,""num_orders"":1},{""price"":65454.0,""size"":0.0186,""num_orders"":1}]"
btc_usd_d10_20260721T041843Z,36,2026-07-21T04:54:43.021883Z,2026-07-21T04:54:43.021997Z,BTC-USD,10,ok,,132988399677,2026-07-21T04:54:42.624030786Z,0.44680728,0.34926394,0.122530921291,65437.510000000002,65437.519999999997,65437.514999999999,0.009999999995,0.001528175389,"[{""price"":65437.51,""size"":0.05514498,""num_orders"":6},{""price"":65436.98,""size"":1.7e-05,""num_orders"":1},{""price"":65436.8,""size"":0.00153174,""num_orders"":1},{""price"":65436.65,""size"":0.00499995,""num_orders"":1},{""price"":65436.2,""size"":0.01528206,""num_orders"":2},{""price"":65435.87,""size"":0.00534861,""num_orders"":1},{""price"":65435.39,""size"":0.18222487,""num_orders"":1},{""price"":65435.34,""size"":0.12225807,""num_orders"":1},{""price"":65435.0,""size"":0.04,""num_orders"":2},{""price"":65434.47,""size"":0.02,""num_orders"":1}]","[{""price"":65437.52,""size"":0.06193888,""num_orders"":8},{""price"":65437.54,""size"":0.03,""num_orders"":1},{""price"":65438.0,""size"":0.0196,""num_orders"":1},{""price"":65438.75,""size"":0.01528197,""num_orders"":1},{""price"":65438.83,""size"":0.01528144,""num_orders"":2},{""price"":65439.16,""size"":0.00534861,""num_orders"":1},{""price"":65439.38,""size"":0.00568757,""num_orders"":1},{""price"":65440.0,""size"":0.02113174,""num_orders"":2},{""price"":65440.71,""size"":0.17499343,""num_orders"":2},{""price"":65440.72,""size"":3e-07,""num_orders"":2}]"
btc_usd_d10_20260721T041843Z,37,2026-07-21T04:55:43.021883Z,2026-07-21T04:55:43.021997Z,BTC-USD,10,ok,,132988439080,2026-07-21T04:55:41.477261769Z,0.62969526,0.09534708,0.73698893226,65437.370000000003,65437.379999999997,65437.375,0.009999999995,0.001528178659,"[{""price"":65437.37,""size"":0.12746384,""num_orders"":7},{""price"":65437.16,""size"":1.1e-07,""num_orders"":1},{""price"":65437.13,""size"":0.02000011,""num_orders"":2},{""price"":65437.12,""size"":0.12225487,""num_orders"":2},{""price"":65437.11,""size"":1.1e-07,""num_orders"":1},{""price"":65437.1,""size"":1.1e-07,""num_orders"":1},{""price"":65437.09,""size"":1.1e-07,""num_orders"":1},{""price"":65437.08,""size"":1.1e-07,""num_orders"":1},{""price"":65436.44,""size"":0.02,""num_orders"":1},{""price"":65436.43,""size"":0.33997589,""num_orders"":1}]","[{""price"":65437.38,""size"":0.04703872,""num_orders"":8},{""price"":65437.88,""size"":0.00011691,""num_orders"":4},{""price"":65438.69,""size"":0.01528148,""num_orders"":2},{""price"":65438.99,""size"":2.3e-07,""num_orders"":1},{""price"":65439.0,""size"":2.5e-05,""num_orders"":1},{""price"":65439.01,""size"":1.6e-06,""num_orders"":1},{""price"":65439.02,""size"":0.00534862,""num_orders"":1},{""price"":65440.0,""size"":0.02083174,""num_orders"":2},{""price"":65440.69,""size"":1.7e-05,""num_orders"":1},{""price"":65441.23,""size"":0.00668578,""num_orders"":1}]"
btc_usd_d10_20260721T041843Z,38,2026-07-21T04:56:43.021883Z,2026-07-21T04:56:43.022015Z,BTC-USD,10,ok,,132988457487,2026-07-21T04:56:41.333708261Z,1.48579504,0.10086243,0.872861746272,65437.870000000003,65437.879999999997,65437.875,0.009999999995,0.001528166982,"[{""price"":65437.87,""size"":1.01275794,""num_orders"":14},{""price"":65437.84,""size"":0.17100476,""num_orders"":1},{""price"":65437.83,""size"":0.12225344,""num_orders"":1},{""price"":65437.37,""size"":0.00021912,""num_orders"":1},{""price"":65436.56,""size"":0.01528198,""num_orders"":2},{""price"":65436.23,""size"":0.00534858,""num_orders"":1},{""price"":65436.08,""size"":0.12193701,""num_orders"":1},{""price"":65436.0,""size"":0.0214,""num_orders"":1},{""price"":65435.87,""size"":8.68e-05,""num_orders"":1},{""price"":65435.78,""size"":0.01550541,""num_orders"":1}]","[{""price"":65437.88,""size"":0.03598213,""num_orders"":17},{""price"":65439.19,""size"":0.01528136,""num_orders"":2},{""price"":65439.51,""size"":0.0053486,""num_orders"":1},{""price"":65440.69,""size"":1.7e-05,""num_orders"":1},{""price"":65441.23,""size"":0.00668578,""num_orders"":1},{""price"":65441.81,""size"":9.55e-05,""num_orders"":1},{""price"":65442.0,""size"":0.0193,""num_orders"":1},{""price"":65442.62,""size"":0.00163,""num_orders"":1},{""price"":65442.79,""size"":0.01642656,""num_orders"":2},{""price"":65443.12,""size"":9.55e-05,""num_orders"":1}]"
btc_usd_d10_20260721T041843Z,39,2026-07-21T04:57:43.021883Z,2026-07-21T04:57:43.022002Z,BTC-USD,10,ok,,132988497933,2026-07-21T04:57:41.531118541Z,0.77646454,0.10248601,0.76679914473,65483.779999999999,65483.790000000001,65483.785000000003,0.010000000002,0.001527095601,"[{""price"":65483.78,""size"":0.03442426,""num_orders"":2},{""price"":65482.78,""size"":4e-05,""num_orders"":1},{""price"":65482.5,""size"":0.00076354,""num_orders"":1},{""price"":65482.17,""size"":0.15035119,""num_orders"":2},{""price"":65482.16,""size"":0.12193701,""num_orders"":1},{""price"":65482.14,""size"":0.00534483,""num_orders"":1},{""price"":65482.0,""size"":0.0214,""num_orders"":1},{""price"":65481.77,""size"":0.12217138,""num_orders"":1},{""price"":65481.04,""size"":0.29863233,""num_orders"":2},{""price"":65480.0,""size"":0.0214,""num_orders"":1}]","[{""price"":65483.79,""size"":0.0608,""num_orders"":3},{""price"":65484.0,""size"":2.3e-07,""num_orders"":1},{""price"":65484.8,""size"":0.00153174,""num_orders"":1},{""price"":65485.0,""size"":0.0003865,""num_orders"":1},{""price"":65485.21,""size"":1.7e-05,""num_orders"":1},{""price"":65485.5,""size"":2.3e-07,""num_orders"":1},{""price"":65486.43,""size"":0.01527145,""num_orders"":1},{""price"":65486.99,""size"":1.2e-07,""num_orders"":1},{""price"":65487.11,""size"":0.001547,""num_orders"":1},{""price"":65488.0,""size"":0.02293174,""num_orders"":2}]"
btc_usd_d10_20260721T041843Z,40,2026-07-21T04:58:43.021883Z,2026-07-21T04:58:43.022009Z,BTC-USD,10,ok,,132988519190,2026-07-21T04:58:41.124079929Z,0.49045748,0.40951675,0.089936719633,65478.269999999997,65478.279999999999,65478.274999999994,0.010000000002,0.001527224106,"[{""price"":65478.27,""size"":0.00140075,""num_orders"":2},{""price"":65476.97,""size"":0.02451828,""num_orders"":1},{""price"":65476.96,""size"":0.01527254,""num_orders"":2},{""price"":65476.63,""size"":0.00534528,""num_orders"":1},{""price"":65476.0,""size"":0.0204,""num_orders"":1},{""price"":65475.52,""size"":5.133e-05,""num_orders"":1},{""price"":65475.2,""size"":0.00153174,""num_orders"":1},{""price"":65475.14,""size"":0.018,""num_orders"":1},{""price"":65474.48,""size"":0.02,""num_orders"":1},{""price"":65474.47,""size"":0.38393756,""num_orders"":3}]","[{""price"":65478.28,""size"":0.08500853,""num_orders"":14},{""price"":65478.58,""size"":0.04614816,""num_orders"":1},{""price"":65478.92,""size"":0.11266572,""num_orders"":1},{""price"":65478.93,""size"":0.122177,""num_orders"":3},{""price"":65478.94,""size"":1.3e-07,""num_orders"":1},{""price"":65478.96,""size"":0.00359929,""num_orders"":1},{""price"":65479.59,""size"":0.01527194,""num_orders"":2},{""price"":65479.91,""size"":0.00534533,""num_orders"":1},{""price"":65480.0,""size"":0.0193,""num_orders"":1},{""price"":65480.48,""size"":6.5e-07,""num_orders"":5}]"
btc_usd_d10_20260721T041843Z,41,2026-07-21T04:59:43.021883Z,2026-07-21T04:59:43.022032Z,BTC-USD,10,ok,,132988548603,2026-07-21T04:59:42.760798068Z,0.63160114,1.34670753,-0.361473616754,65477.029999999999,65477.040000000001,65477.035000000003,0.010000000002,0.001527253029,"[{""price"":65477.03,""size"":0.03,""num_orders"":2},{""price"":65475.4,""size"":0.00534537,""num_orders"":1},{""price"":65474.93,""size"":0.18521853,""num_orders"":1},{""price"":65474.92,""size"":0.12193701,""num_orders"":1},{""price"":65474.13,""size"":0.00162,""num_orders"":1},{""price"":65474.0,""size"":0.0214,""num_orders"":1},{""price"":65473.42,""size"":0.01527306,""num_orders"":1},{""price"":65473.19,""size"":0.00668171,""num_orders"":1},{""price"":65472.63,""size"":0.12218845,""num_orders"":1},{""price"":65472.53,""size"":0.12193701,""num_orders"":1}]","[{""price"":65477.04,""size"":0.08097976,""num_orders"":3},{""price"":65477.42,""size"":1.26380841,""num_orders"":1},{""price"":65477.43,""size"":1.3e-07,""num_orders"":1},{""price"":65478.01,""size"":1.6e-06,""num_orders"":1},{""price"":65478.4,""size"":0.00153174,""num_orders"":1},{""price"":65479.07,""size"":1.3e-07,""num_orders"":1},{""price"":65479.49,""size"":1.6e-06,""num_orders"":1},{""price"":65479.53,""size"":4.4e-07,""num_orders"":1},{""price"":65479.54,""size"":4.4e-07,""num_orders"":1},{""price"":65479.83,""size"":0.00038328,""num_orders"":1}]"
btc_usd_d10_20260721T041843Z,42,2026-07-21T05:00:43.021883Z,2026-07-21T05:00:43.022035Z,BTC-USD,10,ok,,132988576940,2026-07-21T05:00:39.534772872Z,1.01693061,0.26055155,0.592085810419,65462.300000000003,65462.309999999998,65462.305,0.009999999995,0.001527596683,"[{""price"":65462.3,""size"":0.80004217,""num_orders"":4},{""price"":65462.29,""size"":1.1e-07,""num_orders"":1},{""price"":65462.28,""size"":1.1e-07,""num_orders"":1},{""price"":65462.25,""size"":1.1e-07,""num_orders"":1},{""price"":65462.24,""size"":1.1e-07,""num_orders"":1},{""price"":65460.99,""size"":0.01527628,""num_orders"":2},{""price"":65460.66,""size"":0.00534658,""num_orders"":1},{""price"":65459.2,""size"":0.00153174,""num_orders"":1},{""price"":65458.9,""size"":0.07279639,""num_orders"":1},{""price"":65458.89,""size"":0.12193701,""num_orders"":1}]","[{""price"":65462.31,""size"":0.08266701,""num_orders"":9},{""price"":65462.95,""size"":1.7e-05,""num_orders"":1},{""price"":65462.96,""size"":3.855e-05,""num_orders"":1},{""price"":65462.99,""size"":1.6e-06,""num_orders"":1},{""price"":65463.0,""size"":2.5e-05,""num_orders"":1},{""price"":65463.59,""size"":0.11578015,""num_orders"":2},{""price"":65463.62,""size"":0.01527566,""num_orders"":2},{""price"":65463.95,""size"":0.00534658,""num_orders"":1},{""price"":65464.0,""size"":0.0214,""num_orders"":1},{""price"":65464.83,""size"":0.02,""num_orders"":1}]"
btc_usd_d10_20260721T041843Z,43,2026-07-21T05:01:43.021883Z,2026-07-21T05:01:43.021982Z,BTC-USD,10,ok,,132988606913,2026-07-21T05:01:41.171297202Z,0.63213034,0.41449976,0.207934570198,65495.980000000003,65495.989999999998,65495.985000000001,0.009999999995,0.001526811146,"[{""price"":65495.98,""size"":0.21414972,""num_orders"":5},{""price"":65495.73,""size"":0.12214534,""num_orders"":1},{""price"":65494.66,""size"":0.01526842,""num_orders"":2},{""price"":65494.33,""size"":0.00534383,""num_orders"":1},{""price"":65494.0,""size"":0.0214,""num_orders"":1},{""price"":65493.54,""size"":0.001554,""num_orders"":1},{""price"":65493.23,""size"":0.00150034,""num_orders"":1},{""price"":65493.17,""size"":0.12193701,""num_orders"":1},{""price"":65492.23,""size"":0.12215189,""num_orders"":1},{""price"":65492.12,""size"":0.00667979,""num_orders"":1}]","[{""price"":65495.99,""size"":1.6e-06,""num_orders"":1},{""price"":65496.34,""size"":1.7e-05,""num_orders"":1},{""price"":65497.51,""size"":1.6e-06,""num_orders"":1},{""price"":65497.95,""size"":1.7e-07,""num_orders"":1},{""price"":65500.05,""size"":1.7e-05,""num_orders"":1},{""price"":65500.64,""size"":0.01526948,""num_orders"":1},{""price"":65502.27,""size"":0.15038854,""num_orders"":1},{""price"":65502.28,""size"":0.12193701,""num_orders"":1},{""price"":65502.29,""size"":0.12213315,""num_orders"":1},{""price"":65502.53,""size"":0.00473421,""num_orders"":1}]"
btc_usd_d10_20260721T041843Z,44,2026-07-21T05:02:43.021883Z,2026-07-21T05:02:43.022006Z,BTC-USD,10,ok,,132988637022,2026-07-21T05:02:41.172877426Z,0.0217282,0.41883179,-0.901360992858,65464.449999999997,65464.459999999999,65464.455000000002,0.010000000002,0.001527546514,"[{""price"":65464.45,""size"":0.00032732,""num_orders"":3},{""price"":65464.44,""size"":1.1e-07,""num_orders"":1},{""price"":65464.4,""size"":1.1e-07,""num_orders"":1},{""price"":65464.39,""size"":1.1e-07,""num_orders"":1},{""price"":65464.38,""size"":1.1e-07,""num_orders"":1},{""price"":65464.33,""size"":1.1e-07,""num_orders"":1},{""price"":65464.32,""size"":1.1e-07,""num_orders"":1},{""price"":65464.31,""size"":1.1e-07,""num_orders"":1},{""price"":65464.3,""size"":1.1e-07,""num_orders"":1},{""price"":65464.0,""size"":0.0214,""num_orders"":1}]","[{""price"":65464.46,""size"":0.23307574,""num_orders"":12},{""price"":65464.48,""size"":0.03068359,""num_orders"":7},{""price"":65464.49,""size"":1.3e-07,""num_orders"":1},{""price"":65464.5,""size"":1.3e-07,""num_orders"":1},{""price"":65465.17,""size"":0.01071758,""num_orders"":1},{""price"":65465.6,""size"":0.00153174,""num_orders"":1},{""price"":65465.77,""size"":0.01527516,""num_orders"":2},{""price"":65466.12,""size"":0.00534641,""num_orders"":1},{""price"":65466.21,""size"":4.4e-07,""num_orders"":1},{""price"":65466.22,""size"":0.12220087,""num_orders"":2}]"
btc_usd_d10_20260721T041843Z,45,2026-07-21T05:03:43.021883Z,2026-07-21T05:03:43.022045Z,BTC-USD,10,ok,,132988673032,2026-07-21T05:03:42.673677914Z,0.10257922,1.04054874,-0.820528893371,65461.209999999999,65461.220000000001,65461.214999999997,0.010000000002,0.00152762212,"[{""price"":65461.21,""size"":0.00152745,""num_orders"":1},{""price"":65459.9,""size"":0.01527652,""num_orders"":2},{""price"":65459.57,""size"":0.00534667,""num_orders"":1},{""price"":65458.0,""size"":0.00017812,""num_orders"":1},{""price"":65457.36,""size"":0.00668334,""num_orders"":1},{""price"":65456.3,""size"":0.01527736,""num_orders"":2},{""price"":65456.19,""size"":0.001612,""num_orders"":1},{""price"":65456.0,""size"":0.0214,""num_orders"":1},{""price"":65454.66,""size"":0.01527776,""num_orders"":2},{""price"":65454.11,""size"":0.02,""num_orders"":1}]","[{""price"":65461.22,""size"":0.25672713,""num_orders"":14},{""price"":65462.28,""size"":0.18893588,""num_orders"":1},{""price"":65462.29,""size"":0.16808517,""num_orders"":2},{""price"":65462.31,""size"":0.00853097,""num_orders"":2},{""price"":65462.53,""size"":0.01527592,""num_orders"":2},{""price"":65462.89,""size"":0.12220664,""num_orders"":1},{""price"":65462.95,""size"":1.7e-05,""num_orders"":1},{""price"":65464.56,""size"":0.001596,""num_orders"":1},{""price"":65465.6,""size"":0.00153174,""num_orders"":1},{""price"":65465.82,""size"":0.27764229,""num_orders"":1}]"
btc_usd_d10_20260721T041843Z,46,2026-07-21T05:04:43.021883Z,2026-07-21T05:04:43.022024Z,BTC-USD,10,ok,,132988707835,2026-07-21T05:04:42.626744517Z,0.30544794,0.54568811,-0.282258247668,65500.040000000001,65500.050000000003,65500.044999999998,0.010000000002,0.001526716509,"[{""price"":65500.04,""size"":0.04957307,""num_orders"":4},{""price"":65500.01,""size"":0.00427171,""num_orders"":1},{""price"":65500.0,""size"":0.0175,""num_orders"":1},{""price"":65499.9,""size"":0.00024198,""num_orders"":1},{""price"":65498.4,""size"":0.0053435,""num_orders"":1},{""price"":65498.0,""size"":0.0175,""num_orders"":1},{""price"":65497.86,""size"":0.02,""num_orders"":1},{""price"":65497.85,""size"":0.16948594,""num_orders"":2},{""price"":65497.6,""size"":0.00153174,""num_orders"":1},{""price"":65497.13,""size"":0.02,""num_orders"":1}]","[{""price"":65500.05,""size"":0.01954491,""num_orders"":9},{""price"":65501.69,""size"":0.0053435,""num_orders"":1},{""price"":65501.7,""size"":0.12213424,""num_orders"":1},{""price"":65503.76,""size"":1.7e-05,""num_orders"":1},{""price"":65503.9,""size"":0.00667938,""num_orders"":1},{""price"":65504.0,""size"":0.0175,""num_orders"":1},{""price"":65504.64,""size"":0.15266094,""num_orders"":1},{""price"":65504.96,""size"":0.01218693,""num_orders"":2},{""price"":65505.35,""size"":0.20808421,""num_orders"":1},{""price"":65505.91,""size"":0.001537,""num_orders"":1}]"
btc_usd_d10_20260721T041843Z,47,2026-07-21T05:05:43.021883Z,2026-07-21T05:05:43.022029Z,BTC-USD,10,ok,,132988753143,2026-07-21T05:05:42.043777462Z,2.55870826,0.37669117,0.74334588598,65459.230000000003,65459.239999999998,65459.235000000001,0.009999999995,0.001527668326,"[{""price"":65459.23,""size"":0.95465077,""num_orders"":9},{""price"":65459.17,""size"":0.32865618,""num_orders"":1},{""price"":65458.02,""size"":0.12193701,""num_orders"":1},{""price"":65458.0,""size"":0.0173,""num_orders"":1},{""price"":65457.59,""size"":0.00534683,""num_orders"":1},{""price"":65457.21,""size"":0.00197574,""num_orders"":1},{""price"":65455.85,""size"":0.15277472,""num_orders"":1},{""price"":65455.84,""size"":0.12193701,""num_orders"":1},{""price"":65455.54,""size"":0.04614816,""num_orders"":1},{""price"":65455.53,""size"":0.80798184,""num_orders"":2}]","[{""price"":65459.24,""size"":0.05479788,""num_orders"":3},{""price"":65460.96,""size"":0.001616,""num_orders"":1},{""price"":65462.95,""size"":1.7e-05,""num_orders"":1},{""price"":65462.96,""size"":0.00154071,""num_orders"":7},{""price"":65463.99,""size"":0.04614816,""num_orders"":1},{""price"":65464.0,""size"":0.0192,""num_orders"":1},{""price"":65465.03,""size"":0.01527776,""num_orders"":1},{""price"":65465.6,""size"":0.00153174,""num_orders"":1},{""price"":65465.81,""size"":0.02,""num_orders"":1},{""price"":65465.82,""size"":0.21656192,""num_orders"":1}]"
btc_usd_d10_20260721T041843Z,48,2026-07-21T05:06:43.021883Z,2026-07-21T05:06:43.022009Z,BTC-USD,10,ok,,132988785226,2026-07-21T05:06:40.680809084Z,0.21696182,1.00877611,-0.645989873219,65459.230000000003,65459.239999999998,65459.235000000001,0.009999999995,0.001527668326,"[{""price"":65459.23,""size"":0.03486719,""num_orders"":3},{""price"":65457.92,""size"":0.015277,""num_orders"":2},{""price"":65457.59,""size"":0.00534683,""num_orders"":1},{""price"":65457.46,""size"":0.00044502,""num_orders"":1},{""price"":65456.0,""size"":0.02063174,""num_orders"":2},{""price"":65455.38,""size"":0.00668354,""num_orders"":1},{""price"":65454.16,""size"":0.05164398,""num_orders"":1},{""price"":65454.15,""size"":0.04614816,""num_orders"":1},{""price"":65454.14,""size"":0.01581836,""num_orders"":1},{""price"":65454.0,""size"":0.0201,""num_orders"":1}]","[{""price"":65459.24,""size"":0.11546786,""num_orders"":12},{""price"":65459.83,""size"":0.12193701,""num_orders"":1},{""price"":65459.84,""size"":0.2266864,""num_orders"":1},{""price"":65459.85,""size"":0.22159627,""num_orders"":1},{""price"":65459.87,""size"":0.12221228,""num_orders"":1},{""price"":65460.55,""size"":0.01527638,""num_orders"":2},{""price"":65460.88,""size"":0.00534683,""num_orders"":1},{""price"":65462.16,""size"":0.001594,""num_orders"":1},{""price"":65462.4,""size"":0.00153174,""num_orders"":1},{""price"":65462.82,""size"":0.17712734,""num_orders"":1}]"
btc_usd_d10_20260721T041843Z,49,2026-07-21T05:07:43.021883Z,2026-07-21T05:07:43.022014Z,BTC-USD,10,ok,,132988824965,2026-07-21T05:07:42.605139171Z,1.10350329,0.20323276,0.68894596579,65477.5,65477.510000000002,65477.505000000005,0.010000000002,0.001527242066,"[{""price"":65477.5,""size"":0.43736172,""num_orders"":9},{""price"":65476.95,""size"":0.04926044,""num_orders"":1},{""price"":65476.5,""size"":0.01907024,""num_orders"":2},{""price"":65476.19,""size"":0.01527272,""num_orders"":2},{""price"":65476.06,""size"":0.022425,""num_orders"":1},{""price"":65475.86,""size"":0.00534534,""num_orders"":1},{""price"":65475.2,""size"":0.00153174,""num_orders"":1},{""price"":65475.14,""size"":0.12193701,""num_orders"":1},{""price"":65475.13,""size"":0.12218378,""num_orders"":1},{""price"":65475.05,""size"":0.3091153,""num_orders"":1}]","[{""price"":65477.51,""size"":0.03997616,""num_orders"":7},{""price"":65477.8,""size"":0.00036082,""num_orders"":4},{""price"":65478.4,""size"":0.00153174,""num_orders"":1},{""price"":65478.82,""size"":0.01527212,""num_orders"":2},{""price"":65479.14,""size"":0.00534538,""num_orders"":1},{""price"":65480.88,""size"":0.12217307,""num_orders"":1},{""price"":65480.95,""size"":0.00668175,""num_orders"":1},{""price"":65481.0,""size"":0.001579,""num_orders"":1},{""price"":65481.6,""size"":0.00153174,""num_orders"":1},{""price"":65482.42,""size"":0.00878098,""num_orders"":1}]"
btc_usd_d10_20260721T041843Z,50,2026-07-21T05:08:43.021883Z,2026-07-21T05:08:43.022013Z,BTC-USD,10,ok,,132988856961,2026-07-21T05:08:41.025273818Z,0.53859644,0.52377668,0.013949675233,65496.339999999997,65496.349999999999,65496.345000000001,0.010000000002,0.001526802755,"[{""price"":65496.34,""size"":0.08504465,""num_orders"":4},{""price"":65496.33,""size"":0.00035574,""num_orders"":1},{""price"":65496.0,""size"":0.0214,""num_orders"":1},{""price"":65495.17,""size"":0.20820705,""num_orders"":1},{""price"":65495.16,""size"":0.12193701,""num_orders"":1},{""price"":65495.14,""size"":0.01987057,""num_orders"":1},{""price"":65495.03,""size"":0.01526834,""num_orders"":2},{""price"":65495.0,""size"":0.01,""num_orders"":1},{""price"":65494.89,""size"":0.022671,""num_orders"":1},{""price"":65494.84,""size"":0.03384208,""num_orders"":1}]","[{""price"":65496.35,""size"":0.11773733,""num_orders"":8},{""price"":65497.56,""size"":0.00351614,""num_orders"":1},{""price"":65497.66,""size"":0.01526772,""num_orders"":2},{""price"":65497.88,""size"":0.07820776,""num_orders"":1},{""price"":65497.89,""size"":0.12214133,""num_orders"":1},{""price"":65497.99,""size"":0.0053438,""num_orders"":1},{""price"":65498.96,""size"":0.16753947,""num_orders"":2},{""price"":65500.06,""size"":0.00568737,""num_orders"":1},{""price"":65500.18,""size"":0.001656,""num_orders"":1},{""price"":65500.2,""size"":0.00667976,""num_orders"":1}]"
btc_usd_d10_20260721T041843Z,51,2026-07-21T05:09:43.021883Z,2026-07-21T05:09:43.022027Z,BTC-USD,10,ok,,132988889461,2026-07-21T05:09:42.024125836Z,0.33726486,0.84302208,-0.428503614553,65496.330000000002,65496.339999999997,65496.334999999999,0.009999999995,0.001526802987,"[{""price"":65496.33,""size"":0.00017782,""num_orders"":1},{""price"":65494.69,""size"":0.00534381,""num_orders"":1},{""price"":65492.48,""size"":0.00667976,""num_orders"":1},{""price"":65492.17,""size"":0.022808,""num_orders"":1},{""price"":65492.0,""size"":0.0214,""num_orders"":1},{""price"":65490.03,""size"":0.1222488,""num_orders"":1},{""price"":65490.02,""size"":0.12193701,""num_orders"":1},{""price"":65490.0,""size"":0.0214,""num_orders"":1},{""price"":65489.38,""size"":0.00763483,""num_orders"":1},{""price"":65489.34,""size"":0.00763483,""num_orders"":1}]","[{""price"":65496.34,""size"":0.13682991,""num_orders"":6},{""price"":65496.63,""size"":0.07291977,""num_orders"":1},{""price"":65496.64,""size"":0.12214367,""num_orders"":1},{""price"":65496.91,""size"":0.01526727,""num_orders"":1},{""price"":65498.38,""size"":0.30179823,""num_orders"":1},{""price"":65498.39,""size"":0.12193701,""num_orders"":1},{""price"":65498.4,""size"":0.02,""num_orders"":1},{""price"":65500.04,""size"":0.04,""num_orders"":2},{""price"":65500.05,""size"":1.7e-05,""num_orders"":1},{""price"":65500.51,""size"":0.01210922,""num_orders"":2}]"
btc_usd_d10_20260721T041843Z,52,2026-07-21T05:10:43.021883Z,2026-07-21T05:10:43.022013Z,BTC-USD,10,ok,,132988912189,2026-07-21T05:10:40.618247308Z,0.43403471,1.1220363,-0.442140227264,65484.010000000002,65484.019999999997,65484.014999999999,0.009999999995,0.001527090236,"[{""price"":65484.01,""size"":0.01534707,""num_orders"":3},{""price"":65482.7,""size"":0.0152712,""num_orders"":2},{""price"":65482.37,""size"":0.00763564,""num_orders"":1},{""price"":65482.0,""size"":0.0203,""num_orders"":1},{""price"":65481.6,""size"":0.00153174,""num_orders"":1},{""price"":65481.5,""size"":1.7e-05,""num_orders"":1},{""price"":65480.97,""size"":0.12217289,""num_orders"":1},{""price"":65480.6,""size"":0.11982216,""num_orders"":2},{""price"":65480.59,""size"":0.12193701,""num_orders"":1},{""price"":65480.0,""size"":0.01,""num_orders"":1}]","[{""price"":65484.02,""size"":0.50331481,""num_orders"":5},{""price"":65485.33,""size"":0.0152706,""num_orders"":2},{""price"":65485.66,""size"":0.00534481,""num_orders"":1},{""price"":65486.25,""size"":0.08663048,""num_orders"":2},{""price"":65486.48,""size"":0.00282519,""num_orders"":1},{""price"":65487.24,""size"":0.1221612,""num_orders"":1},{""price"":65487.57,""size"":0.001537,""num_orders"":1},{""price"":65487.87,""size"":0.00668101,""num_orders"":1},{""price"":65488.87,""size"":0.2255735,""num_orders"":1},{""price"":65488.88,""size"":0.1526977,""num_orders"":1}]"
btc_usd_d10_20260721T041843Z,53,2026-07-21T05:11:43.021883Z,2026-07-21T05:11:43.022021Z,BTC-USD,10,ok,,132988937856,2026-07-21T05:11:41.534651108Z,1.09935222,0.34877151,0.518312554688,65468.07,65468.080000000002,65468.074999999997,0.010000000002,0.00152746205,"[{""price"":65468.07,""size"":0.12566834,""num_orders"":6},{""price"":65468.05,""size"":0.02,""num_orders"":1},{""price"":65468.04,""size"":0.40821188,""num_orders"":1},{""price"":65468.03,""size"":0.22159627,""num_orders"":1},{""price"":65468.01,""size"":0.04614816,""num_orders"":1},{""price"":65468.0,""size"":0.0183,""num_orders"":1},{""price"":65467.17,""size"":0.12219864,""num_orders"":1},{""price"":65466.77,""size"":0.12193701,""num_orders"":1},{""price"":65466.76,""size"":0.01527492,""num_orders"":2},{""price"":65466.66,""size"":1.7e-05,""num_orders"":1}]","[{""price"":65468.08,""size"":0.06120905,""num_orders"":4},{""price"":65469.39,""size"":0.01527432,""num_orders"":2},{""price"":65469.72,""size"":0.00534611,""num_orders"":1},{""price"":65470.36,""size"":0.03192465,""num_orders"":1},{""price"":65470.38,""size"":0.04248501,""num_orders"":2},{""price"":65470.39,""size"":0.00430748,""num_orders"":1},{""price"":65471.93,""size"":0.00668264,""num_orders"":1},{""price"":65472.0,""size"":0.0183,""num_orders"":1},{""price"":65472.05,""size"":0.16167325,""num_orders"":1},{""price"":65472.07,""size"":0.001569,""num_orders"":1}]"
btc_usd_d10_20260721T041843Z,54,2026-07-21T05:12:43.021883Z,2026-07-21T05:12:43.022009Z,BTC-USD,10,ok,,132988973174,2026-07-21T05:12:42.543092319Z,0.42136346,0.506438,-0.091694768404,65477.779999999999,65477.790000000001,65477.785000000003,0.010000000002,0.001527235535,"[{""price"":65477.78,""size"":0.03534511,""num_orders"":3},{""price"":65476.14,""size"":0.00534532,""num_orders"":1},{""price"":65476.0,""size"":0.0174,""num_orders"":1},{""price"":65475.95,""size"":0.00076361,""num_orders"":1},{""price"":65474.02,""size"":0.02,""num_orders"":1},{""price"":65474.01,""size"":0.04614816,""num_orders"":1},{""price"":65474.0,""size"":0.0183,""num_orders"":1},{""price"":65473.94,""size"":0.1494426,""num_orders"":2},{""price"":65473.93,""size"":0.00668165,""num_orders"":1},{""price"":65473.76,""size"":0.12193701,""num_orders"":1}]","[{""price"":65477.79,""size"":0.07434927,""num_orders"":10},{""price"":65480.0,""size"":0.0174,""num_orders"":1},{""price"":65480.02,""size"":0.00568722,""num_orders"":1},{""price"":65480.07,""size"":0.14620576,""num_orders"":2},{""price"":65480.08,""size"":0.01527217,""num_orders"":1},{""price"":65480.4,""size"":0.12217397,""num_orders"":1},{""price"":65481.02,""size"":0.001629,""num_orders"":1},{""price"":65481.5,""size"":1.7e-05,""num_orders"":1},{""price"":65481.53,""size"":0.12217187,""num_orders"":1},{""price"":65481.6,""size"":0.00153174,""num_orders"":1}]"
btc_usd_d10_20260721T041843Z,55,2026-07-21T05:13:43.021883Z,2026-07-21T05:13:43.022022Z,BTC-USD,10,ok,,132988994891,2026-07-21T05:13:41.038715193Z,0.39406006,0.57199658,-0.184188496443,65471.660000000003,65471.669999999998,65471.665000000001,0.009999999995,0.001527378293,"[{""price"":65471.66,""size"":0.05229616,""num_orders"":4},{""price"":65471.4,""size"":0.01980071,""num_orders"":1},{""price"":65471.36,""size"":0.023007,""num_orders"":1},{""price"":65470.36,""size"":0.01527408,""num_orders"":2},{""price"":65470.03,""size"":0.00534582,""num_orders"":1},{""price"":65470.0,""size"":0.0174,""num_orders"":1},{""price"":65469.5,""size"":0.0152718,""num_orders"":1},{""price"":65468.8,""size"":0.00153174,""num_orders"":1},{""price"":65468.74,""size"":0.12193701,""num_orders"":1},{""price"":65468.73,""size"":0.12219574,""num_orders"":1}]","[{""price"":65471.67,""size"":0.08032053,""num_orders"":6},{""price"":65472.08,""size"":0.00135144,""num_orders"":1},{""price"":65472.99,""size"":0.01527348,""num_orders"":2},{""price"":65473.72,""size"":0.00534579,""num_orders"":1},{""price"":65475.2,""size"":0.00153174,""num_orders"":1},{""price"":65475.24,""size"":0.12218359,""num_orders"":1},{""price"":65475.35,""size"":0.21577977,""num_orders"":1},{""price"":65475.36,""size"":0.12193701,""num_orders"":1},{""price"":65475.71,""size"":0.001591,""num_orders"":1},{""price"":65475.93,""size"":0.00668223,""num_orders"":1}]"
btc_usd_d10_20260721T041843Z,56,2026-07-21T05:14:43.021883Z,2026-07-21T05:14:43.022018Z,BTC-USD,10,ok,,132989017381,2026-07-21T05:14:41.152802883Z,0.61608048,0.62025037,-0.003372794588,65474.580000000002,65474.589999999997,65474.584999999999,0.009999999995,0.001527310176,"[{""price"":65474.58,""size"":0.03103467,""num_orders"":3},{""price"":65474.08,""size"":1.7e-05,""num_orders"":1},{""price"":65473.27,""size"":0.0152734,""num_orders"":2},{""price"":65472.06,""size"":0.12218951,""num_orders"":1},{""price"":65472.04,""size"":0.023,""num_orders"":1},{""price"":65472.0,""size"":0.01893174,""num_orders"":2},{""price"":65471.41,""size"":0.04614816,""num_orders"":1},{""price"":65471.4,""size"":0.01980071,""num_orders"":1},{""price"":65471.09,""size"":0.21774828,""num_orders"":1},{""price"":65471.08,""size"":0.12193701,""num_orders"":1}]","[{""price"":65474.59,""size"":0.07969008,""num_orders"":6},{""price"":65475.88,""size"":0.02,""num_orders"":1},{""price"":65475.89,""size"":0.19582536,""num_orders"":1},{""price"":65475.9,""size"":0.0152728,""num_orders"":2},{""price"":65476.23,""size"":0.00534558,""num_orders"":1},{""price"":65477.38,""size"":0.02,""num_orders"":1},{""price"":65477.39,""size"":0.12193701,""num_orders"":1},{""price"":65477.4,""size"":0.02,""num_orders"":1},{""price"":65477.41,""size"":0.12217954,""num_orders"":1},{""price"":65477.99,""size"":0.02,""num_orders"":1}]"
btc_usd_d10_20260721T041843Z,57,2026-07-21T05:15:43.021883Z,2026-07-21T05:15:43.022019Z,BTC-USD,10,ok,,132989056297,2026-07-21T05:15:42.023784479Z,0.24306568,0.7550558,-0.51295371381,65477.779999999999,65477.790000000001,65477.785000000003,0.010000000002,0.001527235535,"[{""price"":65477.78,""size"":0.03534501,""num_orders"":3},{""price"":65476.47,""size"":0.01527266,""num_orders"":2},{""price"":65476.14,""size"":0.00534532,""num_orders"":1},{""price"":65475.17,""size"":0.12218371,""num_orders"":1},{""price"":65474.13,""size"":0.00155,""num_orders"":1},{""price"":65474.08,""size"":0.00035559,""num_orders"":3},{""price"":65474.0,""size"":0.0191,""num_orders"":1},{""price"":65473.93,""size"":0.00668165,""num_orders"":1},{""price"":65472.0,""size"":0.01723174,""num_orders"":2},{""price"":65471.92,""size"":0.02,""num_orders"":1}]","[{""price"":65477.79,""size"":0.21312948,""num_orders"":6},{""price"":65477.8,""size"":0.01332809,""num_orders"":6},{""price"":65478.41,""size"":0.00039253,""num_orders"":5},{""price"":65479.09,""size"":0.02,""num_orders"":1},{""price"":65479.1,""size"":0.01527204,""num_orders"":2},{""price"":65479.52,""size"":0.02,""num_orders"":1},{""price"":65479.53,""size"":0.25099122,""num_orders"":2},{""price"":65479.54,""size"":0.12193701,""num_orders"":1},{""price"":65479.57,""size"":0.1,""num_orders"":1},{""price"":65479.58,""size"":5.43e-06,""num_orders"":1}]"
btc_usd_d10_20260721T041843Z,58,2026-07-21T05:16:43.021883Z,2026-07-21T05:16:43.022010Z,BTC-USD,10,ok,,132989081230,2026-07-21T05:16:41.104171784Z,0.25916938,1.56452887,-0.715776028189,65468.919999999998,65468.93,65468.925000000003,0.010000000002,0.001527442218,"[{""price"":65468.92,""size"":0.03570009,""num_orders"":3},{""price"":65467.61,""size"":0.01527472,""num_orders"":2},{""price"":65467.28,""size"":0.00534604,""num_orders"":1},{""price"":65465.64,""size"":0.001618,""num_orders"":1},{""price"":65465.07,""size"":0.00668255,""num_orders"":1},{""price"":65464.33,""size"":0.00035697,""num_orders"":2},{""price"":65464.0,""size"":0.0182,""num_orders"":1},{""price"":65463.76,""size"":0.04614816,""num_orders"":1},{""price"":65463.75,""size"":0.12220501,""num_orders"":1},{""price"":65463.52,""size"":0.00763784,""num_orders"":1}]","[{""price"":65468.93,""size"":0.96159723,""num_orders"":8},{""price"":65469.37,""size"":0.0070466,""num_orders"":1},{""price"":65469.48,""size"":0.12219434,""num_orders"":1},{""price"":65470.24,""size"":0.01527412,""num_orders"":2},{""price"":65470.55,""size"":0.16705881,""num_orders"":1},{""price"":65470.56,""size"":0.12193701,""num_orders"":1},{""price"":65470.57,""size"":0.00534604,""num_orders"":1},{""price"":65471.86,""size"":0.00015273,""num_orders"":1},{""price"":65471.87,""size"":0.15254746,""num_orders"":6},{""price"":65472.01,""size"":0.01137453,""num_orders"":1}]"
btc_usd_d10_20260721T041843Z,59,2026-07-21T05:17:43.021883Z,2026-07-21T05:17:43.022009Z,BTC-USD,10,ok,,132989119550,2026-07-21T05:17:42.344071302Z,0.32325649,0.60164858,-0.300995311876,65491.010000000002,65491.019999999997,65491.014999999999,0.009999999995,0.001526927014,"[{""price"":65491.01,""size"":0.0892748,""num_orders"":5},{""price"":65489.7,""size"":0.01526958,""num_orders"":2},{""price"":65489.38,""size"":0.00534421,""num_orders"":1},{""price"":65488.0,""size"":0.0181,""num_orders"":1},{""price"":65487.37,""size"":0.001639,""num_orders"":1},{""price"":65487.24,""size"":0.12193701,""num_orders"":1},{""price"":65487.23,""size"":0.04614816,""num_orders"":1},{""price"":65487.17,""size"":0.00668027,""num_orders"":1},{""price"":65486.12,""size"":0.00076346,""num_orders"":1},{""price"":65486.0,""size"":0.0181,""num_orders"":1}]","[{""price"":65491.02,""size"":0.24455799,""num_orders"":11},{""price"":65492.33,""size"":0.01526896,""num_orders"":2},{""price"":65492.63,""size"":1.7e-05,""num_orders"":1},{""price"":65493.68,""size"":0.14153255,""num_orders"":1},{""price"":65493.69,""size"":0.12214917,""num_orders"":1},{""price"":65493.73,""size"":2.291e-05,""num_orders"":1},{""price"":65493.99,""size"":0.02,""num_orders"":1},{""price"":65494.0,""size"":0.0181,""num_orders"":1},{""price"":65494.1,""size"":0.02,""num_orders"":1},{""price"":65494.39,""size"":0.02,""num_orders"":1}]"
btc_usd_d10_20260721T073548Z,0,2026-07-21T07:35:48.461996Z,2026-07-21T07:35:48.462029Z,BTC-USD,10,ok,,132994248899,2026-07-21T07:35:46.546689632Z,0.36166903,0.6158677,-0.260040019161,65970.889999999999,65970.899999999994,65970.89499999999,0.009999999995,0.001515819968,"[{""price"":65970.89,""size"":0.06131572,""num_orders"":4},{""price"":65970.88,""size"":0.03,""num_orders"":1},{""price"":65970.86,""size"":0.03,""num_orders"":1},{""price"":65969.2,""size"":0.00530537,""num_orders"":1},{""price"":65968.0,""size"":0.0092,""num_orders"":1},{""price"":65967.77,""size"":0.01558803,""num_orders"":1},{""price"":65966.97,""size"":0.00663171,""num_orders"":1},{""price"":65966.92,""size"":0.001619,""num_orders"":1},{""price"":65966.0,""size"":0.0092,""num_orders"":1},{""price"":65965.2,""size"":0.1928092,""num_orders"":1}]","[{""price"":65970.9,""size"":0.16757802,""num_orders"":5},{""price"":65971.17,""size"":0.016971,""num_orders"":1},{""price"":65971.2,""size"":0.06821937,""num_orders"":1},{""price"":65971.21,""size"":0.12126501,""num_orders"":1},{""price"":65971.22,""size"":1.7e-05,""num_orders"":1},{""price"":65971.96,""size"":0.01515887,""num_orders"":1},{""price"":65972.0,""size"":0.0092,""num_orders"":1},{""price"":65972.55,""size"":0.00530536,""num_orders"":1},{""price"":65973.65,""size"":0.09089254,""num_orders"":1},{""price"":65973.66,""size"":0.12126053,""num_orders"":1}]"
btc_usd_d10_20260721T073548Z,1,2026-07-21T07:36:48.461996Z,2026-07-21T07:36:48.462165Z,BTC-USD,10,ok,,132994288430,2026-07-21T07:36:46.344817327Z,0.16843206,0.78535562,-0.646814351806,65972.899999999994,65972.910000000003,65972.904999999999,0.010000000009,0.001515773788,"[{""price"":65972.9,""size"":0.1,""num_orders"":1},{""price"":65972.13,""size"":0.01018276,""num_orders"":1},{""price"":65972.04,""size"":0.00757897,""num_orders"":1},{""price"":65971.9,""size"":0.00034394,""num_orders"":1},{""price"":65971.58,""size"":0.01515804,""num_orders"":2},{""price"":65971.22,""size"":1.7e-05,""num_orders"":1},{""price"":65971.2,""size"":0.00153174,""num_orders"":1},{""price"":65970.0,""size"":0.0207,""num_orders"":2},{""price"":65969.46,""size"":0.00068787,""num_orders"":1},{""price"":65968.0,""size"":0.01223174,""num_orders"":2}]","[{""price"":65972.91,""size"":0.20287785,""num_orders"":6},{""price"":65973.59,""size"":0.02910169,""num_orders"":1},{""price"":65974.0,""size"":0.0107,""num_orders"":1},{""price"":65974.23,""size"":0.01515744,""num_orders"":2},{""price"":65975.81,""size"":0.09089254,""num_orders"":1},{""price"":65975.82,""size"":0.15157069,""num_orders"":1},{""price"":65976.0,""size"":0.0107,""num_orders"":1},{""price"":65977.84,""size"":0.18184287,""num_orders"":1},{""price"":65977.85,""size"":0.09089254,""num_orders"":1},{""price"":65978.63,""size"":0.00162,""num_orders"":1}]"
btc_usd_d10_20260721T073548Z,2,2026-07-21T07:37:48.461996Z,2026-07-21T07:37:48.462105Z,BTC-USD,10,ok,,132994333350,2026-07-21T07:37:45.623847659Z,1.28536949,0.33487071,0.586640659823,65993.479999999996,65993.490000000005,65993.485000000001,0.010000000009,0.001515301095,"[{""price"":65993.48,""size"":0.11908375,""num_orders"":5},{""price"":65992.16,""size"":0.01515332,""num_orders"":2},{""price"":65992.0,""size"":0.0107,""num_orders"":1},{""price"":65991.83,""size"":0.00530355,""num_orders"":1},{""price"":65990.03,""size"":0.09089254,""num_orders"":1},{""price"":65990.02,""size"":0.86587868,""num_orders"":2},{""price"":65990.01,""size"":0.13603925,""num_orders"":2},{""price"":65990.0,""size"":0.03567196,""num_orders"":3},{""price"":65989.77,""size"":1.7e-05,""num_orders"":1},{""price"":65989.6,""size"":0.00662944,""num_orders"":1}]","[{""price"":65993.49,""size"":0.00606117,""num_orders"":2},{""price"":65994.29,""size"":0.01515463,""num_orders"":1},{""price"":65994.3,""size"":0.1212226,""num_orders"":1},{""price"":65994.81,""size"":0.0151527,""num_orders"":2},{""price"":65995.14,""size"":0.00530355,""num_orders"":1},{""price"":65995.63,""size"":0.001594,""num_orders"":1},{""price"":65996.0,""size"":0.0107,""num_orders"":1},{""price"":65996.8,""size"":0.00153174,""num_orders"":1},{""price"":65997.37,""size"":0.00662944,""num_orders"":1},{""price"":65997.51,""size"":0.15152088,""num_orders"":1}]"
btc_usd_d10_20260721T073548Z,3,2026-07-21T07:38:48.461996Z,2026-07-21T07:38:48.462091Z,BTC-USD,10,ok,,132994358833,2026-07-21T07:38:46.175132804Z,3.17633513,0.42996204,0.761549301274,65985,65985.009999999995,65985.005000000005,0.009999999995,0.00151549583,"[{""price"":65985.0,""size"":0.09020839,""num_orders"":6},{""price"":65984.0,""size"":0.01223174,""num_orders"":2},{""price"":65983.68,""size"":0.01515526,""num_orders"":2},{""price"":65983.35,""size"":0.00530423,""num_orders"":1},{""price"":65982.92,""size"":0.09089254,""num_orders"":1},{""price"":65982.91,""size"":1.266225,""num_orders"":2},{""price"":65982.9,""size"":0.3030957,""num_orders"":1},{""price"":65982.35,""size"":0.07942657,""num_orders"":2},{""price"":65982.0,""size"":1.0107,""num_orders"":2},{""price"":65981.91,""size"":0.3030957,""num_orders"":1}]","[{""price"":65985.01,""size"":0.05388168,""num_orders"":6},{""price"":65985.81,""size"":0.12123819,""num_orders"":1},{""price"":65986.33,""size"":0.01515466,""num_orders"":2},{""price"":65986.66,""size"":0.00530423,""num_orders"":1},{""price"":65987.2,""size"":0.00153174,""num_orders"":1},{""price"":65988.89,""size"":0.00663029,""num_orders"":1},{""price"":65988.97,""size"":0.15154048,""num_orders"":1},{""price"":65990.0,""size"":0.0107,""num_orders"":1},{""price"":65990.01,""size"":0.06241177,""num_orders"":1},{""price"":65990.34,""size"":0.001569,""num_orders"":1}]"
btc_usd_d10_20260721T073548Z,4,2026-07-21T07:39:48.461996Z,2026-07-21T07:39:48.462115Z,BTC-USD,10,ok,,132994390577,2026-07-21T07:39:45.545401065Z,2.47669694,0.31971029,0.771342108853,66008.970000000001,66008.979999999996,66008.975000000006,0.009999999995,0.001514945505,"[{""price"":66008.97,""size"":0.43473446,""num_orders"":7},{""price"":66008.0,""size"":0.0107,""num_orders"":1},{""price"":66007.52,""size"":0.09089254,""num_orders"":1},{""price"":66007.51,""size"":0.64572125,""num_orders"":2},{""price"":66007.5,""size"":1.0,""num_orders"":1},{""price"":66007.32,""size"":0.0053023,""num_orders"":1},{""price"":66006.43,""size"":0.15994448,""num_orders"":1},{""price"":66005.49,""size"":0.12120203,""num_orders"":1},{""price"":66005.09,""size"":0.00662788,""num_orders"":1},{""price"":66004.62,""size"":0.001572,""num_orders"":1}]","[{""price"":66008.98,""size"":0.0341097,""num_orders"":6},{""price"":66010.75,""size"":0.1,""num_orders"":1},{""price"":66012.03,""size"":1.7e-05,""num_orders"":1},{""price"":66012.36,""size"":0.12118944,""num_orders"":1},{""price"":66012.8,""size"":0.00153174,""num_orders"":1},{""price"":66013.8,""size"":0.01514955,""num_orders"":1},{""price"":66013.93,""size"":0.0002308,""num_orders"":2},{""price"":66014.36,""size"":0.00038328,""num_orders"":1},{""price"":66014.45,""size"":0.001543,""num_orders"":1},{""price"":66015.05,""size"":0.04555578,""num_orders"":1}]"
btc_usd_d10_20260721T073548Z,5,2026-07-21T07:40:48.461996Z,2026-07-21T07:40:48.462082Z,BTC-USD,10,ok,,132994432958,2026-07-21T07:40:46.538253749Z,1.879087,0.45617181,0.609317983903,66019.449999999997,66019.460000000006,66019.455000000002,0.010000000009,0.001514705023,"[{""price"":66019.45,""size"":0.00048062,""num_orders"":2},{""price"":66018.09,""size"":5.072e-05,""num_orders"":1},{""price"":66018.0,""size"":0.0107,""num_orders"":1},{""price"":66017.83,""size"":0.00034166,""num_orders"":1},{""price"":66016.77,""size"":0.03348943,""num_orders"":1},{""price"":66016.51,""size"":0.597,""num_orders"":1},{""price"":66016.5,""size"":1.0,""num_orders"":1},{""price"":66016.01,""size"":0.17923738,""num_orders"":2},{""price"":66016.0,""size"":0.01223141,""num_orders"":2},{""price"":66015.76,""size"":0.04555578,""num_orders"":1}]","[{""price"":66019.46,""size"":0.06028885,""num_orders"":5},{""price"":66020.13,""size"":0.12117517,""num_orders"":1},{""price"":66021.11,""size"":0.00530146,""num_orders"":1},{""price"":66021.67,""size"":0.02909475,""num_orders"":1},{""price"":66022.2,""size"":0.12117136,""num_orders"":1},{""price"":66022.74,""size"":0.001603,""num_orders"":1},{""price"":66023.26,""size"":0.09089254,""num_orders"":1},{""price"":66023.34,""size"":0.00662683,""num_orders"":1},{""price"":66024.5,""size"":0.02,""num_orders"":1},{""price"":66024.51,""size"":1.785e-05,""num_orders"":1}]"
btc_usd_d10_20260721T073548Z,6,2026-07-21T07:41:48.461996Z,2026-07-21T07:41:48.462115Z,BTC-USD,10,ok,,132994472218,2026-07-21T07:41:47.508274800Z,2.0406501,0.51810937,0.595030813897,66000.899999999994,66000.910000000003,66000.904999999999,0.010000000009,0.001515130741,"[{""price"":66000.9,""size"":0.13456109,""num_orders"":3},{""price"":66000.0,""size"":0.1307,""num_orders"":2},{""price"":65999.57,""size"":0.01515162,""num_orders"":2},{""price"":65998.0,""size"":0.0107,""num_orders"":1},{""price"":65997.19,""size"":1.7e-05,""num_orders"":1},{""price"":65997.09,""size"":0.64951999,""num_orders"":2},{""price"":65997.06,""size"":0.09089254,""num_orders"":1},{""price"":65997.0,""size"":1.0,""num_orders"":1},{""price"":65996.86,""size"":0.00757612,""num_orders"":1},{""price"":65996.8,""size"":0.00153174,""num_orders"":1}]","[{""price"":66000.91,""size"":0.17242186,""num_orders"":6},{""price"":66002.24,""size"":0.015151,""num_orders"":2},{""price"":66002.56,""size"":0.00530295,""num_orders"":1},{""price"":66003.17,""size"":0.00046676,""num_orders"":3},{""price"":66003.47,""size"":0.12120574,""num_orders"":1},{""price"":66003.86,""size"":0.06199757,""num_orders"":1},{""price"":66003.96,""size"":0.09089254,""num_orders"":1},{""price"":66004.01,""size"":0.001577,""num_orders"":1},{""price"":66004.61,""size"":0.02,""num_orders"":1},{""price"":66004.62,""size"":0.02909395,""num_orders"":1}]"
btc_usd_d10_20260721T073548Z,7,2026-07-21T07:42:48.461996Z,2026-07-21T07:42:48.462123Z,BTC-USD,10,ok,,132994500708,2026-07-21T07:42:47.183307363Z,0.36357072,0.39563671,-0.042236138284,66026.889999999999,66026.899999999994,66026.89499999999,0.009999999995,0.001514534342,"[{""price"":66026.89,""size"":0.06047183,""num_orders"":4},{""price"":66025.72,""size"":0.00075726,""num_orders"":1},{""price"":66025.22,""size"":0.00530079,""num_orders"":1},{""price"":66024.0,""size"":0.0107,""num_orders"":1},{""price"":66023.99,""size"":0.00034517,""num_orders"":1},{""price"":66023.03,""size"":0.04555578,""num_orders"":1},{""price"":66023.02,""size"":0.13222136,""num_orders"":1},{""price"":66022.99,""size"":0.00662599,""num_orders"":1},{""price"":66022.0,""size"":0.0107,""num_orders"":1},{""price"":66020.38,""size"":0.09089254,""num_orders"":1}]","[{""price"":66026.9,""size"":0.05084698,""num_orders"":2},{""price"":66027.9,""size"":0.12116091,""num_orders"":1},{""price"":66030.0,""size"":0.0107,""num_orders"":1},{""price"":66030.58,""size"":1.7e-05,""num_orders"":1},{""price"":66030.6,""size"":0.03091282,""num_orders"":2},{""price"":66032.0,""size"":0.01223174,""num_orders"":2},{""price"":66032.78,""size"":0.04555578,""num_orders"":1},{""price"":66032.79,""size"":0.02909423,""num_orders"":1},{""price"":66032.81,""size"":0.00422471,""num_orders"":1},{""price"":66033.53,""size"":0.09089254,""num_orders"":1}]"
btc_usd_d10_20260721T073548Z,8,2026-07-21T07:43:48.461996Z,2026-07-21T07:43:48.462145Z,BTC-USD,10,ok,,132994572910,2026-07-21T07:43:47.188804554Z,0.98545395,0.34060358,0.486291397931,65992.979999999996,65992.990000000005,65992.985000000001,0.010000000009,0.001515312576,"[{""price"":65992.98,""size"":0.06024988,""num_orders"":3},{""price"":65992.59,""size"":0.010717,""num_orders"":1},{""price"":65992.0,""size"":0.0079,""num_orders"":1},{""price"":65991.66,""size"":0.01515342,""num_orders"":2},{""price"":65991.01,""size"":0.05420957,""num_orders"":1},{""price"":65991.0,""size"":0.0908033,""num_orders"":1},{""price"":65990.0,""size"":0.0079,""num_orders"":1},{""price"":65989.34,""size"":0.001634,""num_orders"":1},{""price"":65989.0,""size"":0.0908033,""num_orders"":1},{""price"":65988.99,""size"":0.64608348,""num_orders"":2}]","[{""price"":65992.99,""size"":0.12642013,""num_orders"":2},{""price"":65993.0,""size"":7.812e-05,""num_orders"":3},{""price"":65994.31,""size"":0.01515282,""num_orders"":2},{""price"":65994.64,""size"":0.00530386,""num_orders"":1},{""price"":65994.97,""size"":0.15152672,""num_orders"":1},{""price"":65996.0,""size"":0.0079,""num_orders"":1},{""price"":65996.87,""size"":0.00662983,""num_orders"":1},{""price"":65997.19,""size"":1.7e-05,""num_orders"":1},{""price"":65997.81,""size"":0.02,""num_orders"":1},{""price"":65997.82,""size"":0.0075751,""num_orders"":1}]"
btc_usd_d10_20260721T073548Z,9,2026-07-21T07:44:48.461996Z,2026-07-21T07:44:48.462103Z,BTC-USD,10,ok,,132994609914,2026-07-21T07:44:47.345442561Z,0.28467614,0.24740901,0.070039785925,65992.990000000005,65993,65992.994999999995,0.009999999995,0.001515312344,"[{""price"":65992.99,""size"":0.06344041,""num_orders"":4},{""price"":65992.28,""size"":0.01265574,""num_orders"":1},{""price"":65992.03,""size"":0.07361866,""num_orders"":1},{""price"":65992.02,""size"":0.0908033,""num_orders"":1},{""price"":65992.0,""size"":0.0105,""num_orders"":1},{""price"":65991.63,""size"":0.01515344,""num_orders"":2},{""price"":65991.3,""size"":0.00530359,""num_orders"":1},{""price"":65990.97,""size"":0.001554,""num_orders"":1},{""price"":65990.61,""size"":0.001147,""num_orders"":1},{""price"":65990.0,""size"":0.0105,""num_orders"":1}]","[{""price"":65993.0,""size"":0.02583716,""num_orders"":6},{""price"":65993.48,""size"":1.7e-05,""num_orders"":1},{""price"":65994.27,""size"":0.12122264,""num_orders"":1},{""price"":65994.32,""size"":0.01515282,""num_orders"":2},{""price"":65995.84,""size"":0.05303595,""num_orders"":1},{""price"":65996.0,""size"":0.0105,""num_orders"":1},{""price"":65996.8,""size"":0.00153174,""num_orders"":1},{""price"":65996.96,""size"":9.47e-05,""num_orders"":1},{""price"":65997.19,""size"":1.7e-05,""num_orders"":1},{""price"":65997.94,""size"":0.02,""num_orders"":1}]"
btc_usd_d10_20260721T073548Z,10,2026-07-21T07:45:48.461996Z,2026-07-21T07:45:48.462124Z,BTC-USD,10,ok,,132994647305,2026-07-21T07:45:47.844792399Z,1.98736536,0.49772979,0.599427981661,65989.770000000004,65989.779999999999,65989.774999999994,0.009999999995,0.001515386284,"[{""price"":65989.77,""size"":0.10190031,""num_orders"":6},{""price"":65988.45,""size"":0.01515416,""num_orders"":2},{""price"":65988.26,""size"":0.03999729,""num_orders"":1},{""price"":65988.12,""size"":0.00530385,""num_orders"":1},{""price"":65988.02,""size"":0.0908033,""num_orders"":1},{""price"":65988.01,""size"":0.64444871,""num_orders"":2},{""price"":65988.0,""size"":1.0,""num_orders"":1},{""price"":65987.5,""size"":0.001639,""num_orders"":1},{""price"":65987.2,""size"":0.00153174,""num_orders"":1},{""price"":65986.51,""size"":0.086587,""num_orders"":1}]","[{""price"":65989.78,""size"":0.14182965,""num_orders"":5},{""price"":65991.1,""size"":0.01515356,""num_orders"":2},{""price"":65991.43,""size"":0.00530385,""num_orders"":1},{""price"":65991.45,""size"":0.12122783,""num_orders"":1},{""price"":65993.19,""size"":0.02,""num_orders"":1},{""price"":65993.2,""size"":0.05303595,""num_orders"":1},{""price"":65993.43,""size"":0.02,""num_orders"":1},{""price"":65993.44,""size"":0.09454914,""num_orders"":2},{""price"":65993.65,""size"":0.02,""num_orders"":1},{""price"":65993.66,""size"":0.00662981,""num_orders"":1}]"
btc_usd_d10_20260721T073548Z,11,2026-07-21T07:46:48.461996Z,2026-07-21T07:46:48.462112Z,BTC-USD,10,ok,,132994708654,2026-07-21T07:46:48.037594224Z,1.97705803,0.38748141,0.672256335889,66096.619999999995,66096.630000000005,66096.625,0.010000000009,0.001512936555,"[{""price"":66096.62,""size"":0.02454484,""num_orders"":1},{""price"":66095.29,""size"":0.00756484,""num_orders"":1},{""price"":66094.51,""size"":0.69941937,""num_orders"":1},{""price"":66094.5,""size"":1.0,""num_orders"":1},{""price"":66093.66,""size"":0.09075962,""num_orders"":1},{""price"":66093.65,""size"":0.02449161,""num_orders"":2},{""price"":66093.18,""size"":0.0211741,""num_orders"":1},{""price"":66092.84,""size"":0.03478227,""num_orders"":1},{""price"":66092.71,""size"":0.00034913,""num_orders"":1},{""price"":66092.09,""size"":0.07397225,""num_orders"":1}]","[{""price"":66096.63,""size"":0.06772527,""num_orders"":4},{""price"":66097.29,""size"":0.02269486,""num_orders"":1},{""price"":66097.65,""size"":0.12103305,""num_orders"":1},{""price"":66097.96,""size"":0.00756453,""num_orders"":1},{""price"":66098.0,""size"":0.0102,""num_orders"":1},{""price"":66098.29,""size"":0.00529527,""num_orders"":1},{""price"":66100.0,""size"":0.0102,""num_orders"":1},{""price"":66100.51,""size"":0.09075962,""num_orders"":1},{""price"":66100.52,""size"":0.00661909,""num_orders"":1},{""price"":66100.55,""size"":0.04538972,""num_orders"":1}]"
btc_usd_d10_20260721T073548Z,12,2026-07-21T07:47:48.461996Z,2026-07-21T07:47:48.462102Z,BTC-USD,10,ok,,132994754534,2026-07-21T07:47:48.045969744Z,1.69745043,0.5297392,0.524298072455,66108.479999999996,66108.490000000005,66108.485000000001,0.010000000009,0.001512665131,"[{""price"":66108.48,""size"":0.25683262,""num_orders"":4},{""price"":66108.01,""size"":0.02270272,""num_orders"":1},{""price"":66108.0,""size"":1.0107,""num_orders"":2},{""price"":66107.97,""size"":0.13578264,""num_orders"":3},{""price"":66107.04,""size"":0.09075962,""num_orders"":1},{""price"":66106.31,""size"":0.00529436,""num_orders"":1},{""price"":66106.01,""size"":0.00757355,""num_orders"":1},{""price"":66106.0,""size"":0.0107,""num_orders"":1},{""price"":66105.38,""size"":0.00583,""num_orders"":1},{""price"":66104.8,""size"":0.15127492,""num_orders"":1}]","[{""price"":66108.49,""size"":1.7e-05,""num_orders"":1},{""price"":66112.2,""size"":1.7e-05,""num_orders"":1},{""price"":66114.7,""size"":0.05,""num_orders"":1},{""price"":66115.91,""size"":1.7e-05,""num_orders"":1},{""price"":66116.77,""size"":0.1,""num_orders"":1},{""price"":66116.86,""size"":0.04540543,""num_orders"":1},{""price"":66117.49,""size"":0.12099674,""num_orders"":1},{""price"":66118.16,""size"":0.09075962,""num_orders"":1},{""price"":66118.4,""size"":0.00153174,""num_orders"":1},{""price"":66118.62,""size"":0.12099467,""num_orders"":1}]"
btc_usd_d10_20260721T073548Z,13,2026-07-21T07:48:48.461996Z,2026-07-21T07:48:48.462112Z,BTC-USD,10,ok,,132994822119,2026-07-21T07:48:46.661669126Z,1.86324729,0.45583791,0.606881273702,66094.710000000006,66094.720000000001,66094.714999999997,0.009999999995,0.001512980273,"[{""price"":66094.71,""size"":0.015,""num_orders"":1},{""price"":66094.35,""size"":0.00529522,""num_orders"":1},{""price"":66092.77,""size"":0.001589,""num_orders"":1},{""price"":66092.12,""size"":0.00661902,""num_orders"":1},{""price"":66092.0,""size"":0.0091,""num_orders"":1},{""price"":66091.51,""size"":0.63816522,""num_orders"":2},{""price"":66091.07,""size"":0.05409369,""num_orders"":1},{""price"":66090.9,""size"":0.11599998,""num_orders"":1},{""price"":66090.07,""size"":0.00778516,""num_orders"":2},{""price"":66090.0,""size"":1.0096,""num_orders"":2}]","[{""price"":66094.72,""size"":0.03051,""num_orders"":1},{""price"":66096.02,""size"":0.09070899,""num_orders"":1},{""price"":66096.95,""size"":0.03051,""num_orders"":1},{""price"":66098.61,""size"":0.00015561,""num_orders"":3},{""price"":66098.63,""size"":0.12103126,""num_orders"":1},{""price"":66098.66,""size"":0.02270144,""num_orders"":1},{""price"":66100.13,""size"":0.05989462,""num_orders"":1},{""price"":66100.14,""size"":0.09070899,""num_orders"":1},{""price"":66101.07,""size"":1.7e-05,""num_orders"":1},{""price"":66102.0,""size"":0.0096,""num_orders"":1}]"
btc_usd_d10_20260721T073548Z,14,2026-07-21T07:49:48.461996Z,2026-07-21T07:49:48.462112Z,BTC-USD,10,ok,,132994879032,2026-07-21T07:49:46.545336750Z,2.03816342,0.49319736,0.61033025091,66133.820000000007,66133.830000000002,66133.825000000012,0.009999999995,0.001512085532,"[{""price"":66133.82,""size"":0.03050996,""num_orders"":1},{""price"":66132.16,""size"":0.00529229,""num_orders"":1},{""price"":66132.02,""size"":0.05791437,""num_orders"":1},{""price"":66132.01,""size"":0.09070899,""num_orders"":1},{""price"":66132.0,""size"":0.71830606,""num_orders"":3},{""price"":66130.0,""size"":0.0063,""num_orders"":1},{""price"":66129.93,""size"":0.00661537,""num_orders"":1},{""price"":66129.15,""size"":0.12097538,""num_orders"":1},{""price"":66129.0,""size"":1.0,""num_orders"":1},{""price"":66128.94,""size"":0.001541,""num_orders"":1}]","[{""price"":66133.83,""size"":0.0227032,""num_orders"":1},{""price"":66134.65,""size"":6.57e-05,""num_orders"":1},{""price"":66136.19,""size"":0.04540639,""num_orders"":1},{""price"":66136.28,""size"":0.12096236,""num_orders"":1},{""price"":66137.05,""size"":6.409e-05,""num_orders"":1},{""price"":66137.37,""size"":0.09070899,""num_orders"":1},{""price"":66138.17,""size"":1.7e-05,""num_orders"":1},{""price"":66138.3,""size"":0.001602,""num_orders"":1},{""price"":66138.31,""size"":0.12095864,""num_orders"":1},{""price"":66139.39,""size"":0.09070899,""num_orders"":1}]"
btc_usd_d10_20260721T073548Z,15,2026-07-21T07:50:48.461996Z,2026-07-21T07:50:48.462101Z,BTC-USD,10,ok,,132994933810,2026-07-21T07:50:45.326796494Z,0.37504032,0.51341502,-0.155747502176,66129.050000000003,66129.059999999998,66129.054999999993,0.009999999995,0.001512194601,"[{""price"":66129.05,""size"":0.02999997,""num_orders"":2},{""price"":66127.72,""size"":0.01512226,""num_orders"":2},{""price"":66126.48,""size"":0.06871763,""num_orders"":2},{""price"":66126.36,""size"":0.09070899,""num_orders"":1},{""price"":66126.0,""size"":0.0051,""num_orders"":1},{""price"":66125.16,""size"":0.06182763,""num_orders"":1},{""price"":66124.09,""size"":0.00756154,""num_orders"":1},{""price"":66124.01,""size"":0.09070899,""num_orders"":1},{""price"":66124.0,""size"":0.0051,""num_orders"":1},{""price"":66123.33,""size"":0.00019331,""num_orders"":2}]","[{""price"":66129.06,""size"":0.04540639,""num_orders"":1},{""price"":66130.0,""size"":0.0051,""num_orders"":1},{""price"":66130.39,""size"":0.01512164,""num_orders"":2},{""price"":66131.77,""size"":0.001621,""num_orders"":1},{""price"":66132.0,""size"":0.0051,""num_orders"":1},{""price"":66133.14,""size"":0.09070899,""num_orders"":1},{""price"":66134.46,""size"":1.7e-05,""num_orders"":1},{""price"":66135.19,""size"":0.09070899,""num_orders"":1},{""price"":66136.96,""size"":0.19180101,""num_orders"":1},{""price"":66136.97,""size"":0.06783,""num_orders"":1}]"
btc_usd_d10_20260721T073548Z,16,2026-07-21T07:51:48.461996Z,2026-07-21T07:51:48.462107Z,BTC-USD,10,ok,,132994976247,2026-07-21T07:51:46.037637232Z,0.9728361,0.1279834,0.767476139367,66108.539999999994,66109.449999999997,66108.994999999995,0.910000000003,0.137651464828,"[{""price"":66108.54,""size"":0.06562559,""num_orders"":1},{""price"":66108.53,""size"":0.09119355,""num_orders"":2},{""price"":66108.49,""size"":1.691e-05,""num_orders"":1},{""price"":66106.0,""size"":0.0041,""num_orders"":1},{""price"":66105.49,""size"":0.67937344,""num_orders"":2},{""price"":66105.15,""size"":0.02700062,""num_orders"":1},{""price"":66105.01,""size"":0.09070899,""num_orders"":1},{""price"":66105.0,""size"":0.01,""num_orders"":1},{""price"":66104.78,""size"":1.7e-05,""num_orders"":1},{""price"":66104.0,""size"":0.0048,""num_orders"":1}]","[{""price"":66109.45,""size"":0.02517,""num_orders"":1},{""price"":66109.54,""size"":0.0081652,""num_orders"":1},{""price"":66109.55,""size"":0.00075632,""num_orders"":1},{""price"":66109.63,""size"":0.04540639,""num_orders"":1},{""price"":66110.0,""size"":0.0048,""num_orders"":1},{""price"":66110.98,""size"":0.01512608,""num_orders"":2},{""price"":66111.21,""size"":0.00529424,""num_orders"":1},{""price"":66111.96,""size"":0.01512748,""num_orders"":1},{""price"":66112.0,""size"":0.0048,""num_orders"":1},{""price"":66112.03,""size"":0.00333769,""num_orders"":1}]"
btc_usd_d10_20260721T073548Z,17,2026-07-21T07:52:48.461996Z,2026-07-21T07:52:48.462098Z,BTC-USD,10,ok,,132995029010,2026-07-21T07:52:47.682609977Z,1.17404686,0.36989368,0.520844656362,66161.119999999995,66161.130000000005,66161.125,0.010000000009,0.001511461604,"[{""price"":66161.12,""size"":0.36660216,""num_orders"":10},{""price"":66161.11,""size"":0.03232018,""num_orders"":1},{""price"":66161.1,""size"":0.03,""num_orders"":1},{""price"":66160.7,""size"":0.01109707,""num_orders"":1},{""price"":66160.07,""size"":0.00190103,""num_orders"":2},{""price"":66160.0,""size"":0.0064,""num_orders"":1},{""price"":66159.41,""size"":0.00529011,""num_orders"":1},{""price"":66159.05,""size"":0.01054652,""num_orders"":1},{""price"":66158.26,""size"":0.68590879,""num_orders"":2},{""price"":66158.25,""size"":0.023981,""num_orders"":1}]","[{""price"":66161.13,""size"":0.00064366,""num_orders"":3},{""price"":66164.83,""size"":0.12091016,""num_orders"":1},{""price"":66164.91,""size"":0.04540639,""num_orders"":1},{""price"":66165.1,""size"":9.446e-05,""num_orders"":1},{""price"":66166.09,""size"":0.01549132,""num_orders"":2},{""price"":66167.75,""size"":0.01457532,""num_orders"":2},{""price"":66167.85,""size"":1.7e-05,""num_orders"":1},{""price"":66168.91,""size"":0.02,""num_orders"":1},{""price"":66168.92,""size"":0.15112837,""num_orders"":1},{""price"":66169.16,""size"":0.001627,""num_orders"":1}]"
btc_usd_d10_20260721T073548Z,18,2026-07-21T07:53:48.461996Z,2026-07-21T07:53:48.462110Z,BTC-USD,10,ok,,132995063334,2026-07-21T07:53:46.043073031Z,2.11242536,0.56130036,0.580136170437,66133.990000000005,66134,66133.994999999995,0.009999999995,0.001512081645,"[{""price"":66133.99,""size"":0.36294572,""num_orders"":6},{""price"":66132.67,""size"":0.01563893,""num_orders"":1},{""price"":66132.66,""size"":0.01540358,""num_orders"":3},{""price"":66132.33,""size"":0.00529228,""num_orders"":1},{""price"":66132.0,""size"":0.0055,""num_orders"":1},{""price"":66131.33,""size"":0.02,""num_orders"":1},{""price"":66131.32,""size"":0.6793915,""num_orders"":1},{""price"":66130.53,""size"":0.001638,""num_orders"":1},{""price"":66130.5,""size"":1.0,""num_orders"":1},{""price"":66130.1,""size"":0.00661535,""num_orders"":1}]","[{""price"":66134.0,""size"":0.0305238,""num_orders"":5},{""price"":66135.33,""size"":0.01512052,""num_orders"":2},{""price"":66135.6,""size"":0.12096359,""num_orders"":1},{""price"":66136.52,""size"":0.09070899,""num_orders"":1},{""price"":66137.42,""size"":0.01512178,""num_orders"":1},{""price"":66137.6,""size"":0.00153174,""num_orders"":1},{""price"":66138.17,""size"":1.7e-05,""num_orders"":1},{""price"":66138.64,""size"":0.15119756,""num_orders"":1},{""price"":66138.9,""size"":0.04540639,""num_orders"":1},{""price"":66138.91,""size"":0.09070899,""num_orders"":1}]"
btc_usd_d10_20260721T073548Z,19,2026-07-21T07:54:48.461996Z,2026-07-21T07:54:48.462086Z,BTC-USD,10,ok,,132995128453,2026-07-21T07:54:46.040492279Z,1.132455,0.30862222,0.571678442048,66164.139999999999,66164.149999999994,66164.14499999999,0.009999999995,0.001511392612,"[{""price"":66164.14,""size"":0.00726996,""num_orders"":2},{""price"":66162.0,""size"":0.0054,""num_orders"":1},{""price"":66161.26,""size"":0.16168135,""num_orders"":3},{""price"":66160.47,""size"":2.267e-05,""num_orders"":1},{""price"":66160.43,""size"":1.7e-05,""num_orders"":1},{""price"":66160.0,""size"":0.01693174,""num_orders"":3},{""price"":66159.18,""size"":0.00755753,""num_orders"":1},{""price"":66158.43,""size"":0.02,""num_orders"":1},{""price"":66158.42,""size"":0.1928092,""num_orders"":1},{""price"":66158.39,""size"":0.72076555,""num_orders"":1}]","[{""price"":66164.15,""size"":0.06121556,""num_orders"":5},{""price"":66164.16,""size"":0.02999925,""num_orders"":1},{""price"":66164.18,""size"":0.03,""num_orders"":1},{""price"":66165.47,""size"":0.04540639,""num_orders"":1},{""price"":66165.48,""size"":0.01511362,""num_orders"":2},{""price"":66165.64,""size"":0.001573,""num_orders"":1},{""price"":66165.81,""size"":0.00528987,""num_orders"":1},{""price"":66165.84,""size"":0.09070899,""num_orders"":1},{""price"":66167.39,""size"":0.0227032,""num_orders"":1},{""price"":66168.04,""size"":0.00661234,""num_orders"":1}]"
btc_usd_d10_20260721T073548Z,20,2026-07-21T07:55:48.461996Z,2026-07-21T07:55:48.462111Z,BTC-USD,10,ok,,132995174659,2026-07-21T07:55:46.133416013Z,0.244263,0.5052131,-0.348176679683,66175.259999999995,66175.270000000004,66175.264999999999,0.010000000009,0.001511138642,"[{""price"":66175.26,""size"":0.00174885,""num_orders"":2},{""price"":66173.7,""size"":0.01511174,""num_orders"":2},{""price"":66171.81,""size"":0.00071416,""num_orders"":1},{""price"":66170.15,""size"":0.00035708,""num_orders"":1},{""price"":66170.0,""size"":0.0069,""num_orders"":1},{""price"":66168.73,""size"":0.00583,""num_orders"":1},{""price"":66167.75,""size"":0.0001041,""num_orders"":1},{""price"":66167.67,""size"":0.01925956,""num_orders"":1},{""price"":66166.78,""size"":0.00142831,""num_orders"":1},{""price"":66166.63,""size"":0.1928092,""num_orders"":1}]","[{""price"":66175.27,""size"":0.05569474,""num_orders"":6},{""price"":66175.71,""size"":0.04540639,""num_orders"":1},{""price"":66175.72,""size"":0.14358466,""num_orders"":1},{""price"":66175.73,""size"":0.12089024,""num_orders"":1},{""price"":66176.0,""size"":0.0069,""num_orders"":1},{""price"":66176.6,""size"":0.01511108,""num_orders"":2},{""price"":66177.6,""size"":0.09070899,""num_orders"":1},{""price"":66178.0,""size"":0.0069,""num_orders"":1},{""price"":66178.98,""size"":1.7e-05,""num_orders"":1},{""price"":66179.68,""size"":0.02,""num_orders"":1}]"
btc_usd_d10_20260721T073548Z,21,2026-07-21T07:56:48.461996Z,2026-07-21T07:56:48.462088Z,BTC-USD,10,ok,,132995204513,2026-07-21T07:56:48.046623002Z,1.3833929,0.22276375,0.72261267293,66141.880000000005,66141.889999999999,66141.885000000009,0.009999999995,0.00151190127,"[{""price"":66141.88,""size"":0.00891119,""num_orders"":3},{""price"":66141.02,""size"":0.02,""num_orders"":1},{""price"":66141.01,""size"":0.11070899,""num_orders"":2},{""price"":66141.0,""size"":1.0,""num_orders"":1},{""price"":66140.77,""size"":5.1e-05,""num_orders"":1},{""price"":66140.55,""size"":0.01511932,""num_orders"":2},{""price"":66140.0,""size"":0.0166,""num_orders"":2},{""price"":66139.65,""size"":0.00033597,""num_orders"":1},{""price"":66138.96,""size"":0.12095744,""num_orders"":1},{""price"":66138.94,""size"":0.09070899,""num_orders"":1}]","[{""price"":66141.89,""size"":0.00529165,""num_orders"":1},{""price"":66143.22,""size"":0.0151187,""num_orders"":2},{""price"":66143.55,""size"":0.00529165,""num_orders"":1},{""price"":66143.73,""size"":0.00075595,""num_orders"":1},{""price"":66144.0,""size"":0.0066,""num_orders"":1},{""price"":66144.14,""size"":0.04540639,""num_orders"":1},{""price"":66144.15,""size"":0.12094797,""num_orders"":1},{""price"":66145.24,""size"":0.001618,""num_orders"":1},{""price"":66145.35,""size"":0.01511888,""num_orders"":1},{""price"":66145.78,""size"":0.00661456,""num_orders"":1}]"
btc_usd_d10_20260721T073548Z,22,2026-07-21T07:57:48.461996Z,2026-07-21T07:57:48.462135Z,BTC-USD,10,ok,,132995245669,2026-07-21T07:57:45.120940460Z,0.31712731,0.8012528,-0.432880990704,66190.539999999994,66190.550000000003,66190.544999999998,0.010000000009,0.001510789798,"[{""price"":66190.54,""size"":0.0651617,""num_orders"":5},{""price"":66190.01,""size"":0.01665254,""num_orders"":1},{""price"":66190.0,""size"":0.0059,""num_orders"":1},{""price"":66189.21,""size"":0.0151082,""num_orders"":2},{""price"":66188.91,""size"":0.001542,""num_orders"":1},{""price"":66188.88,""size"":0.00528776,""num_orders"":1},{""price"":66188.18,""size"":5.575e-05,""num_orders"":1},{""price"":66188.0,""size"":0.0059,""num_orders"":1},{""price"":66187.37,""size"":0.00660963,""num_orders"":1},{""price"":66186.73,""size"":0.19490973,""num_orders"":2}]","[{""price"":66190.55,""size"":0.00015555,""num_orders"":3},{""price"":66195.86,""size"":0.01511013,""num_orders"":1},{""price"":66195.93,""size"":0.16822006,""num_orders"":1},{""price"":66195.94,""size"":0.09070899,""num_orders"":1},{""price"":66195.95,""size"":0.15106666,""num_orders"":1},{""price"":66196.22,""size"":0.02,""num_orders"":1},{""price"":66196.56,""size"":0.02,""num_orders"":1},{""price"":66198.12,""size"":0.19987603,""num_orders"":1},{""price"":66198.13,""size"":0.09070899,""num_orders"":1},{""price"":66198.42,""size"":0.04540639,""num_orders"":1}]"
btc_usd_d10_20260721T073548Z,23,2026-07-21T07:58:48.461996Z,2026-07-21T07:58:48.462113Z,BTC-USD,10,ok,,132995282718,2026-07-21T07:58:47.504555910Z,0.2565718,0.50910894,-0.329820415752,66158.050000000003,66158.059999999998,66158.054999999993,0.009999999995,0.001511531739,"[{""price"":66158.05,""size"":0.01524199,""num_orders"":4},{""price"":66157.51,""size"":0.07782161,""num_orders"":1},{""price"":66156.8,""size"":0.00153174,""num_orders"":1},{""price"":66156.72,""size"":0.01529186,""num_orders"":3},{""price"":66156.39,""size"":0.00529036,""num_orders"":1},{""price"":66156.0,""size"":0.0065,""num_orders"":1},{""price"":66155.39,""size"":0.10327224,""num_orders"":1},{""price"":66155.0,""size"":0.01,""num_orders"":1},{""price"":66154.72,""size"":0.02,""num_orders"":1},{""price"":66154.71,""size"":0.001622,""num_orders"":1}]","[{""price"":66158.06,""size"":0.05044863,""num_orders"":5},{""price"":66158.31,""size"":0.00075576,""num_orders"":1},{""price"":66158.5,""size"":0.12092174,""num_orders"":1},{""price"":66159.39,""size"":0.01511502,""num_orders"":2},{""price"":66159.72,""size"":0.00529036,""num_orders"":1},{""price"":66160.0,""size"":0.00153174,""num_orders"":1},{""price"":66160.33,""size"":0.09070899,""num_orders"":1},{""price"":66161.95,""size"":0.00661295,""num_orders"":1},{""price"":66162.57,""size"":0.0227032,""num_orders"":1},{""price"":66162.58,""size"":0.19502055,""num_orders"":1}]"
btc_usd_d10_20260721T073548Z,24,2026-07-21T07:59:48.461996Z,2026-07-21T07:59:48.462176Z,BTC-USD,10,ok,,132995310883,2026-07-21T07:59:47.601993352Z,2.10549322,0.68479984,0.50915561536,66145.589999999997,66145.600000000006,66145.595000000001,0.010000000009,0.001511816472,"[{""price"":66145.59,""size"":0.00874401,""num_orders"":3},{""price"":66145.36,""size"":0.016,""num_orders"":1},{""price"":66144.26,""size"":0.01511846,""num_orders"":2},{""price"":66144.0,""size"":0.00153174,""num_orders"":1},{""price"":66142.77,""size"":0.022723,""num_orders"":1},{""price"":66142.0,""size"":0.0079,""num_orders"":1},{""price"":66141.88,""size"":1.7e-05,""num_orders"":1},{""price"":66141.02,""size"":0.1928092,""num_orders"":1},{""price"":66141.01,""size"":0.84064981,""num_orders"":1},{""price"":66141.0,""size"":1.0,""num_orders"":1}]","[{""price"":66145.6,""size"":0.17799581,""num_orders"":7},{""price"":66146.0,""size"":0.0079,""num_orders"":1},{""price"":66146.13,""size"":0.09070899,""num_orders"":1},{""price"":66146.14,""size"":0.11621196,""num_orders"":1},{""price"":66146.15,""size"":0.1209443,""num_orders"":1},{""price"":66146.93,""size"":0.01511786,""num_orders"":2},{""price"":66147.26,""size"":0.00529135,""num_orders"":1},{""price"":66148.0,""size"":0.0079,""num_orders"":1},{""price"":66148.34,""size"":0.04540639,""num_orders"":1},{""price"":66149.49,""size"":0.09732318,""num_orders"":2}]"
btc_usd_d10_20260721T073548Z,25,2026-07-21T08:00:48.461996Z,2026-07-21T08:00:48.462121Z,BTC-USD,10,ok,,132995362156,2026-07-21T08:00:47.626947807Z,0.28927434,0.67064844,-0.397296645049,66172.339999999997,66172.350000000006,66172.345000000001,0.010000000009,0.001511205324,"[{""price"":66172.34,""size"":0.04564505,""num_orders"":5},{""price"":66171.01,""size"":0.01511236,""num_orders"":2},{""price"":66170.71,""size"":0.00156,""num_orders"":1},{""price"":66170.68,""size"":0.00528921,""num_orders"":1},{""price"":66168.45,""size"":0.00661152,""num_orders"":1},{""price"":66168.0,""size"":0.0082,""num_orders"":1},{""price"":66166.0,""size"":0.0082,""num_orders"":1},{""price"":66164.76,""size"":0.00583,""num_orders"":1},{""price"":66164.14,""size"":1.7e-05,""num_orders"":1},{""price"":66163.67,""size"":0.1928092,""num_orders"":1}]","[{""price"":66172.35,""size"":0.23749859,""num_orders"":10},{""price"":66173.67,""size"":0.03154201,""num_orders"":1},{""price"":66173.68,""size"":0.01511174,""num_orders"":2},{""price"":66174.24,""size"":0.03772245,""num_orders"":1},{""price"":66175.27,""size"":1.7e-05,""num_orders"":1},{""price"":66175.32,""size"":0.02,""num_orders"":1},{""price"":66175.33,""size"":0.0227032,""num_orders"":1},{""price"":66175.34,""size"":0.09070899,""num_orders"":1},{""price"":66175.35,""size"":0.16993807,""num_orders"":1},{""price"":66175.42,""size"":0.04540639,""num_orders"":1}]"
btc_usd_d10_20260721T073548Z,26,2026-07-21T08:01:48.461996Z,2026-07-21T08:01:48.462225Z,BTC-USD,10,ok,,132995397270,2026-07-21T08:01:47.842435807Z,0.08803435,0.54557574,-0.722118219424,66121.869999999995,66121.880000000005,66121.875,0.010000000009,0.001512358809,"[{""price"":66121.87,""size"":0.01261946,""num_orders"":4},{""price"":66120.75,""size"":0.01512384,""num_orders"":2},{""price"":66120.21,""size"":0.00529325,""num_orders"":1},{""price"":66120.11,""size"":0.022727,""num_orders"":1},{""price"":66120.0,""size"":0.01,""num_orders"":1},{""price"":66119.96,""size"":5.035e-05,""num_orders"":1},{""price"":66119.64,""size"":0.00067171,""num_orders"":1},{""price"":66119.62,""size"":1.7e-05,""num_orders"":1},{""price"":66118.41,""size"":0.02,""num_orders"":1},{""price"":66118.4,""size"":0.00153174,""num_orders"":1}]","[{""price"":66121.88,""size"":0.05041867,""num_orders"":4},{""price"":66122.09,""size"":0.12098831,""num_orders"":1},{""price"":66123.33,""size"":0.09070899,""num_orders"":1},{""price"":66123.34,""size"":0.12098602,""num_orders"":1},{""price"":66123.36,""size"":0.00094598,""num_orders"":1},{""price"":66123.42,""size"":0.01512324,""num_orders"":2},{""price"":66123.75,""size"":0.00529323,""num_orders"":1},{""price"":66125.44,""size"":0.001553,""num_orders"":1},{""price"":66125.7,""size"":0.04540639,""num_orders"":1},{""price"":66125.71,""size"":0.09415191,""num_orders"":1}]"
btc_usd_d10_20260721T073548Z,27,2026-07-21T08:02:48.461996Z,2026-07-21T08:02:48.462118Z,BTC-USD,10,ok,,132995436259,2026-07-21T08:02:47.627693671Z,1.94833547,0.38755051,0.668176860242,66129.830000000002,66129.839999999997,66129.834999999992,0.009999999995,0.001512176765,"[{""price"":66129.83,""size"":0.02592717,""num_orders"":4},{""price"":66128.51,""size"":0.02567261,""num_orders"":1},{""price"":66128.5,""size"":0.01512208,""num_orders"":2},{""price"":66128.17,""size"":0.00529261,""num_orders"":1},{""price"":66128.0,""size"":0.0075,""num_orders"":1},{""price"":66127.93,""size"":0.022588,""num_orders"":1},{""price"":66126.03,""size"":0.02,""num_orders"":1},{""price"":66126.02,""size"":0.72762401,""num_orders"":2},{""price"":66126.01,""size"":0.09070899,""num_orders"":1},{""price"":66126.0,""size"":1.0079,""num_orders"":2}]","[{""price"":66129.84,""size"":0.09749555,""num_orders"":5},{""price"":66130.62,""size"":4.188e-05,""num_orders"":1},{""price"":66130.66,""size"":0.12097263,""num_orders"":1},{""price"":66130.92,""size"":0.01512229,""num_orders"":1},{""price"":66131.17,""size"":0.01512146,""num_orders"":2},{""price"":66131.2,""size"":0.00153174,""num_orders"":1},{""price"":66131.86,""size"":0.12097045,""num_orders"":1},{""price"":66132.0,""size"":0.0079,""num_orders"":1},{""price"":66133.81,""size"":9.451e-05,""num_orders"":1},{""price"":66134.0,""size"":0.0083,""num_orders"":1}]"
btc_usd_d10_20260721T073548Z,28,2026-07-21T08:03:48.461996Z,2026-07-21T08:03:48.462090Z,BTC-USD,10,ok,,132995489780,2026-07-21T08:03:46.685937036Z,0.16324091,0.96122309,-0.709655604804,66196.130000000005,66196.139999999999,66196.135000000009,0.009999999995,0.001510662215,"[{""price"":66196.13,""size"":0.00528711,""num_orders"":1},{""price"":66196.03,""size"":8.807e-05,""num_orders"":1},{""price"":66194.47,""size"":0.00528716,""num_orders"":1},{""price"":66194.41,""size"":0.001563,""num_orders"":1},{""price"":66192.24,""size"":0.00660895,""num_orders"":1},{""price"":66192.0,""size"":0.0071,""num_orders"":1},{""price"":66191.55,""size"":0.00063784,""num_orders"":1},{""price"":66190.11,""size"":1.7e-05,""num_orders"":1},{""price"":66190.0,""size"":0.0167,""num_orders"":2},{""price"":66188.02,""size"":0.11995178,""num_orders"":1}]","[{""price"":66196.14,""size"":0.08723007,""num_orders"":4},{""price"":66197.3,""size"":0.09070899,""num_orders"":1},{""price"":66198.0,""size"":0.0071,""num_orders"":1},{""price"":66198.78,""size"":0.29212959,""num_orders"":1},{""price"":66198.79,""size"":0.04540639,""num_orders"":1},{""price"":66198.98,""size"":0.0227032,""num_orders"":1},{""price"":66199.73,""size"":0.09070899,""num_orders"":1},{""price"":66200.0,""size"":0.32368712,""num_orders"":6},{""price"":66201.24,""size"":1.7e-05,""num_orders"":1},{""price"":66201.6,""size"":0.00153174,""num_orders"":1}]"
btc_usd_d10_20260721T073548Z,29,2026-07-21T08:04:48.461996Z,2026-07-21T08:04:48.462117Z,BTC-USD,10,ok,,132995540787,2026-07-21T08:04:47.835367523Z,0.27678643,0.68532041,-0.424624337979,66202.100000000006,66202.110000000001,66202.10500000001,0.009999999995,0.001510525986,"[{""price"":66202.1,""size"":0.02766114,""num_orders"":2},{""price"":66202.09,""size"":0.02760281,""num_orders"":1},{""price"":66202.08,""size"":0.02760281,""num_orders"":1},{""price"":66202.07,""size"":0.02770281,""num_orders"":1},{""price"":66202.06,""size"":0.02770281,""num_orders"":1},{""price"":66202.05,""size"":0.02770281,""num_orders"":1},{""price"":66202.04,""size"":0.02770281,""num_orders"":1},{""price"":66202.03,""size"":0.02770281,""num_orders"":1},{""price"":66202.02,""size"":0.02770281,""num_orders"":1},{""price"":66202.01,""size"":0.02770281,""num_orders"":1}]","[{""price"":66202.11,""size"":0.06216713,""num_orders"":6},{""price"":66202.46,""size"":0.04540639,""num_orders"":1},{""price"":66202.75,""size"":0.00222365,""num_orders"":1},{""price"":66203.18,""size"":0.18553835,""num_orders"":2},{""price"":66203.44,""size"":0.01510496,""num_orders"":2},{""price"":66203.52,""size"":0.12083951,""num_orders"":1},{""price"":66203.77,""size"":0.00528684,""num_orders"":1},{""price"":66204.0,""size"":0.007,""num_orders"":1},{""price"":66204.86,""size"":0.09070899,""num_orders"":1},{""price"":66205.62,""size"":0.15104459,""num_orders"":1}]"
btc_usd_d10_20260721T073548Z,30,2026-07-21T08:05:48.461996Z,2026-07-21T08:05:48.462305Z,BTC-USD,10,ok,,132995581430,2026-07-21T08:05:47.546958584Z,0.11719816,1.07371166,-0.803178783092,66178.979999999996,66178.990000000005,66178.985000000001,0.010000000009,0.001511053699,"[{""price"":66178.98,""size"":0.05758177,""num_orders"":2},{""price"":66177.65,""size"":0.01511084,""num_orders"":2},{""price"":66175.27,""size"":1.586e-05,""num_orders"":1},{""price"":66175.2,""size"":0.00015111,""num_orders"":1},{""price"":66175.0,""size"":0.01752927,""num_orders"":2},{""price"":66174.17,""size"":1.889e-05,""num_orders"":1},{""price"":66174.02,""size"":0.01511168,""num_orders"":2},{""price"":66174.0,""size"":0.0086,""num_orders"":1},{""price"":66172.8,""size"":0.00153174,""num_orders"":1},{""price"":66172.54,""size"":0.001547,""num_orders"":1}]","[{""price"":66178.99,""size"":0.69270616,""num_orders"":9},{""price"":66179.05,""size"":0.00225982,""num_orders"":1},{""price"":66179.99,""size"":0.09070899,""num_orders"":1},{""price"":66180.0,""size"":0.0086,""num_orders"":1},{""price"":66180.01,""size"":0.20348438,""num_orders"":1},{""price"":66180.32,""size"":0.01511024,""num_orders"":2},{""price"":66180.65,""size"":0.00528868,""num_orders"":1},{""price"":66181.37,""size"":0.04540639,""num_orders"":1},{""price"":66182.0,""size"":0.0086,""num_orders"":1},{""price"":66182.06,""size"":0.001547,""num_orders"":1}]"
btc_usd_d10_20260721T073548Z,31,2026-07-21T08:06:48.461996Z,2026-07-21T08:06:48.462151Z,BTC-USD,10,ok,,132995625216,2026-07-21T08:06:47.836631141Z,1.19532469,0.70102224,0.26066034763,66178.979999999996,66178.990000000005,66178.985000000001,0.010000000009,0.001511053699,"[{""price"":66178.98,""size"":0.07529995,""num_orders"":5},{""price"":66178.71,""size"":5.035e-05,""num_orders"":1},{""price"":66177.74,""size"":0.00033471,""num_orders"":1},{""price"":66177.65,""size"":0.01511084,""num_orders"":2},{""price"":66177.25,""size"":0.001618,""num_orders"":1},{""price"":66176.38,""size"":0.00010069,""num_orders"":1},{""price"":66176.0,""size"":0.01143174,""num_orders"":2},{""price"":66175.51,""size"":0.09070899,""num_orders"":1},{""price"":66175.5,""size"":1.0,""num_orders"":1},{""price"":66175.38,""size"":0.00066942,""num_orders"":1}]","[{""price"":66178.99,""size"":0.09488711,""num_orders"":5},{""price"":66179.23,""size"":0.01511037,""num_orders"":1},{""price"":66180.0,""size"":0.0099,""num_orders"":1},{""price"":66180.07,""size"":0.22288815,""num_orders"":1},{""price"":66180.08,""size"":0.12088231,""num_orders"":1},{""price"":66180.32,""size"":0.01511024,""num_orders"":2},{""price"":66180.88,""size"":0.00075552,""num_orders"":1},{""price"":66181.59,""size"":0.12087955,""num_orders"":1},{""price"":66182.0,""size"":0.0099,""num_orders"":1},{""price"":66183.24,""size"":0.09070899,""num_orders"":1}]"
btc_usd_d10_20260721T073548Z,32,2026-07-21T08:07:48.461996Z,2026-07-21T08:07:48.462117Z,BTC-USD,10,ok,,132995655775,2026-07-21T08:07:46.126149780Z,0.17699297,0.66724092,-0.580701575484,66164.130000000005,66164.139999999999,66164.135000000009,0.009999999995,0.001511392841,"[{""price"":66164.13,""size"":0.06911304,""num_orders"":7},{""price"":66163.2,""size"":0.00153174,""num_orders"":1},{""price"":66162.8,""size"":0.01511424,""num_orders"":2},{""price"":66162.47,""size"":0.00528987,""num_orders"":1},{""price"":66162.0,""size"":0.0089,""num_orders"":1},{""price"":66160.25,""size"":0.02,""num_orders"":1},{""price"":66160.24,""size"":0.00661234,""num_orders"":1},{""price"":66160.01,""size"":0.02,""num_orders"":1},{""price"":66160.0,""size"":0.01043174,""num_orders"":2},{""price"":66159.18,""size"":0.02,""num_orders"":1}]","[{""price"":66164.14,""size"":0.24501346,""num_orders"":9},{""price"":66164.15,""size"":0.09070899,""num_orders"":1},{""price"":66164.16,""size"":0.0988332,""num_orders"":1},{""price"":66164.19,""size"":0.14188476,""num_orders"":2},{""price"":66164.71,""size"":0.00075569,""num_orders"":1},{""price"":66165.26,""size"":0.0227032,""num_orders"":1},{""price"":66165.47,""size"":0.01511362,""num_orders"":2},{""price"":66165.8,""size"":0.00528987,""num_orders"":1},{""price"":66166.4,""size"":0.00153174,""num_orders"":1},{""price"":66167.1,""size"":0.04540639,""num_orders"":1}]"
btc_usd_d10_20260721T073548Z,33,2026-07-21T08:08:48.461996Z,2026-07-21T08:08:48.462172Z,BTC-USD,10,ok,,132995691511,2026-07-21T08:08:48.190346925Z,0.92181104,0.64039064,0.180143449852,66163.990000000005,66164,66163.994999999995,0.009999999995,0.001511396039,"[{""price"":66163.99,""size"":0.0909761,""num_orders"":4},{""price"":66163.64,""size"":0.0542742,""num_orders"":2},{""price"":66162.99,""size"":0.00030817,""num_orders"":1},{""price"":66162.66,""size"":0.01511426,""num_orders"":2},{""price"":66161.21,""size"":0.00074031,""num_orders"":2},{""price"":66160.43,""size"":1.7e-05,""num_orders"":1},{""price"":66160.01,""size"":0.00755031,""num_orders"":1},{""price"":66160.0,""size"":0.02043174,""num_orders"":3},{""price"":66159.23,""size"":0.7248414,""num_orders"":1},{""price"":66159.03,""size"":0.00755755,""num_orders"":1}]","[{""price"":66164.0,""size"":0.22996033,""num_orders"":6},{""price"":66164.07,""size"":0.12091155,""num_orders"":1},{""price"":66164.76,""size"":0.10822962,""num_orders"":1},{""price"":66165.02,""size"":0.01511453,""num_orders"":1},{""price"":66165.33,""size"":0.01511366,""num_orders"":2},{""price"":66165.43,""size"":0.00075569,""num_orders"":1},{""price"":66165.64,""size"":0.09070899,""num_orders"":1},{""price"":66165.65,""size"":0.04540639,""num_orders"":1},{""price"":66165.66,""size"":0.00528988,""num_orders"":1},{""price"":66166.0,""size"":0.0089,""num_orders"":1}]"
btc_usd_d10_20260721T073548Z,34,2026-07-21T08:09:48.461996Z,2026-07-21T08:09:48.462180Z,BTC-USD,10,ok,,132995730557,2026-07-21T08:09:48.170163136Z,0.36911515,0.64721613,-0.273632215669,66139.320000000007,66139.330000000002,66139.325000000012,0.009999999995,0.00151195979,"[{""price"":66139.32,""size"":0.15131297,""num_orders"":6},{""price"":66137.99,""size"":0.0151199,""num_orders"":2},{""price"":66137.66,""size"":0.00529185,""num_orders"":1},{""price"":66136.0,""size"":0.0107,""num_orders"":1},{""price"":66135.43,""size"":0.00661482,""num_orders"":1},{""price"":66135.34,""size"":0.001538,""num_orders"":1},{""price"":66135.3,""size"":0.06956825,""num_orders"":1},{""price"":66135.29,""size"":0.09070899,""num_orders"":1},{""price"":66134.36,""size"":0.00756037,""num_orders"":1},{""price"":66134.0,""size"":0.0107,""num_orders"":1}]","[{""price"":66139.33,""size"":0.33928893,""num_orders"":7},{""price"":66139.73,""size"":7.957e-05,""num_orders"":2},{""price"":66140.0,""size"":0.0107,""num_orders"":1},{""price"":66140.33,""size"":0.11108149,""num_orders"":1},{""price"":66140.34,""size"":0.12095492,""num_orders"":1},{""price"":66140.51,""size"":0.03774318,""num_orders"":1},{""price"":66140.66,""size"":0.0151193,""num_orders"":2},{""price"":66140.8,""size"":0.00153174,""num_orders"":1},{""price"":66141.88,""size"":1.7e-05,""num_orders"":1},{""price"":66142.0,""size"":0.0107,""num_orders"":1}]"
btc_usd_d10_20260721T073548Z,35,2026-07-21T08:10:48.461996Z,2026-07-21T08:10:48.462113Z,BTC-USD,10,ok,,132995764910,2026-07-21T08:10:45.689901109Z,0.41922033,1.03399987,-0.423046376592,66127.029999999999,66127.039999999994,66127.035000000003,0.009999999995,0.001512240795,"[{""price"":66127.03,""size"":0.03793441,""num_orders"":2},{""price"":66125.0,""size"":0.01,""num_orders"":1},{""price"":66124.0,""size"":0.0107,""num_orders"":1},{""price"":66123.33,""size"":1.7e-05,""num_orders"":1},{""price"":66123.31,""size"":0.09070899,""num_orders"":1},{""price"":66123.3,""size"":0.05000161,""num_orders"":1},{""price"":66122.6,""size"":0.15315854,""num_orders"":1},{""price"":66122.59,""size"":0.01512342,""num_orders"":2},{""price"":66122.11,""size"":0.04999336,""num_orders"":1},{""price"":66122.09,""size"":0.001583,""num_orders"":1}]","[{""price"":66127.04,""size"":0.22862968,""num_orders"":7},{""price"":66127.55,""size"":0.12627114,""num_orders"":2},{""price"":66127.56,""size"":0.29360281,""num_orders"":1},{""price"":66127.84,""size"":0.09070899,""num_orders"":1},{""price"":66128.01,""size"":0.0227032,""num_orders"":1},{""price"":66128.88,""size"":0.04540639,""num_orders"":1},{""price"":66128.89,""size"":0.12097587,""num_orders"":1},{""price"":66129.22,""size"":0.0052928,""num_orders"":1},{""price"":66129.97,""size"":0.09070899,""num_orders"":1},{""price"":66130.0,""size"":0.0097,""num_orders"":1}]"
btc_usd_d10_20260721T073548Z,36,2026-07-21T08:11:48.461996Z,2026-07-21T08:11:48.462098Z,BTC-USD,10,ok,,132995803115,2026-07-21T08:11:46.615118279Z,0.2980895,1.02592538,-0.549718806786,66086.240000000005,66086.25,66086.244999999995,0.009999999995,0.001513174185,"[{""price"":66086.24,""size"":0.10798059,""num_orders"":5},{""price"":66086.23,""size"":0.06216618,""num_orders"":4},{""price"":66085.0,""size"":0.01,""num_orders"":1},{""price"":66084.91,""size"":0.01513204,""num_orders"":2},{""price"":66084.0,""size"":0.0096,""num_orders"":1},{""price"":66083.2,""size"":0.00153174,""num_orders"":1},{""price"":66082.52,""size"":1.7e-05,""num_orders"":1},{""price"":66082.28,""size"":0.0405365,""num_orders"":1},{""price"":66082.27,""size"":0.04152545,""num_orders"":1},{""price"":66082.0,""size"":0.0096,""num_orders"":1}]","[{""price"":66086.25,""size"":0.33289975,""num_orders"":10},{""price"":66086.26,""size"":0.03,""num_orders"":1},{""price"":66086.28,""size"":0.03,""num_orders"":1},{""price"":66086.34,""size"":0.03777064,""num_orders"":1},{""price"":66086.71,""size"":0.23771086,""num_orders"":1},{""price"":66086.72,""size"":0.12105307,""num_orders"":1},{""price"":66087.58,""size"":0.01513144,""num_orders"":2},{""price"":66088.0,""size"":0.0096,""num_orders"":1},{""price"":66088.05,""size"":0.12105063,""num_orders"":1},{""price"":66088.24,""size"":0.09070899,""num_orders"":1}]"
btc_usd_d10_20260721T073548Z,37,2026-07-21T08:12:48.461996Z,2026-07-21T08:12:48.462097Z,BTC-USD,10,ok,,132995851931,2026-07-21T08:12:45.544196476Z,0.38208245,0.40091307,-0.024049460717,66125.169999999998,66125.179999999993,66125.174999999988,0.009999999995,0.001512283332,"[{""price"":66125.17,""size"":0.26561993,""num_orders"":4},{""price"":66124.7,""size"":0.00075614,""num_orders"":1},{""price"":66124.0,""size"":0.0101,""num_orders"":1},{""price"":66123.85,""size"":0.03888402,""num_orders"":1},{""price"":66123.84,""size"":0.01512314,""num_orders"":2},{""price"":66123.51,""size"":0.00529299,""num_orders"":1},{""price"":66122.0,""size"":0.0101,""num_orders"":1},{""price"":66121.28,""size"":0.00661623,""num_orders"":1},{""price"":66121.08,""size"":0.028,""num_orders"":1},{""price"":66120.42,""size"":0.00159,""num_orders"":1}]","[{""price"":66125.18,""size"":0.11912957,""num_orders"":2},{""price"":66125.51,""size"":9.452e-05,""num_orders"":1},{""price"":66125.98,""size"":0.01512481,""num_orders"":1},{""price"":66126.15,""size"":0.09070899,""num_orders"":1},{""price"":66126.51,""size"":0.01512252,""num_orders"":2},{""price"":66126.53,""size"":0.1209802,""num_orders"":1},{""price"":66126.83,""size"":0.01550052,""num_orders"":2},{""price"":66127.04,""size"":1.7e-05,""num_orders"":1},{""price"":66128.0,""size"":0.00153174,""num_orders"":1},{""price"":66128.33,""size"":0.0227032,""num_orders"":1}]"
btc_usd_d10_20260721T073548Z,38,2026-07-21T08:13:48.461996Z,2026-07-21T08:13:48.462170Z,BTC-USD,10,ok,,132995890615,2026-07-21T08:13:47.683712521Z,0.30127384,0.7215373,-0.410890577512,66166.050000000003,66166.059999999998,66166.054999999993,0.009999999995,0.001511348983,"[{""price"":66166.05,""size"":0.07988923,""num_orders"":4},{""price"":66165.9,""size"":0.00075567,""num_orders"":1},{""price"":66164.4,""size"":0.00528964,""num_orders"":1},{""price"":66164.19,""size"":0.09070899,""num_orders"":1},{""price"":66164.18,""size"":0.06124988,""num_orders"":1},{""price"":66163.35,""size"":0.001651,""num_orders"":1},{""price"":66162.17,""size"":0.00661205,""num_orders"":1},{""price"":66162.13,""size"":0.01511431,""num_orders"":1},{""price"":66161.91,""size"":0.02,""num_orders"":1},{""price"":66161.9,""size"":0.02000307,""num_orders"":1}]","[{""price"":66166.06,""size"":0.31725485,""num_orders"":5},{""price"":66168.0,""size"":0.12090436,""num_orders"":1},{""price"":66170.0,""size"":0.0107,""num_orders"":1},{""price"":66171.02,""size"":0.00470086,""num_orders"":1},{""price"":66171.14,""size"":0.04540639,""num_orders"":1},{""price"":66171.15,""size"":0.1301364,""num_orders"":1},{""price"":66171.16,""size"":0.09070899,""num_orders"":1},{""price"":66171.35,""size"":9.445e-05,""num_orders"":1},{""price"":66171.56,""size"":1.7e-05,""num_orders"":1},{""price"":66171.98,""size"":0.001614,""num_orders"":1}]"
btc_usd_d10_20260721T073548Z,39,2026-07-21T08:14:48.461996Z,2026-07-21T08:14:48.462108Z,BTC-USD,10,ok,,132995954798,2026-07-21T08:14:47.844432846Z,0.56413732,0.74125166,-0.13567935896,66241.440000000002,66241.449999999997,66241.445000000007,0.009999999995,0.001509628903,"[{""price"":66241.44,""size"":0.07035856,""num_orders"":3},{""price"":66241.42,""size"":0.03,""num_orders"":1},{""price"":66240.11,""size"":0.0150966,""num_orders"":2},{""price"":66239.78,""size"":0.0052837,""num_orders"":1},{""price"":66238.19,""size"":0.001596,""num_orders"":1},{""price"":66237.55,""size"":0.00660462,""num_orders"":1},{""price"":66234.06,""size"":0.00075481,""num_orders"":1},{""price"":66233.17,""size"":0.00072189,""num_orders"":1},{""price"":66232.47,""size"":0.1928092,""num_orders"":1},{""price"":66232.46,""size"":0.24091194,""num_orders"":1}]","[{""price"":66241.45,""size"":0.08826454,""num_orders"":4},{""price"":66241.54,""size"":0.12077014,""num_orders"":1},{""price"":66242.05,""size"":1.7e-05,""num_orders"":1},{""price"":66242.78,""size"":0.01509598,""num_orders"":2},{""price"":66243.06,""size"":0.19712626,""num_orders"":1},{""price"":66243.07,""size"":0.04540639,""num_orders"":1},{""price"":66243.08,""size"":0.0227032,""num_orders"":1},{""price"":66243.09,""size"":0.15095916,""num_orders"":1},{""price"":66244.0,""size"":0.0102,""num_orders"":1},{""price"":66244.68,""size"":0.09070899,""num_orders"":1}]"
btc_usd_d10_20260721T073548Z,40,2026-07-21T08:15:48.461996Z,2026-07-21T08:15:48.462326Z,BTC-USD,10,ok,,132996003149,2026-07-21T08:15:48.339856461Z,1.17911479,0.62756828,0.305281274374,66220,66220.009999999995,66220.005000000005,0.009999999995,0.001510117674,"[{""price"":66220.0,""size"":0.06586594,""num_orders"":4},{""price"":66219.99,""size"":0.03430281,""num_orders"":1},{""price"":66219.0,""size"":1.0,""num_orders"":1},{""price"":66218.55,""size"":0.01568268,""num_orders"":1},{""price"":66216.08,""size"":0.02001382,""num_orders"":2},{""price"":66216.0,""size"":0.0091,""num_orders"":1},{""price"":66215.8,""size"":0.001541,""num_orders"":1},{""price"":66215.03,""size"":0.01510232,""num_orders"":2},{""price"":66215.0,""size"":0.01,""num_orders"":1},{""price"":66214.15,""size"":0.00750622,""num_orders"":1}]","[{""price"":66220.01,""size"":0.28068124,""num_orders"":9},{""price"":66221.24,""size"":0.11653525,""num_orders"":1},{""price"":66221.25,""size"":0.15100894,""num_orders"":1},{""price"":66221.65,""size"":0.00528549,""num_orders"":1},{""price"":66222.0,""size"":0.0091,""num_orders"":1},{""price"":66223.32,""size"":0.00120811,""num_orders"":1},{""price"":66223.88,""size"":0.00660686,""num_orders"":1},{""price"":66223.99,""size"":0.02533919,""num_orders"":1},{""price"":66224.0,""size"":0.0091,""num_orders"":1},{""price"":66224.39,""size"":0.0227032,""num_orders"":1}]"
btc_usd_d10_20260721T073548Z,41,2026-07-21T08:16:48.461996Z,2026-07-21T08:16:48.462091Z,BTC-USD,10,ok,,132996060649,2026-07-21T08:16:48.125528954Z,0.19743252,0.70882768,-0.564291756385,66229.990000000005,66230,66229.994999999995,0.009999999995,0.001509889891,"[{""price"":66229.99,""size"":0.06818699,""num_orders"":4},{""price"":66229.98,""size"":0.03280258,""num_orders"":1},{""price"":66229.97,""size"":0.03270281,""num_orders"":1},{""price"":66229.85,""size"":0.00099716,""num_orders"":2},{""price"":66228.2,""size"":0.00528454,""num_orders"":1},{""price"":66228.0,""size"":0.0074,""num_orders"":1},{""price"":66226.68,""size"":0.02105644,""num_orders"":1},{""price"":66226.65,""size"":0.001602,""num_orders"":1},{""price"":66226.01,""size"":0.02,""num_orders"":1},{""price"":66226.0,""size"":0.0074,""num_orders"":1}]","[{""price"":66230.0,""size"":0.16613707,""num_orders"":5},{""price"":66230.54,""size"":0.0227032,""num_orders"":1},{""price"":66230.55,""size"":0.14422199,""num_orders"":1},{""price"":66230.56,""size"":0.12079017,""num_orders"":1},{""price"":66231.91,""size"":0.1207877,""num_orders"":1},{""price"":66234.0,""size"":0.0074,""num_orders"":1},{""price"":66234.15,""size"":0.00366035,""num_orders"":1},{""price"":66234.63,""size"":1.7e-05,""num_orders"":1},{""price"":66234.97,""size"":0.01464383,""num_orders"":2},{""price"":66235.27,""size"":0.10846637,""num_orders"":1}]"
btc_usd_d10_20260721T073548Z,42,2026-07-21T08:17:48.461996Z,2026-07-21T08:17:48.462147Z,BTC-USD,10,ok,,132996107198,2026-07-21T08:17:47.601765820Z,0.09838482,1.01430689,-0.82315888738,66190.110000000001,66190.119999999995,66190.114999999991,0.009999999995,0.00151079961,"[{""price"":66190.11,""size"":0.03021231,""num_orders"":3},{""price"":66188.78,""size"":0.0151083,""num_orders"":2},{""price"":66188.49,""size"":0.00151083,""num_orders"":1},{""price"":66186.4,""size"":1.7e-05,""num_orders"":1},{""price"":66186.21,""size"":0.001586,""num_orders"":1},{""price"":66186.0,""size"":0.0082,""num_orders"":1},{""price"":66185.6,""size"":0.00153174,""num_orders"":1},{""price"":66185.15,""size"":0.01510914,""num_orders"":2},{""price"":66185.0,""size"":0.01,""num_orders"":1},{""price"":66183.49,""size"":0.0151095,""num_orders"":2}]","[{""price"":66190.12,""size"":0.48426497,""num_orders"":14},{""price"":66191.45,""size"":0.0151077,""num_orders"":2},{""price"":66191.78,""size"":0.00528779,""num_orders"":1},{""price"":66191.91,""size"":0.14475558,""num_orders"":1},{""price"":66191.92,""size"":0.09070899,""num_orders"":1},{""price"":66191.93,""size"":0.0227032,""num_orders"":1},{""price"":66192.0,""size"":0.0082,""num_orders"":1},{""price"":66192.58,""size"":0.12085946,""num_orders"":1},{""price"":66193.82,""size"":0.1142192,""num_orders"":2},{""price"":66194.0,""size"":0.0082,""num_orders"":1}]"
btc_usd_d10_20260721T073548Z,43,2026-07-21T08:18:48.461996Z,2026-07-21T08:18:48.462081Z,BTC-USD,10,ok,,132996149005,2026-07-21T08:18:48.046941251Z,0.20022709,0.46208572,-0.395370021607,66199.949999999997,66199.960000000006,66199.955000000002,0.010000000009,0.001510575046,"[{""price"":66199.95,""size"":0.0468408,""num_orders"":2},{""price"":66199.94,""size"":0.03400281,""num_orders"":1},{""price"":66199.93,""size"":0.03400281,""num_orders"":1},{""price"":66199.92,""size"":0.03400281,""num_orders"":1},{""price"":66198.62,""size"":0.01510606,""num_orders"":2},{""price"":66198.54,""size"":0.001581,""num_orders"":1},{""price"":66198.4,""size"":0.00153174,""num_orders"":1},{""price"":66198.36,""size"":0.00199098,""num_orders"":1},{""price"":66198.25,""size"":0.00528696,""num_orders"":1},{""price"":66196.53,""size"":0.02588112,""num_orders"":1}]","[{""price"":66199.96,""size"":0.17512301,""num_orders"":5},{""price"":66199.98,""size"":0.12084596,""num_orders"":1},{""price"":66200.24,""size"":5.422e-05,""num_orders"":1},{""price"":66200.87,""size"":0.01510656,""num_orders"":1},{""price"":66201.24,""size"":0.00011372,""num_orders"":2},{""price"":66201.29,""size"":0.01510544,""num_orders"":2},{""price"":66201.93,""size"":0.1208424,""num_orders"":1},{""price"":66202.0,""size"":0.0074,""num_orders"":1},{""price"":66203.93,""size"":9.441e-05,""num_orders"":1},{""price"":66204.0,""size"":0.0074,""num_orders"":1}]"
btc_usd_d10_20260721T073548Z,44,2026-07-21T08:19:48.461996Z,2026-07-21T08:19:48.462093Z,BTC-USD,10,ok,,132996199085,2026-07-21T08:19:47.689286448Z,0.18869363,0.6600522,-0.555358922942,66229.5,66229.509999999995,66229.505000000005,0.009999999995,0.001509901062,"[{""price"":66229.5,""size"":0.05800777,""num_orders"":7},{""price"":66228.17,""size"":0.01509932,""num_orders"":2},{""price"":66227.24,""size"":0.02090649,""num_orders"":1},{""price"":66227.21,""size"":1.7e-05,""num_orders"":1},{""price"":66226.0,""size"":0.0057,""num_orders"":1},{""price"":66225.05,""size"":0.03326305,""num_orders"":1},{""price"":66225.0,""size"":0.01,""num_orders"":1},{""price"":66224.01,""size"":0.02,""num_orders"":1},{""price"":66224.0,""size"":0.0057,""num_orders"":1},{""price"":66223.51,""size"":0.02,""num_orders"":1}]","[{""price"":66229.51,""size"":0.21063981,""num_orders"":5},{""price"":66230.0,""size"":0.0057,""num_orders"":1},{""price"":66230.64,""size"":0.0376785,""num_orders"":1},{""price"":66230.84,""size"":0.0150987,""num_orders"":2},{""price"":66231.17,""size"":0.00528465,""num_orders"":1},{""price"":66231.99,""size"":0.1366778,""num_orders"":2},{""price"":66232.0,""size"":0.0057,""num_orders"":1},{""price"":66232.13,""size"":0.00158,""num_orders"":1},{""price"":66232.3,""size"":0.15098375,""num_orders"":1},{""price"":66232.59,""size"":0.09070899,""num_orders"":1}]"
btc_usd_d10_20260721T073548Z,45,2026-07-21T08:20:48.461996Z,2026-07-21T08:20:48.462111Z,BTC-USD,10,ok,,132996265967,2026-07-21T08:20:48.187929495Z,0.13368238,0.54110953,-0.60378191256,66257.690000000002,66258,66257.845000000001,0.309999999998,0.046786912553,"[{""price"":66257.69,""size"":0.02470281,""num_orders"":1},{""price"":66257.68,""size"":0.02998508,""num_orders"":2},{""price"":66257.47,""size"":0.00075461,""num_orders"":1},{""price"":66256.89,""size"":1.7e-05,""num_orders"":1},{""price"":66256.0,""size"":0.0057,""num_orders"":1},{""price"":66255.84,""size"":0.001643,""num_orders"":1},{""price"":66255.47,""size"":0.03427704,""num_orders"":1},{""price"":66255.44,""size"":0.00660284,""num_orders"":1},{""price"":66255.01,""size"":0.02,""num_orders"":1},{""price"":66255.0,""size"":0.01,""num_orders"":1}]","[{""price"":66258.0,""size"":0.0354,""num_orders"":3},{""price"":66259.9,""size"":0.09070899,""num_orders"":1},{""price"":66259.91,""size"":0.04953968,""num_orders"":2},{""price"":66260.0,""size"":0.0054,""num_orders"":1},{""price"":66260.01,""size"":0.12073647,""num_orders"":1},{""price"":66261.7,""size"":0.0227032,""num_orders"":1},{""price"":66262.0,""size"":0.0054,""num_orders"":1},{""price"":66262.27,""size"":0.09070899,""num_orders"":1},{""price"":66262.98,""size"":0.1054171,""num_orders"":1},{""price"":66263.17,""size"":0.0150951,""num_orders"":1}]"
btc_usd_d10_20260721T073548Z,46,2026-07-21T08:21:48.461996Z,2026-07-21T08:21:48.462331Z,BTC-USD,10,ok,,132996320146,2026-07-21T08:21:47.630737805Z,1.55817507,0.19540354,0.77713740475,66296.289999999994,66296.300000000003,66296.294999999998,0.010000000009,0.001508379919,"[{""price"":66296.29,""size"":1.25767281,""num_orders"":6},{""price"":66296.23,""size"":0.09164043,""num_orders"":1},{""price"":66296.22,""size"":0.03500281,""num_orders"":1},{""price"":66296.21,""size"":0.05830281,""num_orders"":1},{""price"":66296.0,""size"":0.0079,""num_orders"":1},{""price"":66294.0,""size"":0.0079,""num_orders"":1},{""price"":66293.65,""size"":0.001602,""num_orders"":1},{""price"":66292.99,""size"":0.00779112,""num_orders"":1},{""price"":66291.66,""size"":0.0850835,""num_orders"":2},{""price"":66291.32,""size"":0.00527959,""num_orders"":1}]","[{""price"":66296.3,""size"":0.00527952,""num_orders"":1},{""price"":66297.96,""size"":0.00292375,""num_orders"":1},{""price"":66298.54,""size"":0.0065994,""num_orders"":1},{""price"":66298.67,""size"":0.0227032,""num_orders"":1},{""price"":66299.62,""size"":4.456e-05,""num_orders"":1},{""price"":66299.76,""size"":0.09070899,""num_orders"":1},{""price"":66299.87,""size"":0.01508673,""num_orders"":1},{""price"":66299.93,""size"":0.04540639,""num_orders"":1},{""price"":66299.99,""size"":0.000151,""num_orders"":1},{""price"":66300.0,""size"":0.0065,""num_orders"":1}]"
btc_usd_d10_20260721T073548Z,47,2026-07-21T08:22:48.461996Z,2026-07-21T08:22:48.462106Z,BTC-USD,10,ok,,132996384540,2026-07-21T08:22:48.024746869Z,0.148121,0.52069237,-0.557063280598,66234.630000000005,66234.639999999999,66234.635000000009,0.009999999995,0.001509784117,"[{""price"":66234.63,""size"":0.07351112,""num_orders"":7},{""price"":66233.3,""size"":0.01509814,""num_orders"":2},{""price"":66232.98,""size"":0.00528419,""num_orders"":1},{""price"":66232.53,""size"":0.001662,""num_orders"":1},{""price"":66232.08,""size"":0.00014331,""num_orders"":1},{""price"":66232.0,""size"":0.0058,""num_orders"":1},{""price"":66230.92,""size"":1.7e-05,""num_orders"":1},{""price"":66230.76,""size"":0.02,""num_orders"":1},{""price"":66230.75,""size"":0.00660524,""num_orders"":1},{""price"":66230.41,""size"":0.02,""num_orders"":1}]","[{""price"":66234.64,""size"":0.12416886,""num_orders"":2},{""price"":66235.78,""size"":0.08427395,""num_orders"":1},{""price"":66235.79,""size"":0.12078062,""num_orders"":1},{""price"":66235.97,""size"":0.01509754,""num_orders"":2},{""price"":66236.3,""size"":0.00528424,""num_orders"":1},{""price"":66237.4,""size"":0.0708482,""num_orders"":1},{""price"":66237.45,""size"":0.00280548,""num_orders"":2},{""price"":66238.35,""size"":0.00011919,""num_orders"":2},{""price"":66238.53,""size"":0.0066053,""num_orders"":1},{""price"":66239.82,""size"":0.09070899,""num_orders"":1}]"
btc_usd_d10_20260721T073548Z,48,2026-07-21T08:23:48.461996Z,2026-07-21T08:23:48.462152Z,BTC-USD,10,ok,,132996438025,2026-07-21T08:23:47.025349002Z,0.35839467,0.46489097,-0.12935522597,66291.449999999997,66291.460000000006,66291.455000000002,0.010000000009,0.001508490047,"[{""price"":66291.45,""size"":0.03493669,""num_orders"":3},{""price"":66290.56,""size"":0.001657,""num_orders"":1},{""price"":66290.12,""size"":0.0075426,""num_orders"":1},{""price"":66289.79,""size"":0.00527971,""num_orders"":1},{""price"":66288.4,""size"":0.00659938,""num_orders"":1},{""price"":66288.0,""size"":0.0055,""num_orders"":1},{""price"":66286.63,""size"":0.02,""num_orders"":1},{""price"":66286.62,""size"":0.1861533,""num_orders"":2},{""price"":66286.57,""size"":1.7e-05,""num_orders"":1},{""price"":66286.04,""size"":0.09070899,""num_orders"":1}]","[{""price"":66291.46,""size"":0.03109264,""num_orders"":3},{""price"":66291.66,""size"":0.12067884,""num_orders"":1},{""price"":66292.79,""size"":0.0075423,""num_orders"":1},{""price"":66293.15,""size"":0.0150873,""num_orders"":1},{""price"":66294.0,""size"":0.0055,""num_orders"":1},{""price"":66295.78,""size"":0.09070899,""num_orders"":1},{""price"":66295.79,""size"":0.12067131,""num_orders"":1},{""price"":66295.8,""size"":0.0227032,""num_orders"":1},{""price"":66296.0,""size"":0.0055,""num_orders"":1},{""price"":66296.33,""size"":0.04540639,""num_orders"":1}]"
btc_usd_d10_20260721T073548Z,49,2026-07-21T08:24:48.461996Z,2026-07-21T08:24:48.462244Z,BTC-USD,10,ok,,132996509183,2026-07-21T08:24:45.963107702Z,0.06853267,0.53512236,-0.77294094609,66253.179999999993,66253.190000000002,66253.184999999998,0.010000000009,0.0015093614,"[{""price"":66253.18,""size"":1.7e-05,""num_orders"":1},{""price"":66252.79,""size"":0.01982857,""num_orders"":2},{""price"":66252.13,""size"":0.01509386,""num_orders"":2},{""price"":66250.47,""size"":0.00754712,""num_orders"":1},{""price"":66250.0,""size"":0.01,""num_orders"":1},{""price"":66249.47,""size"":1.7e-05,""num_orders"":1},{""price"":66248.11,""size"":0.00072195,""num_orders"":1},{""price"":66248.0,""size"":0.0052,""num_orders"":1},{""price"":66245.35,""size"":0.00010717,""num_orders"":1},{""price"":66245.0,""size"":0.01,""num_orders"":1}]","[{""price"":66253.19,""size"":0.19650529,""num_orders"":3},{""price"":66254.0,""size"":0.0052,""num_orders"":1},{""price"":66255.01,""size"":0.0189,""num_orders"":1},{""price"":66257.11,""size"":0.14009849,""num_orders"":2},{""price"":66258.0,""size"":0.0052,""num_orders"":1},{""price"":66258.43,""size"":0.0227032,""num_orders"":1},{""price"":66260.0,""size"":0.0052,""num_orders"":1},{""price"":66261.98,""size"":0.04540639,""num_orders"":1},{""price"":66261.99,""size"":0.09070899,""num_orders"":1},{""price"":66262.0,""size"":0.0052,""num_orders"":1}]"
btc_usd_d10_20260721T073548Z,50,2026-07-21T08:25:48.461996Z,2026-07-21T08:25:48.462128Z,BTC-USD,10,ok,,132996558367,2026-07-21T08:25:46.006641222Z,0.22060763,0.49945999,-0.38725857441,66233.320000000007,66233.330000000002,66233.325000000012,0.009999999995,0.001509813979,"[{""price"":66233.32,""size"":0.03580503,""num_orders"":2},{""price"":66233.31,""size"":0.02560281,""num_orders"":1},{""price"":66233.3,""size"":0.02670698,""num_orders"":2},{""price"":66231.99,""size"":0.01509844,""num_orders"":2},{""price"":66230.92,""size"":1.7e-05,""num_orders"":1},{""price"":66230.4,""size"":0.00153174,""num_orders"":1},{""price"":66230.0,""size"":0.016,""num_orders"":2},{""price"":66229.62,""size"":0.001587,""num_orders"":1},{""price"":66228.36,""size"":0.09070899,""num_orders"":1},{""price"":66228.35,""size"":0.00754964,""num_orders"":1}]","[{""price"":66233.33,""size"":0.15643502,""num_orders"":5},{""price"":66234.63,""size"":0.1024586,""num_orders"":1},{""price"":66234.64,""size"":0.12078272,""num_orders"":1},{""price"":66234.66,""size"":0.01509784,""num_orders"":2},{""price"":66234.99,""size"":0.00528434,""num_orders"":1},{""price"":66235.69,""size"":0.00045794,""num_orders"":2},{""price"":66236.0,""size"":0.006,""num_orders"":1},{""price"":66237.22,""size"":0.00660543,""num_orders"":1},{""price"":66238.0,""size"":0.006,""num_orders"":1},{""price"":66238.27,""size"":0.0803381,""num_orders"":2}]"
btc_usd_d10_20260721T073548Z,51,2026-07-21T08:26:48.461996Z,2026-07-21T08:26:48.462098Z,BTC-USD,10,ok,,132996605863,2026-07-21T08:26:45.638091005Z,0.20563343,0.49409421,-0.412247228079,66272.970000000001,66272.979999999996,66272.975000000006,0.009999999995,0.001508910683,"[{""price"":66272.97,""size"":0.02995768,""num_orders"":2},{""price"":66272.54,""size"":0.00010984,""num_orders"":1},{""price"":66272.0,""size"":0.00153174,""num_orders"":1},{""price"":66271.73,""size"":1.7e-05,""num_orders"":1},{""price"":66271.64,""size"":0.01508942,""num_orders"":2},{""price"":66270.32,""size"":0.09070899,""num_orders"":1},{""price"":66270.0,""size"":0.0176,""num_orders"":2},{""price"":66268.87,""size"":0.00368063,""num_orders"":1},{""price"":66268.8,""size"":0.00153174,""num_orders"":1},{""price"":66268.18,""size"":0.04540639,""num_orders"":1}]","[{""price"":66272.98,""size"":0.21060586,""num_orders"":9},{""price"":66274.06,""size"":0.00105648,""num_orders"":1},{""price"":66274.31,""size"":0.0150888,""num_orders"":2},{""price"":66274.64,""size"":0.00528118,""num_orders"":1},{""price"":66275.51,""size"":0.0769915,""num_orders"":1},{""price"":66275.52,""size"":0.12070821,""num_orders"":1},{""price"":66276.08,""size"":0.0376664,""num_orders"":1},{""price"":66276.88,""size"":0.00660148,""num_orders"":1},{""price"":66276.96,""size"":9.43e-05,""num_orders"":1},{""price"":66277.0,""size"":0.02,""num_orders"":1}]"
btc_usd_d10_20260721T073548Z,52,2026-07-21T08:27:48.461996Z,2026-07-21T08:27:48.462109Z,BTC-USD,10,ok,,132996658497,2026-07-21T08:27:48.115415878Z,0.18639189,0.46483122,-0.42756365019,66212.350000000006,66212.360000000001,66212.35500000001,0.009999999995,0.001510292149,"[{""price"":66212.35,""size"":0.08713141,""num_orders"":4},{""price"":66211.02,""size"":0.01510322,""num_orders"":2},{""price"":66210.69,""size"":0.00528602,""num_orders"":1},{""price"":66210.0,""size"":0.0066,""num_orders"":1},{""price"":66208.46,""size"":0.00660752,""num_orders"":1},{""price"":66208.0,""size"":0.00659997,""num_orders"":1},{""price"":66207.98,""size"":0.001636,""num_orders"":1},{""price"":66207.53,""size"":0.00446933,""num_orders"":1},{""price"":66207.38,""size"":0.00755203,""num_orders"":1},{""price"":66207.29,""size"":0.04540639,""num_orders"":1}]","[{""price"":66212.36,""size"":0.1364792,""num_orders"":3},{""price"":66212.37,""size"":1.7e-05,""num_orders"":1},{""price"":66213.69,""size"":0.01510262,""num_orders"":2},{""price"":66214.85,""size"":0.00025968,""num_orders"":1},{""price"":66216.08,""size"":1.7e-05,""num_orders"":1},{""price"":66216.49,""size"":0.04540639,""num_orders"":1},{""price"":66216.5,""size"":0.00592,""num_orders"":1},{""price"":66216.51,""size"":0.09060962,""num_orders"":1},{""price"":66216.52,""size"":0.15101971,""num_orders"":1},{""price"":66217.59,""size"":0.02,""num_orders"":1}]"
btc_usd_d10_20260721T073548Z,53,2026-07-21T08:28:48.461996Z,2026-07-21T08:28:48.462086Z,BTC-USD,10,ok,,132996712950,2026-07-21T08:28:48.188139457Z,0.17570361,0.35058563,-0.332292600168,66197.529999999999,66197.539999999994,66197.535000000003,0.009999999995,0.001510630267,"[{""price"":66197.53,""size"":0.0245521,""num_orders"":4},{""price"":66196.2,""size"":0.0151066,""num_orders"":2},{""price"":66195.87,""size"":0.0052871,""num_orders"":1},{""price"":66194.55,""size"":0.00154,""num_orders"":1},{""price"":66193.64,""size"":0.00660888,""num_orders"":1},{""price"":66192.57,""size"":0.01510744,""num_orders"":2},{""price"":66192.19,""size"":0.00333859,""num_orders"":1},{""price"":66192.0,""size"":0.0059,""num_orders"":1},{""price"":66190.91,""size"":0.00755391,""num_orders"":1},{""price"":66190.44,""size"":0.09070899,""num_orders"":1}]","[{""price"":66197.54,""size"":0.07222546,""num_orders"":4},{""price"":66198.0,""size"":0.0059,""num_orders"":1},{""price"":66198.05,""size"":0.08468771,""num_orders"":1},{""price"":66198.06,""size"":0.12084946,""num_orders"":1},{""price"":66198.87,""size"":0.015106,""num_orders"":2},{""price"":66200.0,""size"":0.0059,""num_orders"":1},{""price"":66201.23,""size"":0.02,""num_orders"":1},{""price"":66201.24,""size"":1.7e-05,""num_orders"":1},{""price"":66201.99,""size"":0.02,""num_orders"":1},{""price"":66202.0,""size"":0.0059,""num_orders"":1}]"
btc_usd_d10_20260721T073548Z,54,2026-07-21T08:29:48.461996Z,2026-07-21T08:29:48.462085Z,BTC-USD,10,ok,,132996763834,2026-07-21T08:29:48.046244436Z,0.12496915,0.66574196,-0.683906932837,66177,66177.009999999995,66177.005000000005,0.009999999995,0.001511098907,"[{""price"":66177.0,""size"":0.02920281,""num_orders"":1},{""price"":66176.99,""size"":0.02920281,""num_orders"":1},{""price"":66176.98,""size"":0.02920281,""num_orders"":1},{""price"":66176.54,""size"":0.00528875,""num_orders"":1},{""price"":66175.67,""size"":0.0151113,""num_orders"":2},{""price"":66175.05,""size"":3.596e-05,""num_orders"":1},{""price"":66174.61,""size"":0.001585,""num_orders"":1},{""price"":66174.36,""size"":0.00117281,""num_orders"":1},{""price"":66173.61,""size"":0.00661098,""num_orders"":1},{""price"":66173.27,""size"":0.00755592,""num_orders"":1}]","[{""price"":66177.01,""size"":0.07037475,""num_orders"":4},{""price"":66177.23,""size"":0.1208875,""num_orders"":1},{""price"":66177.92,""size"":0.29159994,""num_orders"":1},{""price"":66177.93,""size"":0.09070899,""num_orders"":1},{""price"":66178.0,""size"":0.0059,""num_orders"":1},{""price"":66178.24,""size"":0.03772401,""num_orders"":1},{""price"":66178.31,""size"":0.00528874,""num_orders"":1},{""price"":66178.32,""size"":0.02285861,""num_orders"":4},{""price"":66178.34,""size"":0.01511068,""num_orders"":2},{""price"":66179.98,""size"":0.00528874,""num_orders"":1}]"
btc_usd_d10_20260721T073548Z,55,2026-07-21T08:30:48.461996Z,2026-07-21T08:30:48.462109Z,BTC-USD,10,ok,,132996808280,2026-07-21T08:30:47.595789791Z,0.24397403,0.41865747,-0.263620790741,66173.509999999995,66173.520000000004,66173.514999999999,0.010000000009,0.001511178605,"[{""price"":66173.51,""size"":0.02800266,""num_orders"":1},{""price"":66173.5,""size"":0.02800281,""num_orders"":1},{""price"":66173.49,""size"":0.02800281,""num_orders"":1},{""price"":66173.48,""size"":0.02800281,""num_orders"":1},{""price"":66173.47,""size"":0.02800281,""num_orders"":1},{""price"":66173.46,""size"":0.02800281,""num_orders"":1},{""price"":66173.45,""size"":0.02800281,""num_orders"":1},{""price"":66173.44,""size"":0.02800281,""num_orders"":1},{""price"":66172.18,""size"":0.0151121,""num_orders"":2},{""price"":66170.57,""size"":0.0048396,""num_orders"":1}]","[{""price"":66173.52,""size"":0.17129775,""num_orders"":5},{""price"":66174.85,""size"":0.01511148,""num_orders"":2},{""price"":66175.18,""size"":0.00528912,""num_orders"":1},{""price"":66175.46,""size"":0.09070899,""num_orders"":1},{""price"":66176.0,""size"":0.0065,""num_orders"":1},{""price"":66176.87,""size"":0.001627,""num_orders"":1},{""price"":66177.18,""size"":0.1208876,""num_orders"":1},{""price"":66177.41,""size"":0.0066114,""num_orders"":1},{""price"":66177.49,""size"":9.444e-05,""num_orders"":1},{""price"":66177.51,""size"":0.00052969,""num_orders"":4}]"
btc_usd_d10_20260721T073548Z,56,2026-07-21T08:31:48.461996Z,2026-07-21T08:31:48.462097Z,BTC-USD,10,ok,,132996843162,2026-07-21T08:31:46.619348456Z,0.13092953,0.69817073,-0.684164783641,66158.320000000007,66158.330000000002,66158.325000000012,0.009999999995,0.001511525571,"[{""price"":66158.32,""size"":0.05157789,""num_orders"":5},{""price"":66158.31,""size"":0.00604604,""num_orders"":1},{""price"":66158.13,""size"":0.02389316,""num_orders"":1},{""price"":66156.99,""size"":0.01511556,""num_orders"":2},{""price"":66156.8,""size"":0.00153174,""num_orders"":1},{""price"":66156.72,""size"":1.7e-05,""num_orders"":1},{""price"":66155.0,""size"":0.01,""num_orders"":1},{""price"":66154.0,""size"":0.0061,""num_orders"":1},{""price"":66153.6,""size"":0.00153174,""num_orders"":1},{""price"":66153.36,""size"":0.0151164,""num_orders"":2}]","[{""price"":66158.33,""size"":0.29768389,""num_orders"":8},{""price"":66158.65,""size"":0.00075576,""num_orders"":1},{""price"":66159.08,""size"":0.03,""num_orders"":1},{""price"":66159.1,""size"":0.19478512,""num_orders"":2},{""price"":66159.11,""size"":0.03773168,""num_orders"":1},{""price"":66159.62,""size"":0.09070899,""num_orders"":1},{""price"":66159.66,""size"":0.01511496,""num_orders"":2},{""price"":66159.99,""size"":0.00529033,""num_orders"":1},{""price"":66160.0,""size"":0.0061,""num_orders"":1},{""price"":66160.43,""size"":0.02,""num_orders"":1}]"
btc_usd_d10_20260721T073548Z,57,2026-07-21T08:32:48.461996Z,2026-07-21T08:32:48.462121Z,BTC-USD,10,ok,,132996883150,2026-07-21T08:32:47.156227804Z,0.44209126,0.3468681,0.120694632484,66197.520000000004,66197.529999999999,66197.524999999994,0.009999999995,0.001510630495,"[{""price"":66197.52,""size"":0.24130912,""num_orders"":6},{""price"":66197.15,""size"":0.00528722,""num_orders"":1},{""price"":66196.19,""size"":0.0151066,""num_orders"":2},{""price"":66196.13,""size"":0.09070899,""num_orders"":1},{""price"":66196.0,""size"":0.009,""num_orders"":1},{""price"":66195.49,""size"":0.00528722,""num_orders"":1},{""price"":66194.17,""size"":0.00098572,""num_orders"":1},{""price"":66194.0,""size"":0.009,""num_orders"":1},{""price"":66193.28,""size"":0.02,""num_orders"":1},{""price"":66193.27,""size"":0.04540639,""num_orders"":1}]","[{""price"":66197.53,""size"":0.0001724,""num_orders"":4},{""price"":66198.3,""size"":0.12084904,""num_orders"":1},{""price"":66199.0,""size"":0.00021182,""num_orders"":1},{""price"":66199.19,""size"":0.01510592,""num_orders"":2},{""price"":66199.53,""size"":0.12084679,""num_orders"":1},{""price"":66200.52,""size"":0.05401377,""num_orders"":1},{""price"":66201.24,""size"":0.01902136,""num_orders"":2},{""price"":66201.5,""size"":9.441e-05,""num_orders"":1},{""price"":66202.0,""size"":0.009,""num_orders"":1},{""price"":66202.49,""size"":0.00755259,""num_orders"":1}]"
btc_usd_d10_20260721T073548Z,58,2026-07-21T08:33:48.461996Z,2026-07-21T08:33:48.462107Z,BTC-USD,10,ok,,132996935168,2026-07-21T08:33:47.631271508Z,1.26829128,0.30078182,0.616612100481,66196.339999999997,66196.350000000006,66196.345000000001,0.010000000009,0.001510657425,"[{""price"":66196.34,""size"":0.07853582,""num_orders"":4},{""price"":66195.01,""size"":0.01510688,""num_orders"":2},{""price"":66194.0,""size"":0.0066,""num_orders"":1},{""price"":66193.82,""size"":1.7e-05,""num_orders"":1},{""price"":66192.13,""size"":0.00801939,""num_orders"":1},{""price"":66192.12,""size"":0.02,""num_orders"":1},{""price"":66192.09,""size"":0.09070899,""num_orders"":1},{""price"":66192.08,""size"":0.02,""num_orders"":1},{""price"":66192.01,""size"":0.0227032,""num_orders"":1},{""price"":66192.0,""size"":1.0066,""num_orders"":2}]","[{""price"":66196.35,""size"":0.03779778,""num_orders"":3},{""price"":66196.36,""size"":0.00926768,""num_orders"":1},{""price"":66196.82,""size"":0.00046637,""num_orders"":3},{""price"":66197.68,""size"":0.01510626,""num_orders"":2},{""price"":66197.75,""size"":0.12085004,""num_orders"":1},{""price"":66198.0,""size"":0.0066,""num_orders"":1},{""price"":66198.01,""size"":0.0052873,""num_orders"":1},{""price"":66198.78,""size"":0.03,""num_orders"":1},{""price"":66198.79,""size"":0.04540639,""num_orders"":1},{""price"":66198.8,""size"":0.03,""num_orders"":1}]"
btc_usd_d10_20260721T073548Z,59,2026-07-21T08:34:48.461996Z,2026-07-21T08:34:48.462092Z,BTC-USD,10,ok,,132996982624,2026-07-21T08:34:45.546417099Z,0.32326825,0.35771937,-0.050589935835,66214.100000000006,66214.110000000001,66214.10500000001,0.009999999995,0.001510252233,"[{""price"":66214.1,""size"":0.11557792,""num_orders"":5},{""price"":66214.08,""size"":0.03,""num_orders"":1},{""price"":66214.0,""size"":0.00589995,""num_orders"":1},{""price"":66213.13,""size"":0.05090281,""num_orders"":1},{""price"":66212.77,""size"":0.01510282,""num_orders"":2},{""price"":66212.34,""size"":0.00528589,""num_orders"":1},{""price"":66212.0,""size"":0.0071841,""num_orders"":3},{""price"":66210.82,""size"":0.05100281,""num_orders"":1},{""price"":66210.11,""size"":0.00660736,""num_orders"":1},{""price"":66210.04,""size"":0.03570459,""num_orders"":1}]","[{""price"":66214.11,""size"":0.18196019,""num_orders"":3},{""price"":66215.35,""size"":0.0227032,""num_orders"":1},{""price"":66215.44,""size"":0.01510222,""num_orders"":2},{""price"":66216.08,""size"":1.7e-05,""num_orders"":1},{""price"":66217.11,""size"":0.1208147,""num_orders"":1},{""price"":66217.6,""size"":0.00153174,""num_orders"":1},{""price"":66218.08,""size"":9.439e-05,""num_orders"":1},{""price"":66218.98,""size"":0.00792824,""num_orders"":1},{""price"":66219.08,""size"":0.00755069,""num_orders"":1},{""price"":66219.79,""size"":1.7e-05,""num_orders"":1}]"
btc_usd_d10_20260721T102934Z,0,2026-07-21T10:29:34.325758Z,2026-07-21T10:29:34.325791Z,BTC-USD,10,ok,,133001044781,2026-07-21T10:29:33.024142612Z,0.38176371,0.34637893,0.048595945432,66350.009999999995,66350.020000000004,66350.014999999999,0.010000000009,0.001507158666,"[{""price"":66350.01,""size"":0.06653519,""num_orders"":5},{""price"":66350.0,""size"":0.036,""num_orders"":2},{""price"":66349.98,""size"":0.03,""num_orders"":1},{""price"":66348.8,""size"":0.00153174,""num_orders"":1},{""price"":66348.69,""size"":0.08570217,""num_orders"":2},{""price"":66348.68,""size"":0.01507188,""num_orders"":2},{""price"":66348.35,""size"":0.00527505,""num_orders"":1},{""price"":66348.08,""size"":0.12057619,""num_orders"":1},{""price"":66348.0,""size"":0.006,""num_orders"":1},{""price"":66347.11,""size"":0.01507149,""num_orders"":1}]","[{""price"":66350.02,""size"":0.01743727,""num_orders"":2},{""price"":66351.35,""size"":0.01507128,""num_orders"":2},{""price"":66351.68,""size"":0.00527505,""num_orders"":1},{""price"":66352.0,""size"":0.00153174,""num_orders"":1},{""price"":66352.44,""size"":0.12061267,""num_orders"":1},{""price"":66352.76,""size"":0.12056771,""num_orders"":1},{""price"":66353.92,""size"":0.00659381,""num_orders"":1},{""price"":66354.0,""size"":0.006,""num_orders"":1},{""price"":66354.14,""size"":0.04537741,""num_orders"":1},{""price"":66355.0,""size"":0.00791199,""num_orders"":1}]"
btc_usd_d10_20260721T102934Z,1,2026-07-21T10:30:34.325758Z,2026-07-21T10:30:34.325920Z,BTC-USD,10,ok,,133001075474,2026-07-21T10:30:34.101604833Z,0.29913816,0.80697485,-0.459118268575,66334.449999999997,66334.460000000006,66334.455000000002,0.010000000009,0.001507512198,"[{""price"":66334.45,""size"":0.00017616,""num_orders"":3},{""price"":66332.0,""size"":0.0054,""num_orders"":1},{""price"":66330.65,""size"":0.00206993,""num_orders"":1},{""price"":66330.0,""size"":0.08047914,""num_orders"":2},{""price"":66329.9,""size"":1.7e-05,""num_orders"":1},{""price"":66329.6,""size"":0.00153174,""num_orders"":1},{""price"":66329.47,""size"":0.01507626,""num_orders"":2},{""price"":66327.65,""size"":4.699e-05,""num_orders"":1},{""price"":66326.4,""size"":0.00153174,""num_orders"":1},{""price"":66326.01,""size"":0.1928092,""num_orders"":1}]","[{""price"":66334.46,""size"":0.12252472,""num_orders"":14},{""price"":66334.48,""size"":0.03,""num_orders"":1},{""price"":66334.96,""size"":0.12061267,""num_orders"":1},{""price"":66334.97,""size"":0.12060004,""num_orders"":1},{""price"":66336.0,""size"":0.00693174,""num_orders"":2},{""price"":66336.01,""size"":0.00031063,""num_orders"":3},{""price"":66336.12,""size"":0.00527629,""num_orders"":1},{""price"":66337.65,""size"":0.00753157,""num_orders"":1},{""price"":66337.66,""size"":0.12061267,""num_orders"":1},{""price"":66337.67,""size"":0.27257452,""num_orders"":1}]"
btc_usd_d10_20260721T102934Z,2,2026-07-21T10:31:34.325758Z,2026-07-21T10:31:34.325920Z,BTC-USD,10,ok,,133001099826,2026-07-21T10:31:33.631452988Z,0.21584334,0.52751177,-0.419272600413,66357.190000000002,66357.199999999997,66357.195000000007,0.009999999995,0.001506995586,"[{""price"":66357.19,""size"":0.05825702,""num_orders"":5},{""price"":66355.86,""size"":0.01507026,""num_orders"":2},{""price"":66355.53,""size"":0.00527448,""num_orders"":1},{""price"":66354.99,""size"":0.00035114,""num_orders"":1},{""price"":66354.0,""size"":0.0059,""num_orders"":1},{""price"":66352.66,""size"":0.04,""num_orders"":1},{""price"":66352.65,""size"":0.00659313,""num_orders"":1},{""price"":66352.38,""size"":0.00439731,""num_orders"":1},{""price"":66352.31,""size"":0.04,""num_orders"":1},{""price"":66352.09,""size"":0.04,""num_orders"":1}]","[{""price"":66357.2,""size"":0.05409764,""num_orders"":5},{""price"":66357.67,""size"":0.1205588,""num_orders"":1},{""price"":66358.26,""size"":0.12061267,""num_orders"":1},{""price"":66358.7,""size"":0.01506962,""num_orders"":2},{""price"":66359.11,""size"":0.04537741,""num_orders"":1},{""price"":66359.17,""size"":0.14,""num_orders"":3},{""price"":66359.22,""size"":0.00076656,""num_orders"":1},{""price"":66359.81,""size"":5.82e-05,""num_orders"":1},{""price"":66360.0,""size"":0.0159,""num_orders"":2},{""price"":66360.05,""size"":0.01507087,""num_orders"":1}]"
btc_usd_d10_20260721T102934Z,3,2026-07-21T10:32:34.325758Z,2026-07-21T10:32:34.325918Z,BTC-USD,10,ok,,133001125537,2026-07-21T10:32:32.025213383Z,0.41246597,0.57267408,-0.162624704985,66359.639999999999,66359.649999999994,66359.64499999999,0.009999999995,0.001506939947,"[{""price"":66359.64,""size"":0.03509656,""num_orders"":3},{""price"":66357.98,""size"":0.00527428,""num_orders"":1},{""price"":66356.2,""size"":0.00199445,""num_orders"":1},{""price"":66356.01,""size"":0.04,""num_orders"":1},{""price"":66356.0,""size"":0.0037578,""num_orders"":1},{""price"":66355.78,""size"":0.19975002,""num_orders"":1},{""price"":66355.77,""size"":0.04,""num_orders"":1},{""price"":66355.75,""size"":0.04,""num_orders"":1},{""price"":66355.74,""size"":0.00659286,""num_orders"":1},{""price"":66355.21,""size"":0.04,""num_orders"":1}]","[{""price"":66359.65,""size"":0.13345611,""num_orders"":2},{""price"":66359.83,""size"":0.12061267,""num_orders"":1},{""price"":66361.31,""size"":0.00527428,""num_orders"":1},{""price"":66361.33,""size"":0.0448893,""num_orders"":5},{""price"":66361.75,""size"":1.7e-05,""num_orders"":1},{""price"":66362.0,""size"":0.0056,""num_orders"":1},{""price"":66362.11,""size"":0.01506987,""num_orders"":1},{""price"":66362.87,""size"":0.12061267,""num_orders"":1},{""price"":66362.88,""size"":0.12054932,""num_orders"":1},{""price"":66363.55,""size"":0.00659286,""num_orders"":1}]"
btc_usd_d10_20260721T102934Z,4,2026-07-21T10:33:34.325758Z,2026-07-21T10:33:34.325925Z,BTC-USD,10,ok,,133001152874,2026-07-21T10:33:32.546630416Z,0.80542713,0.41711378,0.317628102932,66347.830000000002,66347.839999999997,66347.834999999992,0.009999999995,0.001507208185,"[{""price"":66347.83,""size"":0.44859519,""num_orders"":7},{""price"":66346.5,""size"":0.01507238,""num_orders"":2},{""price"":66346.38,""size"":0.00035163,""num_orders"":1},{""price"":66346.17,""size"":0.00527522,""num_orders"":1},{""price"":66346.0,""size"":0.0059,""num_orders"":1},{""price"":66345.63,""size"":0.04,""num_orders"":1},{""price"":66345.62,""size"":0.12812014,""num_orders"":1},{""price"":66345.61,""size"":0.04,""num_orders"":1},{""price"":66345.6,""size"":0.00153174,""num_orders"":1},{""price"":66345.53,""size"":0.12058083,""num_orders"":1}]","[{""price"":66347.84,""size"":0.00511831,""num_orders"":1},{""price"":66348.24,""size"":0.0007536,""num_orders"":1},{""price"":66349.17,""size"":0.01507178,""num_orders"":2},{""price"":66349.49,""size"":0.00527528,""num_orders"":1},{""price"":66351.07,""size"":0.12061267,""num_orders"":1},{""price"":66351.08,""size"":0.12057077,""num_orders"":1},{""price"":66351.45,""size"":0.01507286,""num_orders"":1},{""price"":66351.73,""size"":0.0065941,""num_orders"":1},{""price"":66352.0,""size"":0.00743174,""num_orders"":2},{""price"":66353.07,""size"":0.12061267,""num_orders"":1}]"
btc_usd_d10_20260721T102934Z,5,2026-07-21T10:34:34.325758Z,2026-07-21T10:34:34.325903Z,BTC-USD,10,ok,,133001180459,2026-07-21T10:34:32.043276324Z,0.7660002,0.41957487,0.292200248441,66362.960000000006,66362.970000000001,66362.964999999997,0.009999999995,0.001506864558,"[{""price"":66362.96,""size"":0.13375832,""num_orders"":5},{""price"":66361.3,""size"":0.00527402,""num_orders"":1},{""price"":66359.06,""size"":0.00659253,""num_orders"":1},{""price"":66358.0,""size"":0.0083,""num_orders"":1},{""price"":66357.98,""size"":0.00033072,""num_orders"":1},{""price"":66356.0,""size"":0.0087,""num_orders"":1},{""price"":66354.88,""size"":0.23020274,""num_orders"":1},{""price"":66354.87,""size"":0.1928092,""num_orders"":1},{""price"":66354.71,""size"":0.12061267,""num_orders"":1},{""price"":66354.33,""size"":0.05942,""num_orders"":1}]","[{""price"":66362.97,""size"":0.0764574,""num_orders"":3},{""price"":66363.3,""size"":9.418e-05,""num_orders"":1},{""price"":66364.0,""size"":0.0083,""num_orders"":1},{""price"":66364.61,""size"":0.15911187,""num_orders"":1},{""price"":66364.62,""size"":0.12061267,""num_orders"":1},{""price"":66364.63,""size"":0.00753413,""num_orders"":1},{""price"":66364.8,""size"":0.00153174,""num_orders"":1},{""price"":66366.0,""size"":0.0083,""num_orders"":1},{""price"":66366.3,""size"":1.7e-05,""num_orders"":1},{""price"":66366.63,""size"":0.03761588,""num_orders"":1}]"
btc_usd_d10_20260721T102934Z,6,2026-07-21T10:35:34.325758Z,2026-07-21T10:35:34.325896Z,BTC-USD,10,ok,,133001213183,2026-07-21T10:35:34.128482488Z,0.40202271,1.90725471,-0.651819476934,66384.020000000004,66384.029999999999,66384.024999999994,0.009999999995,0.001506386513,"[{""price"":66384.02,""size"":0.00459742,""num_orders"":1},{""price"":66382.53,""size"":0.04420281,""num_orders"":1},{""price"":66382.52,""size"":0.04420281,""num_orders"":1},{""price"":66382.51,""size"":0.04420281,""num_orders"":1},{""price"":66382.5,""size"":0.04420281,""num_orders"":1},{""price"":66382.49,""size"":0.04420281,""num_orders"":1},{""price"":66382.48,""size"":0.04410281,""num_orders"":1},{""price"":66382.47,""size"":0.04410281,""num_orders"":1},{""price"":66382.46,""size"":0.04410281,""num_orders"":1},{""price"":66382.45,""size"":0.04410281,""num_orders"":1}]","[{""price"":66384.03,""size"":0.88708051,""num_orders"":9},{""price"":66384.05,""size"":0.02263209,""num_orders"":1},{""price"":66384.06,""size"":0.14801032,""num_orders"":1},{""price"":66384.07,""size"":0.12061267,""num_orders"":1},{""price"":66384.08,""size"":0.12051082,""num_orders"":1},{""price"":66386.0,""size"":0.0068,""num_orders"":1},{""price"":66387.11,""size"":0.35212089,""num_orders"":1},{""price"":66387.12,""size"":0.12061267,""num_orders"":1},{""price"":66387.16,""size"":0.12056845,""num_orders"":2},{""price"":66388.0,""size"":0.00830629,""num_orders"":2}]"
btc_usd_d10_20260721T102934Z,7,2026-07-21T10:36:34.325758Z,2026-07-21T10:36:34.325912Z,BTC-USD,10,ok,,133001252223,2026-07-21T10:36:33.548492499Z,0.20365078,0.18849527,0.038647616111,66356,66356.839999999997,66356.419999999998,0.839999999997,0.12658910773,"[{""price"":66356.0,""size"":0.0067,""num_orders"":1},{""price"":66355.19,""size"":0.02705,""num_orders"":1},{""price"":66355.05,""size"":0.03546116,""num_orders"":1},{""price"":66355.04,""size"":0.06251116,""num_orders"":2},{""price"":66354.0,""size"":0.0067,""num_orders"":1},{""price"":66352.8,""size"":0.03160281,""num_orders"":1},{""price"":66352.03,""size"":0.0052747,""num_orders"":1},{""price"":66352.0,""size"":0.0067,""num_orders"":1},{""price"":66351.02,""size"":0.01505758,""num_orders"":1},{""price"":66349.79,""size"":0.00659337,""num_orders"":1}]","[{""price"":66356.84,""size"":0.04409704,""num_orders"":1},{""price"":66356.85,""size"":0.04937174,""num_orders"":2},{""price"":66356.94,""size"":0.04419704,""num_orders"":1},{""price"":66356.97,""size"":0.03569602,""num_orders"":1},{""price"":66357.2,""size"":1.7e-05,""num_orders"":1},{""price"":66357.58,""size"":0.00659369,""num_orders"":1},{""price"":66357.93,""size"":0.0002328,""num_orders"":1},{""price"":66358.0,""size"":0.0067,""num_orders"":1},{""price"":66358.12,""size"":5.82e-05,""num_orders"":1},{""price"":66358.4,""size"":0.00153174,""num_orders"":1}]"
btc_usd_d10_20260721T102934Z,8,2026-07-21T10:37:34.325758Z,2026-07-21T10:37:34.325893Z,BTC-USD,10,ok,,133001293481,2026-07-21T10:37:32.025518599Z,0.30669817,0.49540535,-0.235265368241,66330,66330.009999999995,66330.005000000005,0.009999999995,0.001507613333,"[{""price"":66330.0,""size"":0.05191821,""num_orders"":5},{""price"":66329.93,""size"":0.02440281,""num_orders"":1},{""price"":66329.92,""size"":0.02440281,""num_orders"":1},{""price"":66329.91,""size"":0.02440281,""num_orders"":1},{""price"":66329.9,""size"":1.7e-05,""num_orders"":1},{""price"":66328.76,""size"":0.01507642,""num_orders"":2},{""price"":66328.16,""size"":0.00036544,""num_orders"":1},{""price"":66328.0,""size"":0.0055,""num_orders"":1},{""price"":66327.13,""size"":0.04,""num_orders"":1},{""price"":66327.12,""size"":0.12061267,""num_orders"":1}]","[{""price"":66330.01,""size"":0.0520494,""num_orders"":5},{""price"":66330.1,""size"":0.12060889,""num_orders"":1},{""price"":66331.43,""size"":0.0150758,""num_orders"":2},{""price"":66331.76,""size"":0.00527663,""num_orders"":1},{""price"":66332.0,""size"":0.0055,""num_orders"":1},{""price"":66333.14,""size"":0.09037124,""num_orders"":1},{""price"":66333.15,""size"":0.15075418,""num_orders"":1},{""price"":66333.18,""size"":0.00062143,""num_orders"":3},{""price"":66334.0,""size"":0.01209579,""num_orders"":2},{""price"":66334.56,""size"":0.04305199,""num_orders"":1}]"
btc_usd_d10_20260721T102934Z,9,2026-07-21T10:38:34.325758Z,2026-07-21T10:38:34.325882Z,BTC-USD,10,ok,,133001320646,2026-07-21T10:38:33.041008141Z,0.37654788,0.37366854,0.003838012503,66356.960000000006,66356.970000000001,66356.964999999997,0.009999999995,0.001507000809,"[{""price"":66356.96,""size"":0.07833961,""num_orders"":7},{""price"":66356.0,""size"":0.006,""num_orders"":1},{""price"":66355.66,""size"":0.08864808,""num_orders"":1},{""price"":66355.65,""size"":0.12061267,""num_orders"":1},{""price"":66355.63,""size"":0.01507032,""num_orders"":2},{""price"":66355.2,""size"":0.00153174,""num_orders"":1},{""price"":66355.06,""size"":0.00527451,""num_orders"":1},{""price"":66354.0,""size"":0.006,""num_orders"":1},{""price"":66353.89,""size"":0.01507095,""num_orders"":1},{""price"":66353.12,""size"":0.04,""num_orders"":1}]","[{""price"":66356.97,""size"":0.14301798,""num_orders"":6},{""price"":66357.2,""size"":1.7e-05,""num_orders"":1},{""price"":66358.34,""size"":0.0150697,""num_orders"":2},{""price"":66358.4,""size"":0.00153174,""num_orders"":1},{""price"":66358.63,""size"":0.0052745,""num_orders"":1},{""price"":66359.99,""size"":0.04537741,""num_orders"":1},{""price"":66360.0,""size"":0.006,""num_orders"":1},{""price"":66360.12,""size"":0.15069291,""num_orders"":1},{""price"":66360.87,""size"":0.00659312,""num_orders"":1},{""price"":66360.95,""size"":9.418e-05,""num_orders"":1}]"
btc_usd_d10_20260721T102934Z,10,2026-07-21T10:39:34.325758Z,2026-07-21T10:39:34.325917Z,BTC-USD,10,ok,,133001347697,2026-07-21T10:39:32.669927032Z,0.67751453,0.79355153,-0.0788795304,66335.5,66335.509999999995,66335.505000000005,0.009999999995,0.001507488334,"[{""price"":66335.5,""size"":0.0639872,""num_orders"":6},{""price"":66334.42,""size"":0.11143844,""num_orders"":1},{""price"":66334.41,""size"":0.12061267,""num_orders"":1},{""price"":66334.17,""size"":0.01507518,""num_orders"":2},{""price"":66334.0,""size"":0.0057,""num_orders"":1},{""price"":66333.84,""size"":0.0052762,""num_orders"":1},{""price"":66333.55,""size"":0.21064834,""num_orders"":2},{""price"":66332.8,""size"":0.00153174,""num_orders"":1},{""price"":66332.59,""size"":0.02263209,""num_orders"":1},{""price"":66332.01,""size"":0.12061267,""num_orders"":1}]","[{""price"":66335.51,""size"":0.05115663,""num_orders"":6},{""price"":66336.67,""size"":3.055e-05,""num_orders"":1},{""price"":66336.84,""size"":0.01507458,""num_orders"":2},{""price"":66337.17,""size"":0.0052762,""num_orders"":1},{""price"":66337.81,""size"":0.12059488,""num_orders"":1},{""price"":66338.0,""size"":0.0057,""num_orders"":1},{""price"":66338.3,""size"":0.0044743,""num_orders"":1},{""price"":66339.01,""size"":0.56971265,""num_orders"":1},{""price"":66339.2,""size"":0.00153174,""num_orders"":1},{""price"":66339.27,""size"":0.02,""num_orders"":1}]"
btc_usd_d10_20260721T102934Z,11,2026-07-21T10:40:34.325758Z,2026-07-21T10:40:34.325873Z,BTC-USD,10,ok,,133001375033,2026-07-21T10:40:32.512712877Z,0.3217666,0.39783615,-0.105710477065,66313.990000000005,66314,66313.994999999995,0.009999999995,0.001507977312,"[{""price"":66313.99,""size"":0.06366,""num_orders"":7},{""price"":66312.66,""size"":0.01508008,""num_orders"":2},{""price"":66312.33,""size"":0.00527792,""num_orders"":1},{""price"":66312.28,""size"":0.00021981,""num_orders"":1},{""price"":66310.4,""size"":0.00153174,""num_orders"":1},{""price"":66310.0,""size"":0.0057,""num_orders"":1},{""price"":66309.38,""size"":0.04,""num_orders"":1},{""price"":66309.37,""size"":0.00659743,""num_orders"":1},{""price"":66309.05,""size"":0.04,""num_orders"":1},{""price"":66309.04,""size"":0.14369962,""num_orders"":2}]","[{""price"":66314.0,""size"":0.05166002,""num_orders"":5},{""price"":66314.21,""size"":0.12063779,""num_orders"":1},{""price"":66315.33,""size"":0.01507946,""num_orders"":2},{""price"":66315.65,""size"":0.00527794,""num_orders"":1},{""price"":66316.0,""size"":0.0057,""num_orders"":1},{""price"":66316.26,""size"":0.016878,""num_orders"":1},{""price"":66316.8,""size"":0.00153174,""num_orders"":1},{""price"":66317.7,""size"":0.12061267,""num_orders"":1},{""price"":66317.71,""size"":0.01508112,""num_orders"":1},{""price"":66317.85,""size"":0.04537741,""num_orders"":1}]"
btc_usd_d10_20260721T102934Z,12,2026-07-21T10:41:34.325758Z,2026-07-21T10:41:34.325863Z,BTC-USD,10,ok,,133001415399,2026-07-21T10:41:32.844654245Z,0.03922642,0.408143,-0.824635219815,66293.5,66293.509999999995,66293.505000000005,0.009999999995,0.001508443398,"[{""price"":66293.5,""size"":1.7e-05,""num_orders"":1},{""price"":66293.27,""size"":0.00754224,""num_orders"":1},{""price"":66293.26,""size"":0.00754224,""num_orders"":1},{""price"":66292.0,""size"":4.585e-05,""num_orders"":1},{""price"":66291.89,""size"":5.417e-05,""num_orders"":1},{""price"":66291.76,""size"":0.00754242,""num_orders"":1},{""price"":66291.73,""size"":0.00754242,""num_orders"":1},{""price"":66291.2,""size"":0.00153174,""num_orders"":1},{""price"":66291.0,""size"":0.00010834,""num_orders"":1},{""price"":66290.0,""size"":0.0073,""num_orders"":1}]","[{""price"":66293.51,""size"":0.0686918,""num_orders"":3},{""price"":66294.0,""size"":0.0069,""num_orders"":1},{""price"":66294.5,""size"":0.00174762,""num_orders"":1},{""price"":66295.17,""size"":0.00527955,""num_orders"":1},{""price"":66295.5,""size"":0.01508568,""num_orders"":1},{""price"":66295.76,""size"":0.12061267,""num_orders"":1},{""price"":66296.0,""size"":0.0069,""num_orders"":1},{""price"":66296.22,""size"":0.04537741,""num_orders"":1},{""price"":66296.83,""size"":0.016879,""num_orders"":1},{""price"":66296.91,""size"":0.12066927,""num_orders"":1}]"
btc_usd_d10_20260721T102934Z,13,2026-07-21T10:42:34.325758Z,2026-07-21T10:42:34.325891Z,BTC-USD,10,ok,,133001444226,2026-07-21T10:42:33.525269231Z,0.22862579,0.47090026,-0.346340883231,66294.210000000006,66294.220000000001,66294.214999999997,0.009999999995,0.001508427243,"[{""price"":66294.21,""size"":0.06351833,""num_orders"":5},{""price"":66294.13,""size"":0.02820276,""num_orders"":1},{""price"":66294.12,""size"":0.02830281,""num_orders"":1},{""price"":66294.07,""size"":0.00080608,""num_orders"":1},{""price"":66292.88,""size"":0.01508458,""num_orders"":2},{""price"":66292.48,""size"":0.00527949,""num_orders"":1},{""price"":66292.0,""size"":0.0059,""num_orders"":1},{""price"":66291.21,""size"":0.04,""num_orders"":1},{""price"":66291.2,""size"":0.00153174,""num_orders"":1},{""price"":66290.27,""size"":0.04,""num_orders"":1}]","[{""price"":66294.22,""size"":0.17989248,""num_orders"":5},{""price"":66294.23,""size"":0.00022625,""num_orders"":1},{""price"":66295.55,""size"":0.13575571,""num_orders"":3},{""price"":66295.88,""size"":0.00527949,""num_orders"":1},{""price"":66296.48,""size"":0.12061267,""num_orders"":1},{""price"":66297.21,""size"":0.01508556,""num_orders"":1},{""price"":66297.6,""size"":0.00153174,""num_orders"":1},{""price"":66298.0,""size"":0.0059,""num_orders"":1},{""price"":66298.05,""size"":1.7e-05,""num_orders"":1},{""price"":66298.12,""size"":0.00659936,""num_orders"":1}]"
btc_usd_d10_20260721T102934Z,14,2026-07-21T10:43:34.325758Z,2026-07-21T10:43:34.325884Z,BTC-USD,10,ok,,133001472390,2026-07-21T10:43:33.601156770Z,0.30141242,1.06337009,-0.558299703005,66300,66300.009999999995,66300.005000000005,0.009999999995,0.001508295511,"[{""price"":66300.0,""size"":0.06783561,""num_orders"":5},{""price"":66298.34,""size"":0.00527903,""num_orders"":1},{""price"":66298.0,""size"":0.0065,""num_orders"":1},{""price"":66296.1,""size"":0.00659879,""num_orders"":1},{""price"":66296.0,""size"":0.0065,""num_orders"":1},{""price"":66294.36,""size"":0.04,""num_orders"":1},{""price"":66294.35,""size"":0.01508461,""num_orders"":1},{""price"":66294.14,""size"":0.00754215,""num_orders"":1},{""price"":66294.13,""size"":0.00754215,""num_orders"":1},{""price"":66294.07,""size"":0.13853008,""num_orders"":1}]","[{""price"":66300.01,""size"":0.41090814,""num_orders"":6},{""price"":66301.74,""size"":0.15082561,""num_orders"":1},{""price"":66302.01,""size"":0.12061267,""num_orders"":1},{""price"":66302.17,""size"":0.016883,""num_orders"":1},{""price"":66302.45,""size"":0.00043287,""num_orders"":3},{""price"":66302.6,""size"":1.7e-05,""num_orders"":1},{""price"":66303.97,""size"":0.04537741,""num_orders"":1},{""price"":66303.99,""size"":9.426e-05,""num_orders"":1},{""price"":66304.0,""size"":0.19760646,""num_orders"":3},{""price"":66304.01,""size"":0.12061267,""num_orders"":1}]"
btc_usd_d10_20260721T102934Z,15,2026-07-21T10:44:34.325758Z,2026-07-21T10:44:34.325855Z,BTC-USD,10,ok,,133001503428,2026-07-21T10:44:33.169997927Z,0.37114246,0.48279216,-0.130747363305,66344.820000000007,66344.830000000002,66344.825000000012,0.009999999995,0.001507276565,"[{""price"":66344.82,""size"":0.04943515,""num_orders"":7},{""price"":66344.8,""size"":0.03,""num_orders"":1},{""price"":66343.5,""size"":0.14760316,""num_orders"":2},{""price"":66343.49,""size"":0.01507306,""num_orders"":2},{""price"":66343.22,""size"":0.0001164,""num_orders"":1},{""price"":66343.16,""size"":0.00527534,""num_orders"":1},{""price"":66342.55,""size"":0.00076656,""num_orders"":1},{""price"":66342.4,""size"":0.00153174,""num_orders"":1},{""price"":66342.32,""size"":0.00075363,""num_orders"":1},{""price"":66341.9,""size"":0.12058742,""num_orders"":1}]","[{""price"":66344.83,""size"":0.11460897,""num_orders"":5},{""price"":66345.6,""size"":0.00153174,""num_orders"":1},{""price"":66346.16,""size"":0.01507246,""num_orders"":2},{""price"":66346.49,""size"":0.00527546,""num_orders"":1},{""price"":66347.8,""size"":0.21100656,""num_orders"":1},{""price"":66347.81,""size"":0.1205767,""num_orders"":1},{""price"":66348.0,""size"":0.0065,""num_orders"":1},{""price"":66348.73,""size"":0.00659433,""num_orders"":1},{""price"":66348.8,""size"":0.00153174,""num_orders"":1},{""price"":66348.81,""size"":9.42e-05,""num_orders"":1}]"
btc_usd_d10_20260721T102934Z,16,2026-07-21T10:45:34.325758Z,2026-07-21T10:45:34.325883Z,BTC-USD,10,ok,,133001545200,2026-07-21T10:45:33.602659501Z,0.26150355,0.43381551,-0.247817110033,66302.610000000001,66302.619999999995,66302.614999999991,0.009999999995,0.001508236137,"[{""price"":66302.61,""size"":0.10790612,""num_orders"":6},{""price"":66302.6,""size"":0.00050421,""num_orders"":3},{""price"":66302.0,""size"":0.0056,""num_orders"":1},{""price"":66301.27,""size"":0.01508266,""num_orders"":2},{""price"":66300.94,""size"":0.00527882,""num_orders"":1},{""price"":66300.81,""size"":0.04,""num_orders"":1},{""price"":66300.8,""size"":0.00153174,""num_orders"":1},{""price"":66300.01,""size"":0.04,""num_orders"":1},{""price"":66300.0,""size"":0.0056,""num_orders"":1},{""price"":66299.9,""size"":0.04,""num_orders"":1}]","[{""price"":66302.62,""size"":0.0360323,""num_orders"":4},{""price"":66302.64,""size"":0.03,""num_orders"":1},{""price"":66302.86,""size"":0.12065845,""num_orders"":1},{""price"":66303.93,""size"":0.09238164,""num_orders"":1},{""price"":66303.94,""size"":0.01508206,""num_orders"":2},{""price"":66304.0,""size"":0.00153174,""num_orders"":1},{""price"":66304.42,""size"":0.00527881,""num_orders"":1},{""price"":66306.0,""size"":0.0056,""num_orders"":1},{""price"":66306.4,""size"":0.120652,""num_orders"":1},{""price"":66306.66,""size"":0.00659851,""num_orders"":1}]"
btc_usd_d10_20260721T102934Z,17,2026-07-21T10:46:34.325758Z,2026-07-21T10:46:34.325889Z,BTC-USD,10,ok,,133001580568,2026-07-21T10:46:31.661794950Z,1.15198893,0.33415186,0.550309281263,66286.169999999998,66286.179999999993,66286.174999999988,0.009999999995,0.001508610203,"[{""price"":66286.17,""size"":0.9081381,""num_orders"":7},{""price"":66286.16,""size"":0.10127402,""num_orders"":2},{""price"":66286.15,""size"":0.04028781,""num_orders"":2},{""price"":66284.84,""size"":0.0150864,""num_orders"":2},{""price"":66284.8,""size"":0.00153174,""num_orders"":1},{""price"":66284.4,""size"":1.7e-05,""num_orders"":1},{""price"":66284.01,""size"":0.04,""num_orders"":1},{""price"":66284.0,""size"":0.0056,""num_orders"":1},{""price"":66283.76,""size"":0.04,""num_orders"":1},{""price"":66283.75,""size"":5.386e-05,""num_orders"":1}]","[{""price"":66286.18,""size"":0.00528013,""num_orders"":1},{""price"":66287.17,""size"":0.04537741,""num_orders"":1},{""price"":66287.23,""size"":0.12068689,""num_orders"":1},{""price"":66287.51,""size"":0.0150858,""num_orders"":2},{""price"":66287.84,""size"":0.00528013,""num_orders"":1},{""price"":66287.88,""size"":0.01508618,""num_orders"":1},{""price"":66288.11,""size"":0.0007543,""num_orders"":1},{""price"":66288.22,""size"":0.1206851,""num_orders"":1},{""price"":66288.96,""size"":0.00031592,""num_orders"":1},{""price"":66290.0,""size"":0.0056,""num_orders"":1}]"
btc_usd_d10_20260721T102934Z,18,2026-07-21T10:47:34.325758Z,2026-07-21T10:47:34.325890Z,BTC-USD,10,ok,,133001605767,2026-07-21T10:47:33.652558359Z,0.11328388,0.45988205,-0.604708256124,66295.050000000003,66295.059999999998,66295.054999999993,0.009999999995,0.00150840813,"[{""price"":66295.05,""size"":0.04253891,""num_orders"":3},{""price"":66294.4,""size"":0.00153174,""num_orders"":1},{""price"":66293.72,""size"":0.01508438,""num_orders"":2},{""price"":66293.39,""size"":0.00527942,""num_orders"":1},{""price"":66292.08,""size"":0.016884,""num_orders"":1},{""price"":66291.2,""size"":0.00153174,""num_orders"":1},{""price"":66290.55,""size"":0.00659934,""num_orders"":1},{""price"":66290.0,""size"":0.00874904,""num_orders"":2},{""price"":66289.66,""size"":0.00754265,""num_orders"":1},{""price"":66289.63,""size"":0.00754266,""num_orders"":1}]","[{""price"":66295.06,""size"":0.16561427,""num_orders"":5},{""price"":66296.0,""size"":0.0078,""num_orders"":1},{""price"":66296.27,""size"":0.01508523,""num_orders"":1},{""price"":66296.39,""size"":0.01508378,""num_orders"":2},{""price"":66296.72,""size"":0.00527942,""num_orders"":1},{""price"":66297.6,""size"":0.00153174,""num_orders"":1},{""price"":66297.93,""size"":0.09043635,""num_orders"":1},{""price"":66297.94,""size"":0.15083426,""num_orders"":1},{""price"":66298.0,""size"":0.0082,""num_orders"":1},{""price"":66298.05,""size"":1.7e-05,""num_orders"":1}]"
btc_usd_d10_20260721T102934Z,19,2026-07-21T10:48:34.325758Z,2026-07-21T10:48:34.325885Z,BTC-USD,10,ok,,133001633503,2026-07-21T10:48:32.535177865Z,0.59994596,0.6105815,-0.008785872565,66290,66290.009999999995,66290.005000000005,0.009999999995,0.001508523041,"[{""price"":66290.0,""size"":0.03031569,""num_orders"":3},{""price"":66288.95,""size"":1.7e-05,""num_orders"":1},{""price"":66288.67,""size"":0.01508554,""num_orders"":2},{""price"":66288.0,""size"":0.00153174,""num_orders"":1},{""price"":66286.17,""size"":0.04,""num_orders"":1},{""price"":66286.16,""size"":0.34520987,""num_orders"":2},{""price"":66286.15,""size"":0.09043635,""num_orders"":1},{""price"":66285.92,""size"":0.016886,""num_orders"":1},{""price"":66285.04,""size"":0.04537741,""num_orders"":1},{""price"":66285.03,""size"":0.01508636,""num_orders"":2}]","[{""price"":66290.01,""size"":0.17937682,""num_orders"":8},{""price"":66290.02,""size"":0.03,""num_orders"":1},{""price"":66290.04,""size"":0.03,""num_orders"":1},{""price"":66291.34,""size"":0.01508492,""num_orders"":2},{""price"":66291.67,""size"":0.00527983,""num_orders"":1},{""price"":66291.96,""size"":0.1308711,""num_orders"":1},{""price"":66291.97,""size"":0.09043635,""num_orders"":1},{""price"":66291.99,""size"":0.12067822,""num_orders"":1},{""price"":66292.0,""size"":0.0081,""num_orders"":1},{""price"":66292.91,""size"":0.00075426,""num_orders"":1}]"
btc_usd_d10_20260721T102934Z,20,2026-07-21T10:49:34.325758Z,2026-07-21T10:49:34.325890Z,BTC-USD,10,ok,,133001670482,2026-07-21T10:49:33.628801229Z,0.77107807,1.27390503,-0.245883186027,66275.300000000003,66275.309999999998,66275.304999999993,0.009999999995,0.001508857635,"[{""price"":66275.3,""size"":0.00019281,""num_orders"":2},{""price"":66271.37,""size"":0.30166299,""num_orders"":1},{""price"":66270.75,""size"":1.7e-05,""num_orders"":1},{""price"":66270.38,""size"":0.04537741,""num_orders"":1},{""price"":66270.37,""size"":0.30166299,""num_orders"":1},{""price"":66270.33,""size"":0.0150897,""num_orders"":2},{""price"":66268.8,""size"":0.00153174,""num_orders"":1},{""price"":66268.67,""size"":0.01509008,""num_orders"":2},{""price"":66266.59,""size"":0.09043635,""num_orders"":1},{""price"":66266.2,""size"":1.7e-05,""num_orders"":1}]","[{""price"":66275.31,""size"":0.85230667,""num_orders"":10},{""price"":66275.82,""size"":0.0376598,""num_orders"":1},{""price"":66275.99,""size"":0.03145518,""num_orders"":2},{""price"":66276.0,""size"":0.007,""num_orders"":1},{""price"":66276.9,""size"":0.09043635,""num_orders"":1},{""price"":66276.97,""size"":0.005281,""num_orders"":1},{""price"":66278.0,""size"":0.007,""num_orders"":1},{""price"":66278.53,""size"":0.08206344,""num_orders"":1},{""price"":66278.61,""size"":0.12070259,""num_orders"":1},{""price"":66279.2,""size"":0.04,""num_orders"":1}]"
btc_usd_d10_20260721T102934Z,21,2026-07-21T10:50:34.325758Z,2026-07-21T10:50:34.325915Z,BTC-USD,10,ok,,133001709153,2026-07-21T10:50:32.545247365Z,0.27565043,0.4341086,-0.223256293055,66219.419999999998,66219.429999999993,66219.424999999988,0.009999999995,0.001510130901,"[{""price"":66219.42,""size"":0.03470281,""num_orders"":1},{""price"":66219.15,""size"":0.04360991,""num_orders"":3},{""price"":66217.5,""size"":0.01510174,""num_orders"":2},{""price"":66216.15,""size"":1.7e-05,""num_orders"":1},{""price"":66216.0,""size"":0.008,""num_orders"":1},{""price"":66215.83,""size"":0.07990659,""num_orders"":1},{""price"":66215.01,""size"":0.05275799,""num_orders"":1},{""price"":66214.4,""size"":0.00153174,""num_orders"":1},{""price"":66214.17,""size"":2.265e-05,""num_orders"":1},{""price"":66214.01,""size"":0.04,""num_orders"":1}]","[{""price"":66219.43,""size"":0.06291401,""num_orders"":4},{""price"":66220.0,""size"":0.00832839,""num_orders"":3},{""price"":66220.8,""size"":0.09048992,""num_orders"":1},{""price"":66220.81,""size"":0.12080795,""num_orders"":1},{""price"":66220.86,""size"":0.00287418,""num_orders"":1},{""price"":66221.09,""size"":0.00528545,""num_orders"":1},{""price"":66222.0,""size"":0.008,""num_orders"":1},{""price"":66223.32,""size"":0.00660682,""num_orders"":1},{""price"":66224.0,""size"":0.008,""num_orders"":1},{""price"":66224.13,""size"":0.12080188,""num_orders"":1}]"
btc_usd_d10_20260721T102934Z,22,2026-07-21T10:51:34.325758Z,2026-07-21T10:51:34.325891Z,BTC-USD,10,ok,,133001772188,2026-07-21T10:51:33.047117567Z,0.48621059,0.36841886,0.13782783872,66155.100000000006,66155.110000000001,66155.10500000001,0.009999999995,0.001511599142,"[{""price"":66155.1,""size"":0.12031693,""num_orders"":7},{""price"":66154.0,""size"":0.0068,""num_orders"":1},{""price"":66153.77,""size"":0.0151163,""num_orders"":2},{""price"":66153.44,""size"":0.00529052,""num_orders"":1},{""price"":66152.01,""size"":0.10945993,""num_orders"":3},{""price"":66152.0,""size"":0.0068,""num_orders"":1},{""price"":66151.34,""size"":0.04,""num_orders"":1},{""price"":66151.33,""size"":0.08537741,""num_orders"":2},{""price"":66151.32,""size"":0.09043635,""num_orders"":1},{""price"":66151.21,""size"":0.00661315,""num_orders"":1}]","[{""price"":66155.11,""size"":0.01514187,""num_orders"":2},{""price"":66155.5,""size"":0.12092722,""num_orders"":1},{""price"":66156.78,""size"":0.03,""num_orders"":1},{""price"":66156.8,""size"":0.03,""num_orders"":1},{""price"":66157.0,""size"":1.7e-05,""num_orders"":1},{""price"":66157.54,""size"":0.04,""num_orders"":1},{""price"":66158.59,""size"":0.00020345,""num_orders"":1},{""price"":66159.42,""size"":0.12092005,""num_orders"":1},{""price"":66160.0,""size"":0.01,""num_orders"":1},{""price"":66160.45,""size"":0.00120927,""num_orders"":1}]"
btc_usd_d10_20260721T102934Z,23,2026-07-21T10:52:34.325758Z,2026-07-21T10:52:34.325902Z,BTC-USD,10,ok,,133001817663,2026-07-21T10:52:33.546928941Z,0.47706674,0.41110891,0.074262146232,66210.429999999993,66210.440000000002,66210.434999999998,0.010000000009,0.001510335948,"[{""price"":66210.43,""size"":0.18771753,""num_orders"":6},{""price"":66210.42,""size"":0.02999901,""num_orders"":2},{""price"":66210.4,""size"":0.03,""num_orders"":1},{""price"":66210.0,""size"":0.0072,""num_orders"":1},{""price"":66209.12,""size"":0.04,""num_orders"":1},{""price"":66209.11,""size"":0.1195445,""num_orders"":1},{""price"":66209.1,""size"":0.01510366,""num_orders"":2},{""price"":66208.77,""size"":0.00528617,""num_orders"":1},{""price"":66208.62,""size"":0.00221587,""num_orders"":1},{""price"":66208.01,""size"":0.04,""num_orders"":1}]","[{""price"":66210.44,""size"":0.15124377,""num_orders"":4},{""price"":66210.79,""size"":5.82e-05,""num_orders"":1},{""price"":66211.6,""size"":1.7e-05,""num_orders"":1},{""price"":66211.77,""size"":0.01510306,""num_orders"":2},{""price"":66212.06,""size"":0.01510493,""num_orders"":1},{""price"":66213.1,""size"":0.00076656,""num_orders"":1},{""price"":66213.48,""size"":0.15102666,""num_orders"":1},{""price"":66214.4,""size"":0.00153174,""num_orders"":1},{""price"":66214.41,""size"":9.439e-05,""num_orders"":1},{""price"":66214.96,""size"":0.0761626,""num_orders"":2}]"
btc_usd_d10_20260721T102934Z,24,2026-07-21T10:53:34.325758Z,2026-07-21T10:53:34.325944Z,BTC-USD,10,ok,,133001862834,2026-07-21T10:53:33.627615992Z,0.52265315,0.76539606,-0.188457791919,66175.300000000003,66175.309999999998,66175.304999999993,0.009999999995,0.001511137726,"[{""price"":66175.3,""size"":0.08342379,""num_orders"":7},{""price"":66174.01,""size"":0.01641789,""num_orders"":1},{""price"":66174.0,""size"":0.0071,""num_orders"":1},{""price"":66173.97,""size"":0.01511168,""num_orders"":2},{""price"":66173.64,""size"":0.00528898,""num_orders"":1},{""price"":66173.13,""size"":0.04,""num_orders"":1},{""price"":66173.12,""size"":0.016903,""num_orders"":1},{""price"":66172.66,""size"":0.04,""num_orders"":1},{""price"":66172.65,""size"":0.20797146,""num_orders"":2},{""price"":66172.64,""size"":0.09043635,""num_orders"":1}]","[{""price"":66175.31,""size"":0.01619885,""num_orders"":5},{""price"":66175.32,""size"":0.03,""num_orders"":1},{""price"":66175.34,""size"":0.03,""num_orders"":1},{""price"":66175.59,""size"":0.0001164,""num_orders"":1},{""price"":66176.0,""size"":0.00153174,""num_orders"":1},{""price"":66176.17,""size"":0.12088945,""num_orders"":1},{""price"":66176.64,""size"":0.01511108,""num_orders"":2},{""price"":66177.58,""size"":0.2750084,""num_orders"":1},{""price"":66178.57,""size"":0.2750084,""num_orders"":1},{""price"":66179.2,""size"":0.00153174,""num_orders"":1}]"
btc_usd_d10_20260721T102934Z,25,2026-07-21T10:54:34.325758Z,2026-07-21T10:54:34.325931Z,BTC-USD,10,ok,,133001896205,2026-07-21T10:54:33.536937868Z,0.4297166,1.30949255,-0.505848275925,66161.539999999994,66161.550000000003,66161.544999999998,0.010000000009,0.001511452009,"[{""price"":66161.54,""size"":0.04837393,""num_orders"":3},{""price"":66160.75,""size"":0.00065023,""num_orders"":1},{""price"":66160.21,""size"":0.01511482,""num_orders"":2},{""price"":66160.0,""size"":0.00153174,""num_orders"":1},{""price"":66159.88,""size"":0.00529008,""num_orders"":1},{""price"":66159.06,""size"":0.04,""num_orders"":1},{""price"":66159.05,""size"":0.16175812,""num_orders"":1},{""price"":66159.04,""size"":0.09043635,""num_orders"":1},{""price"":66158.26,""size"":0.06046133,""num_orders"":1},{""price"":66158.0,""size"":0.0061,""num_orders"":1}]","[{""price"":66161.55,""size"":1.12153828,""num_orders"":9},{""price"":66161.91,""size"":0.1209155,""num_orders"":1},{""price"":66162.11,""size"":0.00076656,""num_orders"":1},{""price"":66162.74,""size"":0.0001164,""num_orders"":1},{""price"":66162.88,""size"":0.01511422,""num_orders"":2},{""price"":66163.2,""size"":0.00153174,""num_orders"":1},{""price"":66163.21,""size"":0.00529008,""num_orders"":1},{""price"":66164.0,""size"":0.0061,""num_orders"":1},{""price"":66164.18,""size"":0.00038328,""num_orders"":1},{""price"":66164.59,""size"":0.03773649,""num_orders"":1}]"
btc_usd_d10_20260721T102934Z,26,2026-07-21T10:55:34.325758Z,2026-07-21T10:55:34.325927Z,BTC-USD,10,ok,,133001939827,2026-07-21T10:55:33.059158846Z,0.45147145,0.35844077,0.114865139336,66161.539999999994,66161.550000000003,66161.544999999998,0.010000000009,0.001511452009,"[{""price"":66161.54,""size"":0.03639182,""num_orders"":2},{""price"":66160.21,""size"":0.01511482,""num_orders"":2},{""price"":66160.0,""size"":0.0074,""num_orders"":1},{""price"":66159.88,""size"":0.00529008,""num_orders"":1},{""price"":66159.01,""size"":0.20232683,""num_orders"":1},{""price"":66159.0,""size"":0.09043635,""num_orders"":1},{""price"":66158.95,""size"":0.06046133,""num_orders"":1},{""price"":66158.93,""size"":0.02268109,""num_orders"":1},{""price"":66158.01,""size"":0.00396913,""num_orders"":1},{""price"":66158.0,""size"":0.0074,""num_orders"":1}]","[{""price"":66161.55,""size"":0.16631481,""num_orders"":8},{""price"":66162.88,""size"":0.01511422,""num_orders"":2},{""price"":66163.82,""size"":0.15114,""num_orders"":1},{""price"":66164.13,""size"":5.82e-05,""num_orders"":1},{""price"":66165.0,""size"":0.01,""num_orders"":1},{""price"":66165.52,""size"":9.446e-05,""num_orders"":1},{""price"":66166.1,""size"":1.7e-05,""num_orders"":1},{""price"":66166.51,""size"":0.01549122,""num_orders"":2},{""price"":66166.84,""size"":9.446e-05,""num_orders"":1},{""price"":66166.96,""size"":0.0001164,""num_orders"":1}]"
btc_usd_d10_20260721T102934Z,27,2026-07-21T10:56:34.325758Z,2026-07-21T10:56:34.325918Z,BTC-USD,10,ok,,133001970920,2026-07-21T10:56:33.182447310Z,0.4230203,0.34346563,0.103791429022,66156.339999999997,66156.350000000006,66156.345000000001,0.010000000009,0.001511570811,"[{""price"":66156.34,""size"":0.07021584,""num_orders"":8},{""price"":66156.0,""size"":0.0063,""num_orders"":1},{""price"":66155.03,""size"":0.04,""num_orders"":1},{""price"":66155.02,""size"":0.1089616,""num_orders"":2},{""price"":66155.01,""size"":0.01511602,""num_orders"":2},{""price"":66154.68,""size"":0.00529049,""num_orders"":1},{""price"":66154.36,""size"":0.04,""num_orders"":1},{""price"":66154.35,""size"":0.09043635,""num_orders"":1},{""price"":66154.01,""size"":0.04,""num_orders"":1},{""price"":66154.0,""size"":0.0067,""num_orders"":1}]","[{""price"":66156.35,""size"":0.02187318,""num_orders"":6},{""price"":66156.97,""size"":0.12092453,""num_orders"":1},{""price"":66157.68,""size"":0.0151154,""num_orders"":2},{""price"":66158.01,""size"":0.00529049,""num_orders"":1},{""price"":66158.04,""size"":0.12092256,""num_orders"":1},{""price"":66159.66,""size"":0.00307486,""num_orders"":1},{""price"":66159.95,""size"":0.03773647,""num_orders"":1},{""price"":66160.0,""size"":0.01153174,""num_orders"":2},{""price"":66160.24,""size"":0.00661312,""num_orders"":1},{""price"":66160.7,""size"":0.00038328,""num_orders"":1}]"
btc_usd_d10_20260721T102934Z,28,2026-07-21T10:57:34.325758Z,2026-07-21T10:57:34.325919Z,BTC-USD,10,ok,,133001988574,2026-07-21T10:57:31.328252892Z,0.28632275,0.3769723,-0.136665500519,66159.940000000002,66159.949999999997,66159.945000000007,0.009999999995,0.001511488559,"[{""price"":66159.94,""size"":0.01990368,""num_orders"":2},{""price"":66158.98,""size"":0.06046133,""num_orders"":1},{""price"":66158.97,""size"":0.02268109,""num_orders"":1},{""price"":66158.61,""size"":0.0151152,""num_orders"":2},{""price"":66158.28,""size"":0.0052902,""num_orders"":1},{""price"":66157.27,""size"":0.09043635,""num_orders"":1},{""price"":66156.8,""size"":0.00153174,""num_orders"":1},{""price"":66156.05,""size"":0.00661276,""num_orders"":1},{""price"":66156.0,""size"":0.0063,""num_orders"":1},{""price"":66155.23,""size"":0.0579904,""num_orders"":1}]","[{""price"":66159.95,""size"":0.19654254,""num_orders"":10},{""price"":66160.7,""size"":0.00038328,""num_orders"":1},{""price"":66161.28,""size"":0.01511458,""num_orders"":2},{""price"":66161.55,""size"":0.00020174,""num_orders"":4},{""price"":66161.61,""size"":0.0052902,""num_orders"":1},{""price"":66162.6,""size"":0.1511428,""num_orders"":1},{""price"":66163.2,""size"":0.00153174,""num_orders"":1},{""price"":66163.84,""size"":0.00661276,""num_orders"":1},{""price"":66163.92,""size"":9.446e-05,""num_orders"":1},{""price"":66164.13,""size"":5.82e-05,""num_orders"":1}]"
btc_usd_d10_20260721T102934Z,29,2026-07-21T10:58:34.325758Z,2026-07-21T10:58:34.325930Z,BTC-USD,10,ok,,133002015903,2026-07-21T10:58:33.839433776Z,0.68772894,0.36820833,0.302594310361,66158.800000000003,66158.809999999998,66158.804999999993,0.009999999995,0.001511514604,"[{""price"":66158.8,""size"":0.2210665,""num_orders"":3},{""price"":66158.01,""size"":0.01576424,""num_orders"":1},{""price"":66158.0,""size"":0.006,""num_orders"":1},{""price"":66157.47,""size"":0.01511546,""num_orders"":2},{""price"":66157.14,""size"":0.0052903,""num_orders"":1},{""price"":66156.83,""size"":0.04,""num_orders"":1},{""price"":66156.82,""size"":0.27384557,""num_orders"":2},{""price"":66156.81,""size"":0.09043635,""num_orders"":1},{""price"":66156.8,""size"":0.01729825,""num_orders"":1},{""price"":66156.4,""size"":0.00291227,""num_orders"":1}]","[{""price"":66158.81,""size"":0.17208535,""num_orders"":6},{""price"":66160.14,""size"":0.01511484,""num_orders"":2},{""price"":66160.47,""size"":0.0052903,""num_orders"":1},{""price"":66161.27,""size"":0.00015114,""num_orders"":1},{""price"":66161.28,""size"":0.00048889,""num_orders"":4},{""price"":66161.55,""size"":0.15134692,""num_orders"":5},{""price"":66162.78,""size"":9.446e-05,""num_orders"":1},{""price"":66163.17,""size"":0.00661282,""num_orders"":1},{""price"":66163.2,""size"":0.00153174,""num_orders"":1},{""price"":66163.77,""size"":0.01549187,""num_orders"":2}]"
btc_usd_d10_20260721T102934Z,30,2026-07-21T10:59:34.325758Z,2026-07-21T10:59:34.325924Z,BTC-USD,10,ok,,133002044261,2026-07-21T10:59:33.844335385Z,0.41069735,0.42143129,-0.01289937575,66168.270000000004,66168.279999999999,66168.274999999994,0.009999999995,0.001511298276,"[{""price"":66168.27,""size"":0.03286177,""num_orders"":3},{""price"":66168.26,""size"":0.03,""num_orders"":1},{""price"":66168.24,""size"":0.03,""num_orders"":1},{""price"":66167.1,""size"":0.18465951,""num_orders"":1},{""price"":66167.09,""size"":0.06046133,""num_orders"":1},{""price"":66166.94,""size"":0.01511328,""num_orders"":2},{""price"":66166.61,""size"":0.00528954,""num_orders"":1},{""price"":66166.0,""size"":0.0057,""num_orders"":1},{""price"":66164.39,""size"":0.04,""num_orders"":1},{""price"":66164.38,""size"":0.00661192,""num_orders"":1}]","[{""price"":66168.28,""size"":0.06117606,""num_orders"":6},{""price"":66168.3,""size"":0.12090381,""num_orders"":1},{""price"":66169.61,""size"":0.01511268,""num_orders"":2},{""price"":66169.93,""size"":0.0052896,""num_orders"":1},{""price"":66171.0,""size"":0.15112362,""num_orders"":1},{""price"":66171.19,""size"":0.03773334,""num_orders"":1},{""price"":66172.16,""size"":0.00661201,""num_orders"":1},{""price"":66172.25,""size"":9.445e-05,""num_orders"":1},{""price"":66173.24,""size"":0.0158326,""num_orders"":5},{""price"":66173.56,""size"":0.00755312,""num_orders"":1}]"
btc_usd_d10_20260721T102934Z,31,2026-07-21T11:00:34.325758Z,2026-07-21T11:00:34.325929Z,BTC-USD,10,ok,,133002082691,2026-07-21T11:00:29.605131243Z,0.22153118,0.40267067,-0.290193773056,66155.899999999994,66155.910000000003,66155.904999999999,0.010000000009,0.001511580865,"[{""price"":66155.9,""size"":0.03555201,""num_orders"":4},{""price"":66154.57,""size"":0.01511612,""num_orders"":2},{""price"":66154.25,""size"":0.00529047,""num_orders"":1},{""price"":66154.0,""size"":0.0066,""num_orders"":1},{""price"":66153.92,""size"":0.0539905,""num_orders"":1},{""price"":66153.91,""size"":0.09043635,""num_orders"":1},{""price"":66153.6,""size"":0.00153174,""num_orders"":1},{""price"":66152.91,""size"":0.0004009,""num_orders"":2},{""price"":66152.02,""size"":0.00661309,""num_orders"":1},{""price"":66152.0,""size"":0.006,""num_orders"":1}]","[{""price"":66155.91,""size"":0.17911122,""num_orders"":4},{""price"":66155.92,""size"":0.03,""num_orders"":1},{""price"":66155.94,""size"":0.03,""num_orders"":1},{""price"":66156.2,""size"":0.00075579,""num_orders"":1},{""price"":66157.24,""size"":0.01524477,""num_orders"":5},{""price"":66157.55,""size"":0.12092346,""num_orders"":1},{""price"":66157.57,""size"":0.00529053,""num_orders"":1},{""price"":66158.0,""size"":0.0066,""num_orders"":1},{""price"":66159.8,""size"":0.00661316,""num_orders"":1},{""price"":66160.0,""size"":0.00813174,""num_orders"":2}]"
btc_usd_d10_20260721T102934Z,32,2026-07-21T11:01:34.325758Z,2026-07-21T11:01:34.325903Z,BTC-USD,10,ok,,133002116783,2026-07-21T11:01:31.609225191Z,0.34040774,0.30370619,0.056979904161,66157.399999999994,66157.410000000003,66157.404999999999,0.010000000009,0.001511546592,"[{""price"":66157.4,""size"":0.08463978,""num_orders"":5},{""price"":66157.38,""size"":0.03,""num_orders"":1},{""price"":66156.07,""size"":0.01511578,""num_orders"":2},{""price"":66155.74,""size"":0.00529041,""num_orders"":1},{""price"":66154.06,""size"":0.03609541,""num_orders"":1},{""price"":66153.92,""size"":0.06046133,""num_orders"":1},{""price"":66152.71,""size"":0.00661305,""num_orders"":1},{""price"":66152.46,""size"":0.07303916,""num_orders"":2},{""price"":66152.45,""size"":0.02900166,""num_orders"":1},{""price"":66152.44,""size"":0.00015116,""num_orders"":1}]","[{""price"":66157.41,""size"":0.06514389,""num_orders"":6},{""price"":66157.5,""size"":0.12092355,""num_orders"":1},{""price"":66157.93,""size"":0.00038328,""num_orders"":1},{""price"":66158.0,""size"":0.0059,""num_orders"":1},{""price"":66158.74,""size"":0.01511516,""num_orders"":2},{""price"":66159.92,""size"":0.03773842,""num_orders"":1},{""price"":66160.0,""size"":0.01743174,""num_orders"":3},{""price"":66161.38,""size"":9.447e-05,""num_orders"":1},{""price"":66161.54,""size"":0.04,""num_orders"":1},{""price"":66161.55,""size"":0.00097568,""num_orders"":2}]"
btc_usd_d10_20260721T102934Z,33,2026-07-21T11:02:34.325758Z,2026-07-21T11:02:34.325883Z,BTC-USD,10,ok,,133002139951,2026-07-21T11:02:31.687856036Z,0.83091922,0.34667563,0.411214086067,66157.399999999994,66157.410000000003,66157.404999999999,0.010000000009,0.001511546592,"[{""price"":66157.4,""size"":0.05510631,""num_orders"":4},{""price"":66157.2,""size"":0.51549139,""num_orders"":1},{""price"":66157.19,""size"":0.10843418,""num_orders"":2},{""price"":66155.86,""size"":0.01511582,""num_orders"":2},{""price"":66155.53,""size"":0.00529042,""num_orders"":1},{""price"":66154.57,""size"":0.027,""num_orders"":1},{""price"":66154.0,""size"":0.0059,""num_orders"":1},{""price"":66153.6,""size"":0.00153174,""num_orders"":1},{""price"":66153.51,""size"":0.00661301,""num_orders"":1},{""price"":66153.26,""size"":0.09043635,""num_orders"":1}]","[{""price"":66157.41,""size"":0.14233203,""num_orders"":7},{""price"":66157.93,""size"":0.00038328,""num_orders"":1},{""price"":66158.53,""size"":0.0151152,""num_orders"":2},{""price"":66158.86,""size"":0.00529042,""num_orders"":1},{""price"":66159.22,""size"":0.12092041,""num_orders"":1},{""price"":66160.0,""size"":0.01743174,""num_orders"":3},{""price"":66160.21,""size"":0.00075577,""num_orders"":1},{""price"":66160.75,""size"":0.03773929,""num_orders"":1},{""price"":66161.29,""size"":0.00661302,""num_orders"":1},{""price"":66161.38,""size"":9.447e-05,""num_orders"":1}]"
btc_usd_d10_20260721T102934Z,34,2026-07-21T11:03:34.325758Z,2026-07-21T11:03:34.325884Z,BTC-USD,10,ok,,133002166791,2026-07-21T11:03:33.023839722Z,0.58634563,3.45202446,-0.709612731408,66157.199999999997,66157.210000000006,66157.205000000002,0.010000000009,0.001511551162,"[{""price"":66157.2,""size"":0.28795202,""num_orders"":2},{""price"":66157.19,""size"":0.10828303,""num_orders"":1},{""price"":66156.07,""size"":0.01511578,""num_orders"":2},{""price"":66153.6,""size"":0.00153174,""num_orders"":1},{""price"":66152.45,""size"":1.7e-05,""num_orders"":1},{""price"":66152.24,""size"":0.01511664,""num_orders"":2},{""price"":66152.05,""size"":0.09043635,""num_orders"":1},{""price"":66152.0,""size"":0.0059,""num_orders"":1},{""price"":66151.51,""size"":0.06046133,""num_orders"":1},{""price"":66150.4,""size"":0.00153174,""num_orders"":1}]","[{""price"":66157.21,""size"":1.43453449,""num_orders"":13},{""price"":66157.4,""size"":0.12092373,""num_orders"":1},{""price"":66157.41,""size"":4.156e-05,""num_orders"":1},{""price"":66157.69,""size"":0.76892503,""num_orders"":1},{""price"":66157.9,""size"":0.00755773,""num_orders"":1},{""price"":66158.0,""size"":0.0092,""num_orders"":1},{""price"":66158.74,""size"":0.01511516,""num_orders"":2},{""price"":66158.99,""size"":0.09043635,""num_orders"":1},{""price"":66159.0,""size"":1.0,""num_orders"":1},{""price"":66159.07,""size"":0.00529041,""num_orders"":1}]"
btc_usd_d10_20260721T102934Z,35,2026-07-21T11:04:34.325758Z,2026-07-21T11:04:34.325873Z,BTC-USD,10,ok,,133002196152,2026-07-21T11:04:32.627099849Z,0.35514427,0.36344799,-0.011555537768,66154.009999999995,66154.020000000004,66154.014999999999,0.010000000009,0.00151162405,"[{""price"":66154.01,""size"":0.01889988,""num_orders"":1},{""price"":66154.0,""size"":0.0087,""num_orders"":1},{""price"":66153.94,""size"":0.00130544,""num_orders"":1},{""price"":66152.86,""size"":0.09043635,""num_orders"":1},{""price"":66152.85,""size"":0.0151165,""num_orders"":2},{""price"":66152.68,""size"":0.016922,""num_orders"":1},{""price"":66152.45,""size"":1.7e-05,""num_orders"":1},{""price"":66152.0,""size"":0.0097,""num_orders"":1},{""price"":66151.42,""size"":0.07311244,""num_orders"":1},{""price"":66151.41,""size"":0.12093466,""num_orders"":1}]","[{""price"":66154.02,""size"":0.07669273,""num_orders"":5},{""price"":66155.52,""size"":0.0151159,""num_orders"":2},{""price"":66155.69,""size"":0.00755697,""num_orders"":1},{""price"":66156.07,""size"":0.00529065,""num_orders"":1},{""price"":66157.05,""size"":0.12092438,""num_orders"":1},{""price"":66157.47,""size"":0.00037787,""num_orders"":1},{""price"":66157.52,""size"":0.00075581,""num_orders"":1},{""price"":66158.0,""size"":0.0092,""num_orders"":1},{""price"":66158.3,""size"":0.00661331,""num_orders"":1},{""price"":66159.25,""size"":0.12092037,""num_orders"":1}]"
btc_usd_d10_20260721T102934Z,36,2026-07-21T11:05:34.325758Z,2026-07-21T11:05:34.325880Z,BTC-USD,10,ok,,133002249420,2026-07-21T11:05:32.181168319Z,0.41357023,1.17823656,-0.480376346428,66152.429999999993,66152.440000000002,66152.434999999998,0.010000000009,0.001511660154,"[{""price"":66152.43,""size"":0.08752008,""num_orders"":7},{""price"":66152.0,""size"":0.0074,""num_orders"":1},{""price"":66151.77,""size"":0.1167272,""num_orders"":1},{""price"":66151.76,""size"":0.09043635,""num_orders"":1},{""price"":66151.12,""size"":0.06046133,""num_orders"":1},{""price"":66151.11,""size"":0.02268582,""num_orders"":1},{""price"":66151.1,""size"":0.0151169,""num_orders"":2},{""price"":66150.77,""size"":0.00529081,""num_orders"":1},{""price"":66150.4,""size"":0.00153174,""num_orders"":1},{""price"":66150.0,""size"":0.0064,""num_orders"":1}]","[{""price"":66152.44,""size"":0.99221702,""num_orders"":7},{""price"":66152.45,""size"":1.7e-05,""num_orders"":1},{""price"":66152.8,""size"":0.01511943,""num_orders"":1},{""price"":66153.6,""size"":0.00153174,""num_orders"":1},{""price"":66153.77,""size"":0.0151163,""num_orders"":2},{""price"":66154.01,""size"":0.01140127,""num_orders"":1},{""price"":66154.1,""size"":0.00529081,""num_orders"":1},{""price"":66154.26,""size"":0.12092948,""num_orders"":1},{""price"":66155.0,""size"":0.01,""num_orders"":1},{""price"":66156.33,""size"":0.00661351,""num_orders"":1}]"
btc_usd_d10_20260721T102934Z,37,2026-07-21T11:06:34.325758Z,2026-07-21T11:06:34.325845Z,BTC-USD,10,ok,,133002275685,2026-07-21T11:06:33.024176370Z,0.34941443,0.40072673,-0.068403525544,66161.539999999994,66161.550000000003,66161.544999999998,0.010000000009,0.001511452009,"[{""price"":66161.54,""size"":0.07202465,""num_orders"":8},{""price"":66161.52,""size"":0.03,""num_orders"":1},{""price"":66161.16,""size"":0.00186919,""num_orders"":1},{""price"":66160.22,""size"":0.106735,""num_orders"":1},{""price"":66160.21,""size"":0.01511482,""num_orders"":2},{""price"":66160.0,""size"":0.01143174,""num_orders"":2},{""price"":66159.88,""size"":0.00529008,""num_orders"":1},{""price"":66158.55,""size"":0.09043635,""num_orders"":1},{""price"":66158.0,""size"":0.0099,""num_orders"":1},{""price"":66157.65,""size"":0.0066126,""num_orders"":1}]","[{""price"":66161.55,""size"":0.11039156,""num_orders"":8},{""price"":66161.77,""size"":0.12091576,""num_orders"":1},{""price"":66162.88,""size"":0.01511422,""num_orders"":2},{""price"":66163.2,""size"":0.00153174,""num_orders"":1},{""price"":66163.21,""size"":0.00529008,""num_orders"":1},{""price"":66163.51,""size"":0.12091257,""num_orders"":1},{""price"":66164.0,""size"":0.0099,""num_orders"":1},{""price"":66165.0,""size"":0.01,""num_orders"":1},{""price"":66165.03,""size"":5.82e-05,""num_orders"":1},{""price"":66165.44,""size"":0.0066126,""num_orders"":1}]"
btc_usd_d10_20260721T102934Z,38,2026-07-21T11:07:34.325758Z,2026-07-21T11:07:34.325881Z,BTC-USD,10,ok,,133002310251,2026-07-21T11:07:33.525041031Z,0.22417676,0.50802225,-0.387661668649,66134.25,66134.259999999995,66134.255000000005,0.009999999995,0.0015120757,"[{""price"":66134.25,""size"":0.03632399,""num_orders"":4},{""price"":66133.93,""size"":0.00075603,""num_orders"":1},{""price"":66133.56,""size"":0.03,""num_orders"":1},{""price"":66133.54,""size"":0.03,""num_orders"":1},{""price"":66132.92,""size"":0.01512106,""num_orders"":2},{""price"":66132.59,""size"":0.00529226,""num_orders"":1},{""price"":66132.0,""size"":0.0081,""num_orders"":1},{""price"":66131.67,""size"":0.09043635,""num_orders"":1},{""price"":66131.2,""size"":0.00153174,""num_orders"":1},{""price"":66130.36,""size"":0.00661533,""num_orders"":1}]","[{""price"":66134.26,""size"":0.09818312,""num_orders"":6},{""price"":66134.47,""size"":0.12096566,""num_orders"":1},{""price"":66135.59,""size"":0.01512046,""num_orders"":2},{""price"":66135.92,""size"":0.00529226,""num_orders"":1},{""price"":66136.06,""size"":0.12096275,""num_orders"":1},{""price"":66136.66,""size"":0.01512401,""num_orders"":1},{""price"":66137.6,""size"":0.00153174,""num_orders"":1},{""price"":66138.15,""size"":0.00661533,""num_orders"":1},{""price"":66138.75,""size"":0.04,""num_orders"":1},{""price"":66138.76,""size"":0.08422692,""num_orders"":1}]"
btc_usd_d10_20260721T102934Z,39,2026-07-21T11:08:34.325758Z,2026-07-21T11:08:34.325884Z,BTC-USD,10,ok,,133002347271,2026-07-21T11:08:32.625874800Z,0.29531265,0.41298432,-0.166133239282,66127.199999999997,66127.210000000006,66127.205000000002,0.010000000009,0.001512236909,"[{""price"":66127.2,""size"":0.07520313,""num_orders"":5},{""price"":66126.47,""size"":0.00075611,""num_orders"":1},{""price"":66126.0,""size"":0.0063,""num_orders"":1},{""price"":66125.87,""size"":0.01512268,""num_orders"":2},{""price"":66125.54,""size"":0.00529282,""num_orders"":1},{""price"":66125.15,""size"":0.00049847,""num_orders"":5},{""price"":66124.99,""size"":0.07418181,""num_orders"":1},{""price"":66124.98,""size"":0.09043635,""num_orders"":1},{""price"":66124.8,""size"":0.00153174,""num_orders"":1},{""price"":66124.06,""size"":0.02598954,""num_orders"":1}]","[{""price"":66127.21,""size"":0.09430045,""num_orders"":3},{""price"":66127.63,""size"":0.12097819,""num_orders"":1},{""price"":66128.0,""size"":0.00153174,""num_orders"":1},{""price"":66128.54,""size"":0.01512206,""num_orders"":2},{""price"":66128.83,""size"":0.00126884,""num_orders"":1},{""price"":66128.87,""size"":0.00529282,""num_orders"":1},{""price"":66129.95,""size"":0.15121742,""num_orders"":1},{""price"":66130.9,""size"":0.01512503,""num_orders"":1},{""price"":66131.1,""size"":0.00661603,""num_orders"":1},{""price"":66131.2,""size"":0.00153174,""num_orders"":1}]"
btc_usd_d10_20260721T102934Z,40,2026-07-21T11:09:34.325758Z,2026-07-21T11:09:34.325882Z,BTC-USD,10,ok,,133002375375,2026-07-21T11:09:32.124013404Z,0.19818437,0.88164985,-0.632935563016,66123.320000000007,66123.330000000002,66123.325000000012,0.009999999995,0.001512325642,"[{""price"":66123.32,""size"":0.01899181,""num_orders"":2},{""price"":66121.99,""size"":0.01512356,""num_orders"":2},{""price"":66121.66,""size"":0.00529313,""num_orders"":1},{""price"":66119.43,""size"":0.00661642,""num_orders"":1},{""price"":66118.06,""size"":0.09043635,""num_orders"":1},{""price"":66118.0,""size"":0.0059,""num_orders"":1},{""price"":66117.27,""size"":0.00756232,""num_orders"":1},{""price"":66117.26,""size"":0.00756232,""num_orders"":1},{""price"":66116.17,""size"":0.04,""num_orders"":1},{""price"":66116.16,""size"":0.00069846,""num_orders"":1}]","[{""price"":66123.33,""size"":0.28978994,""num_orders"":10},{""price"":66124.64,""size"":0.00756243,""num_orders"":1},{""price"":66124.66,""size"":0.01512296,""num_orders"":2},{""price"":66124.8,""size"":0.00153174,""num_orders"":1},{""price"":66124.91,""size"":0.00529314,""num_orders"":1},{""price"":66126.04,""size"":0.04,""num_orders"":1},{""price"":66126.05,""size"":0.26922594,""num_orders"":1},{""price"":66126.06,""size"":0.09043635,""num_orders"":1},{""price"":66126.39,""size"":0.02268735,""num_orders"":1},{""price"":66126.42,""size"":0.14,""num_orders"":3}]"
btc_usd_d10_20260721T102934Z,41,2026-07-21T11:10:34.325758Z,2026-07-21T11:10:34.325883Z,BTC-USD,10,ok,,133002402181,2026-07-21T11:10:31.047411909Z,0.2609415,0.59699645,-0.391700763441,66113.600000000006,66113.610000000001,66113.60500000001,0.009999999995,0.001512547984,"[{""price"":66113.6,""size"":0.00028623,""num_orders"":1},{""price"":66112.27,""size"":0.01512578,""num_orders"":2},{""price"":66112.0,""size"":0.02464926,""num_orders"":1},{""price"":66111.5,""size"":1.7e-05,""num_orders"":1},{""price"":66111.41,""size"":0.04199999,""num_orders"":1},{""price"":66110.41,""size"":0.04199999,""num_orders"":1},{""price"":66110.0,""size"":0.0062,""num_orders"":1},{""price"":66109.93,""size"":0.09043635,""num_orders"":1},{""price"":66108.95,""size"":0.0002269,""num_orders"":1},{""price"":66108.81,""size"":0.04,""num_orders"":1}]","[{""price"":66113.61,""size"":0.26070701,""num_orders"":7},{""price"":66113.62,""size"":0.03,""num_orders"":1},{""price"":66113.64,""size"":0.03,""num_orders"":1},{""price"":66114.93,""size"":0.01512518,""num_orders"":2},{""price"":66115.18,""size"":0.09043635,""num_orders"":1},{""price"":66115.19,""size"":0.12100093,""num_orders"":1},{""price"":66115.26,""size"":0.01512833,""num_orders"":1},{""price"":66115.27,""size"":0.00529391,""num_orders"":1},{""price"":66116.21,""size"":0.02268735,""num_orders"":1},{""price"":66117.5,""size"":0.00661739,""num_orders"":1}]"
btc_usd_d10_20260721T102934Z,42,2026-07-21T11:11:34.325758Z,2026-07-21T11:11:34.325880Z,BTC-USD,10,ok,,133002441067,2026-07-21T11:11:34.033122268Z,0.25884616,0.73406215,-0.478610144778,66134.940000000002,66134.949999999997,66134.945000000007,0.009999999995,0.001512059925,"[{""price"":66134.94,""size"":0.08530268,""num_orders"":3},{""price"":66133.61,""size"":0.0151209,""num_orders"":2},{""price"":66133.28,""size"":0.0052922,""num_orders"":1},{""price"":66132.0,""size"":0.0072,""num_orders"":1},{""price"":66131.05,""size"":0.00661526,""num_orders"":1},{""price"":66130.0,""size"":0.09763635,""num_orders"":2},{""price"":66129.7,""size"":1.7e-05,""num_orders"":1},{""price"":66129.69,""size"":3.026e-05,""num_orders"":1},{""price"":66128.76,""size"":0.00163151,""num_orders"":1},{""price"":66128.05,""size"":0.04,""num_orders"":1}]","[{""price"":66134.95,""size"":0.1084803,""num_orders"":4},{""price"":66135.34,""size"":0.12096407,""num_orders"":1},{""price"":66135.35,""size"":0.02269048,""num_orders"":1},{""price"":66136.28,""size"":0.0151203,""num_orders"":2},{""price"":66137.8,""size"":0.18012816,""num_orders"":1},{""price"":66137.81,""size"":0.09043635,""num_orders"":1},{""price"":66137.82,""size"":0.15119943,""num_orders"":1},{""price"":66138.0,""size"":0.0072,""num_orders"":1},{""price"":66138.92,""size"":9.45e-05,""num_orders"":1},{""price"":66139.67,""size"":0.03774856,""num_orders"":1}]"
btc_usd_d10_20260721T102934Z,43,2026-07-21T11:12:34.325758Z,2026-07-21T11:12:34.325890Z,BTC-USD,10,ok,,133002493236,2026-07-21T11:12:33.547543900Z,0.26634378,0.26042863,0.011229042918,66213.75,66213.759999999995,66213.755000000005,0.009999999995,0.001510260216,"[{""price"":66213.75,""size"":0.05537281,""num_orders"":2},{""price"":66213.74,""size"":0.03080281,""num_orders"":1},{""price"":66213.73,""size"":0.03080281,""num_orders"":1},{""price"":66213.72,""size"":0.03080281,""num_orders"":1},{""price"":66213.71,""size"":0.03080281,""num_orders"":1},{""price"":66212.51,""size"":0.04,""num_orders"":1},{""price"":66212.5,""size"":0.04,""num_orders"":1},{""price"":66212.06,""size"":0.00528582,""num_orders"":1},{""price"":66212.0,""size"":0.00242222,""num_orders"":1},{""price"":66210.05,""size"":5.169e-05,""num_orders"":1}]","[{""price"":66213.76,""size"":0.07224726,""num_orders"":3},{""price"":66215.98,""size"":9.439e-05,""num_orders"":1},{""price"":66216.98,""size"":0.01547941,""num_orders"":2},{""price"":66217.16,""size"":0.03770736,""num_orders"":1},{""price"":66217.31,""size"":9.439e-05,""num_orders"":1},{""price"":66217.83,""size"":0.02269048,""num_orders"":1},{""price"":66218.0,""size"":0.0062,""num_orders"":1},{""price"":66218.63,""size"":0.00755075,""num_orders"":1},{""price"":66218.99,""size"":0.00792824,""num_orders"":1},{""price"":66219.99,""size"":0.09043635,""num_orders"":1}]"
btc_usd_d10_20260721T102934Z,44,2026-07-21T11:13:34.325758Z,2026-07-21T11:13:34.325887Z,BTC-USD,10,ok,,133002534801,2026-07-21T11:13:34.005256717Z,0.28726736,0.82869405,-0.485166140288,66205.149999999994,66205.160000000003,66205.154999999999,0.010000000009,0.0015104564,"[{""price"":66205.15,""size"":0.02750281,""num_orders"":1},{""price"":66203.82,""size"":0.01510486,""num_orders"":2},{""price"":66203.81,""size"":5.666e-05,""num_orders"":1},{""price"":66202.0,""size"":0.0068,""num_orders"":1},{""price"":66201.18,""size"":0.00011333,""num_orders"":1},{""price"":66200.0,""size"":0.0168,""num_orders"":2},{""price"":66198.62,""size"":0.09043635,""num_orders"":1},{""price"":66197.95,""size"":1.7e-05,""num_orders"":1},{""price"":66196.54,""size"":0.04,""num_orders"":1},{""price"":66196.53,""size"":0.09043635,""num_orders"":1}]","[{""price"":66205.16,""size"":0.23041576,""num_orders"":7},{""price"":66206.0,""size"":0.0068,""num_orders"":1},{""price"":66206.49,""size"":0.01510426,""num_orders"":2},{""price"":66207.08,""size"":0.0966821,""num_orders"":1},{""price"":66207.37,""size"":0.09043635,""num_orders"":1},{""price"":66207.38,""size"":0.02269048,""num_orders"":1},{""price"":66207.39,""size"":0.12083243,""num_orders"":1},{""price"":66207.51,""size"":0.0377091,""num_orders"":1},{""price"":66207.57,""size"":0.01035385,""num_orders"":1},{""price"":66208.57,""size"":0.19766972,""num_orders"":1}]"
btc_usd_d10_20260721T102934Z,45,2026-07-21T11:14:34.325758Z,2026-07-21T11:14:34.325882Z,BTC-USD,10,ok,,133002592640,2026-07-21T11:14:32.974849725Z,0.63618587,0.40979163,0.216442743749,66225.660000000003,66225.669999999998,66225.665000000008,0.009999999995,0.001509988612,"[{""price"":66225.66,""size"":0.02680281,""num_orders"":1},{""price"":66225.65,""size"":0.02680281,""num_orders"":1},{""price"":66225.64,""size"":0.04480281,""num_orders"":1},{""price"":66224.65,""size"":0.01748227,""num_orders"":1},{""price"":66223.79,""size"":0.000755,""num_orders"":1},{""price"":66221.05,""size"":0.06046133,""num_orders"":1},{""price"":66220.76,""size"":0.00660628,""num_orders"":1},{""price"":66219.17,""size"":0.09043635,""num_orders"":1},{""price"":66217.95,""size"":0.24122305,""num_orders"":1},{""price"":66217.94,""size"":0.12081316,""num_orders"":1}]","[{""price"":66225.67,""size"":0.0594807,""num_orders"":2},{""price"":66225.97,""size"":0.12079853,""num_orders"":1},{""price"":66225.98,""size"":0.08823919,""num_orders"":2},{""price"":66225.99,""size"":0.08833919,""num_orders"":2},{""price"":66226.0,""size"":0.0056,""num_orders"":1},{""price"":66226.64,""size"":0.00528502,""num_orders"":1},{""price"":66226.97,""size"":0.00715224,""num_orders"":3},{""price"":66227.65,""size"":0.02269048,""num_orders"":1},{""price"":66228.0,""size"":0.0056,""num_orders"":1},{""price"":66228.87,""size"":0.00660628,""num_orders"":1}]"
btc_usd_d10_20260721T102934Z,46,2026-07-21T11:15:34.325758Z,2026-07-21T11:15:34.325891Z,BTC-USD,10,ok,,133002642196,2026-07-21T11:15:32.124113184Z,0.51774788,0.65002126,-0.113270145159,66155.860000000001,66155.869999999995,66155.864999999991,0.009999999995,0.001511581777,"[{""price"":66155.86,""size"":0.13672748,""num_orders"":7},{""price"":66155.83,""size"":0.02510281,""num_orders"":1},{""price"":66155.82,""size"":0.02510281,""num_orders"":1},{""price"":66155.81,""size"":0.02510281,""num_orders"":1},{""price"":66155.8,""size"":0.02440867,""num_orders"":2},{""price"":66155.79,""size"":0.02520281,""num_orders"":1},{""price"":66155.78,""size"":0.08566414,""num_orders"":2},{""price"":66152.59,""size"":0.04,""num_orders"":1},{""price"":66152.58,""size"":0.09043635,""num_orders"":1},{""price"":66152.46,""size"":0.04,""num_orders"":1}]","[{""price"":66155.87,""size"":0.08546418,""num_orders"":8},{""price"":66155.88,""size"":0.12092651,""num_orders"":1},{""price"":66157.53,""size"":0.00529053,""num_orders"":1},{""price"":66158.0,""size"":0.0055,""num_orders"":1},{""price"":66158.32,""size"":0.03,""num_orders"":1},{""price"":66158.34,""size"":0.03,""num_orders"":1},{""price"":66158.65,""size"":0.15115181,""num_orders"":1},{""price"":66159.28,""size"":0.20956358,""num_orders"":1},{""price"":66159.76,""size"":0.00661317,""num_orders"":1},{""price"":66160.0,""size"":0.00551148,""num_orders"":2}]"
btc_usd_d10_20260721T102934Z,47,2026-07-21T11:16:34.325758Z,2026-07-21T11:16:34.325884Z,BTC-USD,10,ok,,133002672612,2026-07-21T11:16:33.023902548Z,0.29691823,0.45392344,-0.209105616101,66166.300000000003,66166.309999999998,66166.304999999993,0.009999999995,0.001511343273,"[{""price"":66166.3,""size"":0.04940894,""num_orders"":5},{""price"":66164.97,""size"":0.01511374,""num_orders"":2},{""price"":66164.64,""size"":0.00528964,""num_orders"":1},{""price"":66164.0,""size"":0.0061,""num_orders"":1},{""price"":66163.2,""size"":0.00153174,""num_orders"":1},{""price"":66162.77,""size"":0.00075567,""num_orders"":1},{""price"":66162.55,""size"":0.1155701,""num_orders"":1},{""price"":66162.54,""size"":0.09043635,""num_orders"":1},{""price"":66162.41,""size"":0.00661205,""num_orders"":1},{""price"":66162.0,""size"":0.0061,""num_orders"":1}]","[{""price"":66166.31,""size"":0.09294475,""num_orders"":7},{""price"":66166.75,""size"":0.12090664,""num_orders"":1},{""price"":66167.64,""size"":0.01511312,""num_orders"":2},{""price"":66167.76,""size"":0.00048423,""num_orders"":2},{""price"":66167.97,""size"":0.0052897,""num_orders"":1},{""price"":66168.76,""size"":0.15112872,""num_orders"":1},{""price"":66168.84,""size"":0.03773406,""num_orders"":1},{""price"":66169.6,""size"":0.00153174,""num_orders"":1},{""price"":66169.97,""size"":0.02269048,""num_orders"":1},{""price"":66170.0,""size"":0.0061,""num_orders"":1}]"
btc_usd_d10_20260721T102934Z,48,2026-07-21T11:17:34.325758Z,2026-07-21T11:17:34.325871Z,BTC-USD,10,ok,,133002726022,2026-07-21T11:17:33.778812996Z,0.24346366,0.22687703,0.035265139404,66230.699999999997,66230.710000000006,66230.705000000002,0.010000000009,0.001509873707,"[{""price"":66230.7,""size"":0.02270281,""num_orders"":1},{""price"":66230.69,""size"":0.02270281,""num_orders"":1},{""price"":66230.68,""size"":0.02270281,""num_orders"":1},{""price"":66230.67,""size"":0.02270281,""num_orders"":1},{""price"":66230.66,""size"":0.02270281,""num_orders"":1},{""price"":66230.65,""size"":0.02270281,""num_orders"":1},{""price"":66230.64,""size"":0.02280281,""num_orders"":1},{""price"":66230.63,""size"":0.02280281,""num_orders"":1},{""price"":66230.62,""size"":0.02280281,""num_orders"":1},{""price"":66230.61,""size"":0.03883837,""num_orders"":2}]","[{""price"":66230.71,""size"":0.09839212,""num_orders"":3},{""price"":66230.9,""size"":0.00792681,""num_orders"":1},{""price"":66233.6,""size"":0.00153174,""num_orders"":1},{""price"":66234.0,""size"":0.0052,""num_orders"":1},{""price"":66234.35,""size"":1.7e-05,""num_orders"":1},{""price"":66236.0,""size"":0.0052,""num_orders"":1},{""price"":66236.8,""size"":0.00153174,""num_orders"":1},{""price"":66237.58,""size"":0.04665191,""num_orders"":1},{""price"":66238.9,""size"":1.7e-05,""num_orders"":1},{""price"":66239.79,""size"":0.06040871,""num_orders"":1}]"
btc_usd_d10_20260721T102934Z,49,2026-07-21T11:18:34.325758Z,2026-07-21T11:18:34.325897Z,BTC-USD,10,ok,,133002762770,2026-07-21T11:18:32.546466635Z,1.38595863,0.29843726,0.645644753978,66198.350000000006,66198.360000000001,66198.35500000001,0.009999999995,0.001510611554,"[{""price"":66198.35,""size"":0.69822604,""num_orders"":7},{""price"":66198.34,""size"":0.02270281,""num_orders"":1},{""price"":66198.33,""size"":0.02270281,""num_orders"":1},{""price"":66198.32,""size"":0.02270281,""num_orders"":1},{""price"":66198.31,""size"":0.02270281,""num_orders"":1},{""price"":66198.3,""size"":0.02270281,""num_orders"":1},{""price"":66198.28,""size"":0.02270276,""num_orders"":1},{""price"":66198.27,""size"":0.02270281,""num_orders"":1},{""price"":66198.26,""size"":0.02270281,""num_orders"":1},{""price"":66198.03,""size"":0.50611016,""num_orders"":1}]","[{""price"":66198.36,""size"":0.00321135,""num_orders"":1},{""price"":66198.38,""size"":0.00040998,""num_orders"":2},{""price"":66199.21,""size"":0.12084737,""num_orders"":1},{""price"":66200.73,""size"":0.15105574,""num_orders"":1},{""price"":66201.6,""size"":0.00153174,""num_orders"":1},{""price"":66202.5,""size"":1.7e-05,""num_orders"":1},{""price"":66202.52,""size"":0.00024439,""num_orders"":1},{""price"":66203.07,""size"":0.01511125,""num_orders"":1},{""price"":66204.0,""size"":0.0058,""num_orders"":1},{""price"":66204.46,""size"":0.00020844,""num_orders"":1}]"
btc_usd_d10_20260721T102934Z,50,2026-07-21T11:19:34.325758Z,2026-07-21T11:19:34.325908Z,BTC-USD,10,ok,,133002787087,2026-07-21T11:19:33.624045258Z,0.27703816,0.34802939,-0.113573692955,66198.149999999994,66198.160000000003,66198.154999999999,0.010000000009,0.001510616121,"[{""price"":66198.15,""size"":0.05869963,""num_orders"":4},{""price"":66198.01,""size"":0.02,""num_orders"":1},{""price"":66198.0,""size"":0.0058,""num_orders"":1},{""price"":66196.49,""size"":0.00528715,""num_orders"":1},{""price"":66196.0,""size"":0.0058,""num_orders"":1},{""price"":66195.01,""size"":0.0710583,""num_orders"":1},{""price"":66195.0,""size"":0.09043635,""num_orders"":1},{""price"":66194.26,""size"":0.00660894,""num_orders"":1},{""price"":66194.0,""size"":0.0058,""num_orders"":1},{""price"":66193.2,""size"":0.00754779,""num_orders"":1}]","[{""price"":66198.16,""size"":0.03025203,""num_orders"":3},{""price"":66198.36,""size"":0.12084892,""num_orders"":1},{""price"":66200.22,""size"":0.00755314,""num_orders"":1},{""price"":66200.3,""size"":0.15105672,""num_orders"":1},{""price"":66200.82,""size"":0.01510985,""num_orders"":1},{""price"":66201.6,""size"":0.00153174,""num_orders"":1},{""price"":66202.0,""size"":0.0061,""num_orders"":1},{""price"":66202.44,""size"":9.441e-05,""num_orders"":1},{""price"":66203.43,""size"":0.00755248,""num_orders"":1},{""price"":66203.46,""size"":0.0079301,""num_orders"":1}]"
btc_usd_d10_20260721T102934Z,51,2026-07-21T11:20:34.325758Z,2026-07-21T11:20:34.325921Z,BTC-USD,10,ok,,133002816614,2026-07-21T11:20:31.595090837Z,0.29066061,0.587634,-0.338125028457,66178.149999999994,66178.160000000003,66178.154999999999,0.010000000009,0.001511072651,"[{""price"":66178.15,""size"":0.06749128,""num_orders"":5},{""price"":66178.13,""size"":0.04912765,""num_orders"":1},{""price"":66176.82,""size"":0.01511104,""num_orders"":2},{""price"":66176.0,""size"":0.00723174,""num_orders"":2},{""price"":66175.2,""size"":1.7e-05,""num_orders"":1},{""price"":66175.0,""size"":0.01,""num_orders"":1},{""price"":66174.0,""size"":0.0057,""num_orders"":1},{""price"":66173.7,""size"":0.06040871,""num_orders"":1},{""price"":66173.19,""size"":0.01511186,""num_orders"":2},{""price"":66172.93,""size"":0.06046133,""num_orders"":1}]","[{""price"":66178.16,""size"":0.21467342,""num_orders"":8},{""price"":66178.18,""size"":0.03,""num_orders"":1},{""price"":66179.49,""size"":0.01511042,""num_orders"":2},{""price"":66179.81,""size"":0.00755459,""num_orders"":1},{""price"":66179.82,""size"":0.00528875,""num_orders"":1},{""price"":66180.56,""size"":0.04899548,""num_orders"":1},{""price"":66180.78,""size"":0.09043635,""num_orders"":1},{""price"":66181.56,""size"":0.04899548,""num_orders"":1},{""price"":66181.61,""size"":0.12087951,""num_orders"":1},{""price"":66182.0,""size"":0.0057,""num_orders"":1}]"
btc_usd_d10_20260721T102934Z,52,2026-07-21T11:21:34.325758Z,2026-07-21T11:21:34.325850Z,BTC-USD,10,ok,,133002844861,2026-07-21T11:21:32.845187587Z,0.39802665,0.37174842,0.034137543581,66192.360000000001,66192.369999999995,66192.364999999991,0.009999999995,0.001510748255,"[{""price"":66192.36,""size"":0.10018311,""num_orders"":5},{""price"":66192.28,""size"":0.02350281,""num_orders"":1},{""price"":66191.37,""size"":0.00075538,""num_orders"":1},{""price"":66191.03,""size"":0.01510778,""num_orders"":2},{""price"":66190.95,""size"":0.09043635,""num_orders"":1},{""price"":66190.7,""size"":0.00528761,""num_orders"":1},{""price"":66190.61,""size"":0.016918,""num_orders"":1},{""price"":66188.83,""size"":0.02,""num_orders"":1},{""price"":66188.82,""size"":0.10583561,""num_orders"":1},{""price"":66188.81,""size"":0.02,""num_orders"":1}]","[{""price"":66192.37,""size"":0.13597079,""num_orders"":2},{""price"":66192.79,""size"":0.0016943,""num_orders"":1},{""price"":66193.39,""size"":0.00102944,""num_orders"":4},{""price"":66193.4,""size"":1.7e-05,""num_orders"":1},{""price"":66193.65,""size"":0.05999749,""num_orders"":1},{""price"":66193.7,""size"":0.01510718,""num_orders"":2},{""price"":66193.71,""size"":0.0052877,""num_orders"":1},{""price"":66193.72,""size"":0.15107175,""num_orders"":1},{""price"":66194.81,""size"":4.103e-05,""num_orders"":1},{""price"":66195.2,""size"":0.00153174,""num_orders"":1}]"
btc_usd_d10_20260721T102934Z,53,2026-07-21T11:22:34.325758Z,2026-07-21T11:22:34.325920Z,BTC-USD,10,ok,,133002893197,2026-07-21T11:22:31.519788004Z,0.41908358,0.2676974,0.220428614665,66177.419999999998,66177.429999999993,66177.424999999988,0.009999999995,0.001511089317,"[{""price"":66177.42,""size"":0.04829159,""num_orders"":3},{""price"":66176.09,""size"":0.0151112,""num_orders"":2},{""price"":66176.0,""size"":0.06046133,""num_orders"":1},{""price"":66175.76,""size"":0.00528881,""num_orders"":1},{""price"":66174.59,""size"":8.794e-05,""num_orders"":1},{""price"":66173.53,""size"":0.00661101,""num_orders"":1},{""price"":66173.33,""size"":0.00115836,""num_orders"":1},{""price"":66170.43,""size"":0.1928092,""num_orders"":1},{""price"":66170.38,""size"":0.06046133,""num_orders"":1},{""price"":66170.37,""size"":0.02880281,""num_orders"":1}]","[{""price"":66177.43,""size"":0.01521023,""num_orders"":2},{""price"":66178.0,""size"":0.0089,""num_orders"":1},{""price"":66178.07,""size"":0.09043635,""num_orders"":1},{""price"":66178.08,""size"":0.12088595,""num_orders"":1},{""price"":66178.42,""size"":0.01548843,""num_orders"":2},{""price"":66178.75,""size"":9.444e-05,""num_orders"":1},{""price"":66178.76,""size"":0.01511058,""num_orders"":2},{""price"":66179.2,""size"":0.00153174,""num_orders"":1},{""price"":66179.48,""size"":2.268e-05,""num_orders"":1},{""price"":66179.75,""size"":1.7e-05,""num_orders"":1}]"
btc_usd_d10_20260721T102934Z,54,2026-07-21T11:23:34.325758Z,2026-07-21T11:23:34.325896Z,BTC-USD,10,ok,,133002919656,2026-07-21T11:23:31.581021575Z,1.05886542,0.43493514,0.417679773798,66184.289999999994,66184.300000000003,66184.294999999998,0.010000000009,0.001510932467,"[{""price"":66184.29,""size"":0.58057528,""num_orders"":9},{""price"":66182.97,""size"":0.0161239,""num_orders"":1},{""price"":66182.96,""size"":0.01510962,""num_orders"":2},{""price"":66182.63,""size"":0.00528826,""num_orders"":1},{""price"":66180.4,""size"":0.00661032,""num_orders"":1},{""price"":66179.99,""size"":0.20642797,""num_orders"":1},{""price"":66179.74,""size"":0.00048987,""num_orders"":1},{""price"":66179.38,""size"":0.09043635,""num_orders"":1},{""price"":66179.37,""size"":0.01692,""num_orders"":1},{""price"":66179.22,""size"":0.12088385,""num_orders"":1}]","[{""price"":66184.3,""size"":0.01513069,""num_orders"":2},{""price"":66185.32,""size"":0.12087273,""num_orders"":1},{""price"":66185.63,""size"":0.01510902,""num_orders"":2},{""price"":66186.06,""size"":0.0075555,""num_orders"":1},{""price"":66186.13,""size"":0.09043635,""num_orders"":1},{""price"":66186.14,""size"":0.07000664,""num_orders"":1},{""price"":66187.37,""size"":0.07000664,""num_orders"":1},{""price"":66187.72,""size"":0.03772314,""num_orders"":1},{""price"":66188.0,""size"":0.008,""num_orders"":1},{""price"":66188.27,""size"":9.443e-05,""num_orders"":1}]"
btc_usd_d10_20260721T102934Z,55,2026-07-21T11:24:34.325758Z,2026-07-21T11:24:34.325924Z,BTC-USD,10,ok,,133002944208,2026-07-21T11:24:32.025238664Z,0.19076498,0.8401556,-0.629913334352,66172.029999999999,66172.039999999994,66172.035000000003,0.009999999995,0.001511212402,"[{""price"":66172.03,""size"":0.11496174,""num_orders"":5},{""price"":66171.02,""size"":0.00017621,""num_orders"":1},{""price"":66171.0,""size"":3.004e-05,""num_orders"":1},{""price"":66170.7,""size"":0.01511242,""num_orders"":2},{""price"":66170.65,""size"":1.7e-05,""num_orders"":1},{""price"":66170.37,""size"":0.00528924,""num_orders"":1},{""price"":66170.16,""size"":0.0003705,""num_orders"":1},{""price"":66169.6,""size"":0.00153174,""num_orders"":1},{""price"":66169.48,""size"":0.04666454,""num_orders"":1},{""price"":66168.14,""size"":0.00661155,""num_orders"":1}]","[{""price"":66172.04,""size"":0.03789238,""num_orders"":5},{""price"":66172.61,""size"":0.12089594,""num_orders"":1},{""price"":66172.72,""size"":0.00755612,""num_orders"":1},{""price"":66172.8,""size"":0.00153174,""num_orders"":1},{""price"":66173.37,""size"":0.02040111,""num_orders"":3},{""price"":66173.61,""size"":0.276,""num_orders"":1},{""price"":66173.85,""size"":0.00254196,""num_orders"":1},{""price"":66174.0,""size"":0.0069,""num_orders"":1},{""price"":66174.6,""size"":0.09043635,""num_orders"":1},{""price"":66174.61,""size"":0.276,""num_orders"":1}]"
btc_usd_d10_20260721T102934Z,56,2026-07-21T11:25:34.325758Z,2026-07-21T11:25:34.325921Z,BTC-USD,10,ok,,133002973561,2026-07-21T11:25:33.097172560Z,0.74431089,1.04768176,-0.169292474498,66176.789999999994,66176.800000000003,66176.794999999998,0.010000000009,0.001511103705,"[{""price"":66176.79,""size"":0.0566024,""num_orders"":3},{""price"":66171.65,""size"":0.06046133,""num_orders"":1},{""price"":66170.2,""size"":0.02,""num_orders"":1},{""price"":66170.19,""size"":0.24769062,""num_orders"":1},{""price"":66170.17,""size"":0.00755627,""num_orders"":1},{""price"":66170.06,""size"":0.09043635,""num_orders"":1},{""price"":66169.56,""size"":0.03022337,""num_orders"":1},{""price"":66168.08,""size"":0.1209042,""num_orders"":1},{""price"":66167.0,""size"":0.02,""num_orders"":1},{""price"":66166.99,""size"":0.09043635,""num_orders"":1}]","[{""price"":66176.8,""size"":0.17131182,""num_orders"":5},{""price"":66176.82,""size"":0.03,""num_orders"":1},{""price"":66178.0,""size"":0.0068,""num_orders"":1},{""price"":66178.46,""size"":0.0941395,""num_orders"":2},{""price"":66178.47,""size"":0.0052889,""num_orders"":1},{""price"":66178.53,""size"":0.30218912,""num_orders"":1},{""price"":66178.62,""size"":0.03772695,""num_orders"":1},{""price"":66179.02,""size"":0.30218912,""num_orders"":1},{""price"":66180.0,""size"":0.0076,""num_orders"":1},{""price"":66180.62,""size"":0.09043635,""num_orders"":1}]"
btc_usd_d10_20260721T102934Z,57,2026-07-21T11:26:34.325758Z,2026-07-21T11:26:34.325918Z,BTC-USD,10,ok,,133003000797,2026-07-21T11:26:32.024988607Z,1.51495465,1.52727448,-0.004049606218,66179.740000000005,66179.75,66179.744999999995,0.009999999995,0.001511036344,"[{""price"":66179.74,""size"":0.10067126,""num_orders"":5},{""price"":66178.41,""size"":0.01511066,""num_orders"":2},{""price"":66178.08,""size"":0.00528862,""num_orders"":1},{""price"":66176.0,""size"":0.00153174,""num_orders"":1},{""price"":66175.85,""size"":0.00661078,""num_orders"":1},{""price"":66174.31,""size"":0.12616417,""num_orders"":1},{""price"":66174.3,""size"":0.09043635,""num_orders"":1},{""price"":66173.72,""size"":0.12089391,""num_orders"":1},{""price"":66172.99,""size"":0.51946016,""num_orders"":1},{""price"":66172.98,""size"":0.528787,""num_orders"":1}]","[{""price"":66179.75,""size"":0.16616887,""num_orders"":8},{""price"":66180.0,""size"":1.09470459,""num_orders"":1},{""price"":66181.31,""size"":0.01511,""num_orders"":2},{""price"":66181.34,""size"":0.00755559,""num_orders"":1},{""price"":66182.4,""size"":0.00153174,""num_orders"":1},{""price"":66182.75,""size"":0.09043635,""num_orders"":1},{""price"":66183.3,""size"":0.15109553,""num_orders"":1},{""price"":66183.72,""size"":9.443e-05,""num_orders"":1},{""price"":66184.27,""size"":0.00056038,""num_orders"":1},{""price"":66184.3,""size"":1.7e-05,""num_orders"":1}]"
btc_usd_d10_20260721T102934Z,58,2026-07-21T11:27:34.325758Z,2026-07-21T11:27:34.325914Z,BTC-USD,10,ok,,133003036578,2026-07-21T11:27:32.123837536Z,0.37395553,0.20776228,0.285693934659,66176.369999999995,66176.380000000005,66176.375,0.010000000009,0.001511113295,"[{""price"":66176.37,""size"":0.07614369,""num_orders"":4},{""price"":66176.0,""size"":0.0092,""num_orders"":1},{""price"":66175.67,""size"":0.09043635,""num_orders"":1},{""price"":66175.04,""size"":0.01511144,""num_orders"":2},{""price"":66174.7,""size"":0.00528883,""num_orders"":1},{""price"":66174.0,""size"":0.0092,""num_orders"":1},{""price"":66173.73,""size"":0.06046133,""num_orders"":1},{""price"":66173.72,""size"":0.016922,""num_orders"":1},{""price"":66173.63,""size"":0.09043635,""num_orders"":1},{""price"":66173.59,""size"":0.00075554,""num_orders"":1}]","[{""price"":66176.38,""size"":0.01614304,""num_orders"":4},{""price"":66176.69,""size"":0.12088848,""num_orders"":1},{""price"":66177.71,""size"":0.01511082,""num_orders"":2},{""price"":66178.02,""size"":0.00821146,""num_orders"":1},{""price"":66179.75,""size"":1.7e-05,""num_orders"":1},{""price"":66180.0,""size"":0.0092,""num_orders"":1},{""price"":66180.44,""size"":0.03772732,""num_orders"":1},{""price"":66181.27,""size"":0.00038328,""num_orders"":1},{""price"":66181.67,""size"":2.268e-05,""num_orders"":1},{""price"":66181.81,""size"":5.82e-05,""num_orders"":1}]"
btc_usd_d10_20260721T102934Z,59,2026-07-21T11:28:34.325758Z,2026-07-21T11:28:34.325889Z,BTC-USD,10,ok,,133003062796,2026-07-21T11:28:33.592995366Z,1.55242596,2.02193497,-0.13135467268,66173.130000000005,66173.139999999999,66173.135000000009,0.009999999995,0.001511187281,"[{""price"":66173.13,""size"":1.33364915,""num_orders"":5},{""price"":66173.12,""size"":0.02700281,""num_orders"":1},{""price"":66173.11,""size"":0.02700281,""num_orders"":1},{""price"":66173.1,""size"":0.02700281,""num_orders"":1},{""price"":66173.09,""size"":0.02700281,""num_orders"":1},{""price"":66173.08,""size"":0.02700281,""num_orders"":1},{""price"":66173.06,""size"":0.03899784,""num_orders"":2},{""price"":66173.05,""size"":0.02700281,""num_orders"":1},{""price"":66172.69,""size"":0.00084111,""num_orders"":1},{""price"":66172.25,""size"":0.016921,""num_orders"":1}]","[{""price"":66173.14,""size"":0.13601077,""num_orders"":2},{""price"":66174.73,""size"":0.00528916,""num_orders"":1},{""price"":66175.0,""size"":1.09465447,""num_orders"":1},{""price"":66175.02,""size"":0.15111444,""num_orders"":1},{""price"":66175.04,""size"":0.28900223,""num_orders"":1},{""price"":66175.2,""size"":1.7e-05,""num_orders"":1},{""price"":66175.46,""size"":0.28900371,""num_orders"":1},{""price"":66175.76,""size"":0.04,""num_orders"":1},{""price"":66176.0,""size"":0.01023174,""num_orders"":2},{""price"":66176.96,""size"":0.00661145,""num_orders"":1}]"
btc_usd_d10_20260721T122558Z,0,2026-07-21T12:25:58.046308Z,2026-07-21T12:25:58.046330Z,BTC-USD,10,ok,,133004941657,2026-07-21T12:25:56.529994520Z,1.10233105,0.06380564,0.890569192193,66422.910000000003,66422.919999999998,66422.915000000008,0.009999999995,0.001505504538,"[{""price"":66422.91,""size"":0.5889157,""num_orders"":7},{""price"":66422.9,""size"":0.00180151,""num_orders"":1},{""price"":66422.72,""size"":0.1882801,""num_orders"":1},{""price"":66422.71,""size"":0.12044073,""num_orders"":1},{""price"":66422.0,""size"":0.0075,""num_orders"":1},{""price"":66421.58,""size"":0.01505534,""num_orders"":2},{""price"":66421.5,""size"":0.01505669,""num_orders"":1},{""price"":66421.27,""size"":0.12044333,""num_orders"":1},{""price"":66421.25,""size"":0.00526925,""num_orders"":1},{""price"":66420.33,""size"":0.0395684,""num_orders"":1}]","[{""price"":66422.92,""size"":0.01212323,""num_orders"":1},{""price"":66424.33,""size"":0.00019886,""num_orders"":3},{""price"":66424.57,""size"":0.01505468,""num_orders"":2},{""price"":66424.96,""size"":0.00526923,""num_orders"":1},{""price"":66425.45,""size"":1.7e-05,""num_orders"":1},{""price"":66425.6,""size"":0.00153174,""num_orders"":1},{""price"":66426.91,""size"":9.409e-05,""num_orders"":1},{""price"":66427.21,""size"":0.00658654,""num_orders"":1},{""price"":66427.9,""size"":0.01543027,""num_orders"":2},{""price"":66428.0,""size"":0.0075,""num_orders"":1}]"
btc_usd_d10_20260721T122558Z,1,2026-07-21T12:26:58.046308Z,2026-07-21T12:26:58.046417Z,BTC-USD,10,ok,,133004977514,2026-07-21T12:26:57.132749541Z,0.61709684,0.42724825,0.181787219395,66391.789999999994,66391.800000000003,66391.794999999998,0.010000000009,0.001506210219,"[{""price"":66391.79,""size"":0.09550877,""num_orders"":7},{""price"":66390.46,""size"":0.0150624,""num_orders"":2},{""price"":66390.4,""size"":0.00153174,""num_orders"":1},{""price"":66390.05,""size"":0.07193849,""num_orders"":1},{""price"":66390.04,""size"":0.12049999,""num_orders"":1},{""price"":66390.01,""size"":0.14206906,""num_orders"":1},{""price"":66390.0,""size"":0.0178,""num_orders"":2},{""price"":66389.44,""size"":0.00204144,""num_orders"":1},{""price"":66389.05,""size"":1.7e-05,""num_orders"":1},{""price"":66388.73,""size"":0.15062795,""num_orders"":1}]","[{""price"":66391.8,""size"":0.04497232,""num_orders"":4},{""price"":66393.13,""size"":0.0150618,""num_orders"":2},{""price"":66393.46,""size"":0.00527173,""num_orders"":1},{""price"":66394.0,""size"":0.0078,""num_orders"":1},{""price"":66394.19,""size"":0.17350213,""num_orders"":2},{""price"":66394.83,""size"":0.04529822,""num_orders"":1},{""price"":66394.84,""size"":0.12049129,""num_orders"":1},{""price"":66395.01,""size"":6.11e-05,""num_orders"":1},{""price"":66395.7,""size"":0.00658966,""num_orders"":1},{""price"":66396.0,""size"":0.0082,""num_orders"":1}]"
btc_usd_d10_20260721T122558Z,2,2026-07-21T12:27:58.046308Z,2026-07-21T12:27:58.046406Z,BTC-USD,10,ok,,133005011256,2026-07-21T12:27:55.834159631Z,0.57428786,0.5520241,0.019766956927,66381.720000000001,66381.729999999996,66381.725000000006,0.009999999995,0.001506438707,"[{""price"":66381.72,""size"":0.10353147,""num_orders"":6},{""price"":66380.08,""size"":0.17153791,""num_orders"":2},{""price"":66380.07,""size"":0.00022013,""num_orders"":1},{""price"":66380.06,""size"":0.00527253,""num_orders"":1},{""price"":66380.0,""size"":0.03077752,""num_orders"":8},{""price"":66379.95,""size"":1.7e-05,""num_orders"":1},{""price"":66378.41,""size"":0.04,""num_orders"":1},{""price"":66378.4,""size"":0.15084491,""num_orders"":1},{""price"":66378.0,""size"":0.0086,""num_orders"":1},{""price"":66377.99,""size"":0.06348639,""num_orders"":1}]","[{""price"":66381.73,""size"":0.00977421,""num_orders"":4},{""price"":66381.74,""size"":0.03,""num_orders"":1},{""price"":66381.76,""size"":0.15051504,""num_orders"":2},{""price"":66382.89,""size"":0.19709171,""num_orders"":1},{""price"":66382.9,""size"":0.12051296,""num_orders"":1},{""price"":66382.97,""size"":0.00527261,""num_orders"":1},{""price"":66384.0,""size"":0.0086,""num_orders"":1},{""price"":66385.21,""size"":0.00659076,""num_orders"":1},{""price"":66385.48,""size"":0.01506681,""num_orders"":1},{""price"":66386.0,""size"":0.0086,""num_orders"":1}]"
btc_usd_d10_20260721T122558Z,3,2026-07-21T12:28:58.046308Z,2026-07-21T12:28:58.046408Z,BTC-USD,10,ok,,133005038335,2026-07-21T12:28:55.042109647Z,0.38903444,0.34579799,0.058838516422,66393.449999999997,66393.460000000006,66393.455000000002,0.010000000009,0.00150617256,"[{""price"":66393.45,""size"":0.09239165,""num_orders"":9},{""price"":66393.44,""size"":0.03,""num_orders"":1},{""price"":66393.42,""size"":0.03,""num_orders"":1},{""price"":66393.0,""size"":0.00068868,""num_orders"":1},{""price"":66392.13,""size"":0.08499086,""num_orders"":1},{""price"":66392.12,""size"":0.01506202,""num_orders"":2},{""price"":66391.79,""size"":0.0052716,""num_orders"":1},{""price"":66391.2,""size"":0.12049789,""num_orders"":1},{""price"":66390.4,""size"":0.00153174,""num_orders"":1},{""price"":66390.0,""size"":0.0086,""num_orders"":1}]","[{""price"":66393.46,""size"":0.07240508,""num_orders"":6},{""price"":66394.0,""size"":0.0081,""num_orders"":1},{""price"":66394.79,""size"":0.01506142,""num_orders"":2},{""price"":66395.12,""size"":0.0052716,""num_orders"":1},{""price"":66395.52,""size"":0.09099975,""num_orders"":1},{""price"":66395.54,""size"":0.02265722,""num_orders"":1},{""price"":66395.59,""size"":0.12048993,""num_orders"":1},{""price"":66396.0,""size"":0.0086,""num_orders"":1},{""price"":66396.66,""size"":0.00068125,""num_orders"":3},{""price"":66396.8,""size"":0.00153174,""num_orders"":1}]"
btc_usd_d10_20260721T122558Z,4,2026-07-21T12:29:58.046308Z,2026-07-21T12:29:58.046405Z,BTC-USD,10,ok,,133005074141,2026-07-21T12:29:57.536788990Z,1.22225913,0.66497927,0.295288533764,66414.169999999998,66416.429999999993,66415.299999999988,2.259999999995,0.340283037191,"[{""price"":66414.17,""size"":0.00658705,""num_orders"":1},{""price"":66412.26,""size"":0.612341,""num_orders"":1},{""price"":66409.96,""size"":0.00752568,""num_orders"":1},{""price"":66408.68,""size"":0.15084491,""num_orders"":1},{""price"":66408.26,""size"":0.0007528,""num_orders"":1},{""price"":66408.0,""size"":0.0077,""num_orders"":1},{""price"":66407.67,""size"":0.04753836,""num_orders"":1},{""price"":66407.25,""size"":1.7e-05,""num_orders"":1},{""price"":66406.51,""size"":0.1928092,""num_orders"":1},{""price"":66406.5,""size"":0.19614313,""num_orders"":2}]","[{""price"":66416.43,""size"":0.03174,""num_orders"":1},{""price"":66416.72,""size"":0.03174,""num_orders"":1},{""price"":66417.77,""size"":0.0384122,""num_orders"":1},{""price"":66417.78,""size"":0.03174,""num_orders"":1},{""price"":66418.08,""size"":0.03174,""num_orders"":1},{""price"":66418.23,""size"":0.03174,""num_orders"":1},{""price"":66418.27,""size"":0.12802212,""num_orders"":4},{""price"":66418.28,""size"":0.1543122,""num_orders"":4},{""price"":66418.29,""size"":0.07153202,""num_orders"":6},{""price"":66420.35,""size"":0.11400073,""num_orders"":1}]"
btc_usd_d10_20260721T122558Z,5,2026-07-21T12:30:58.046308Z,2026-07-21T12:30:58.046408Z,BTC-USD,10,ok,,133005122762,2026-07-21T12:30:56.600522853Z,0.3169078,0.39366304,-0.108019124455,66422.440000000002,66422.449999999997,66422.445000000007,0.009999999995,0.001505515191,"[{""price"":66422.44,""size"":0.04017192,""num_orders"":2},{""price"":66421.85,""size"":0.00075273,""num_orders"":1},{""price"":66420.89,""size"":0.00023155,""num_orders"":1},{""price"":66420.19,""size"":0.00658639,""num_orders"":1},{""price"":66420.0,""size"":0.0073,""num_orders"":1},{""price"":66419.67,""size"":0.01505517,""num_orders"":1},{""price"":66419.03,""size"":0.05848394,""num_orders"":1},{""price"":66419.02,""size"":0.09036305,""num_orders"":1},{""price"":66418.0,""size"":0.0076,""num_orders"":1},{""price"":66416.49,""size"":0.09036305,""num_orders"":1}]","[{""price"":66422.45,""size"":0.03,""num_orders"":2},{""price"":66423.98,""size"":0.04628361,""num_orders"":1},{""price"":66423.99,""size"":0.03290998,""num_orders"":1},{""price"":66424.0,""size"":0.04020998,""num_orders"":2},{""price"":66425.45,""size"":1.7e-05,""num_orders"":1},{""price"":66426.0,""size"":0.0073,""num_orders"":1},{""price"":66426.73,""size"":0.12239046,""num_orders"":1},{""price"":66426.74,""size"":0.09036305,""num_orders"":1},{""price"":66427.75,""size"":0.02265722,""num_orders"":1},{""price"":66428.8,""size"":0.00153174,""num_orders"":1}]"
btc_usd_d10_20260721T122558Z,6,2026-07-21T12:31:58.046308Z,2026-07-21T12:31:58.046407Z,BTC-USD,10,ok,,133005162286,2026-07-21T12:31:56.845314546Z,0.9853718,0.46539875,0.35841163856,66447.639999999999,66447.649999999994,66447.64499999999,0.009999999995,0.00150494423,"[{""price"":66447.64,""size"":0.3175534,""num_orders"":8},{""price"":66447.59,""size"":0.09036305,""num_orders"":1},{""price"":66447.58,""size"":0.03600281,""num_orders"":1},{""price"":66447.57,""size"":0.15639848,""num_orders"":2},{""price"":66446.0,""size"":0.008,""num_orders"":1},{""price"":66445.98,""size"":0.01505204,""num_orders"":1},{""price"":66445.32,""size"":0.18830344,""num_orders"":1},{""price"":66444.98,""size"":0.12040036,""num_orders"":1},{""price"":66444.0,""size"":0.008,""num_orders"":1},{""price"":66443.67,""size"":0.04529822,""num_orders"":1}]","[{""price"":66447.65,""size"":9.406e-05,""num_orders"":1},{""price"":66448.64,""size"":0.01542545,""num_orders"":2},{""price"":66448.98,""size"":9.406e-05,""num_orders"":1},{""price"":66450.3,""size"":0.01542506,""num_orders"":2},{""price"":66452.0,""size"":0.008,""num_orders"":1},{""price"":66454.0,""size"":0.00775524,""num_orders"":4},{""price"":66454.34,""size"":0.09036305,""num_orders"":1},{""price"":66455.89,""size"":0.1928092,""num_orders"":1},{""price"":66455.9,""size"":0.12038059,""num_orders"":1},{""price"":66455.94,""size"":0.01505204,""num_orders"":1}]"
btc_usd_d10_20260721T122558Z,7,2026-07-21T12:32:58.046308Z,2026-07-21T12:32:58.046405Z,BTC-USD,10,ok,,133005205042,2026-07-21T12:32:55.104375300Z,0.26773025,0.49352005,-0.29660388968,66460,66460.009999999995,66460.005000000005,0.009999999995,0.001504664346,"[{""price"":66460.0,""size"":0.05813888,""num_orders"":3},{""price"":66459.0,""size"":5.319e-05,""num_orders"":1},{""price"":66458.67,""size"":0.01504694,""num_orders"":2},{""price"":66458.0,""size"":0.0065,""num_orders"":1},{""price"":66457.68,""size"":0.09036305,""num_orders"":1},{""price"":66457.42,""size"":0.00072557,""num_orders"":1},{""price"":66457.3,""size"":1.7e-05,""num_orders"":1},{""price"":66456.11,""size"":2.257e-05,""num_orders"":1},{""price"":66456.0,""size"":0.0065,""num_orders"":1},{""price"":66455.64,""size"":0.09036305,""num_orders"":1}]","[{""price"":66460.01,""size"":0.10376499,""num_orders"":5},{""price"":66460.02,""size"":0.03,""num_orders"":1},{""price"":66460.04,""size"":0.03,""num_orders"":1},{""price"":66461.31,""size"":0.09036305,""num_orders"":1},{""price"":66461.34,""size"":0.01504634,""num_orders"":2},{""price"":66461.67,""size"":0.00526632,""num_orders"":1},{""price"":66462.51,""size"":0.12036861,""num_orders"":1},{""price"":66462.66,""size"":0.00176479,""num_orders"":1},{""price"":66463.92,""size"":0.0065829,""num_orders"":1},{""price"":66463.96,""size"":0.09036305,""num_orders"":1}]"
btc_usd_d10_20260721T122558Z,8,2026-07-21T12:33:58.046308Z,2026-07-21T12:33:58.046404Z,BTC-USD,10,ok,,133005258510,2026-07-21T12:33:56.031402366Z,1.6145427,0.46609242,0.551971015466,66482.050000000003,66482.059999999998,66482.054999999993,0.009999999995,0.001504165296,"[{""price"":66482.05,""size"":0.00614955,""num_orders"":3},{""price"":66480.72,""size"":0.01504196,""num_orders"":2},{""price"":66480.7,""size"":0.00016926,""num_orders"":1},{""price"":66480.38,""size"":0.00526457,""num_orders"":1},{""price"":66479.65,""size"":0.57797268,""num_orders"":2},{""price"":66479.64,""size"":0.12033758,""num_orders"":1},{""price"":66478.68,""size"":0.15042415,""num_orders"":1},{""price"":66478.14,""size"":0.68944772,""num_orders"":2},{""price"":66477.98,""size"":0.04221381,""num_orders"":2},{""price"":66476.82,""size"":0.00752142,""num_orders"":1}]","[{""price"":66482.06,""size"":0.06475543,""num_orders"":6},{""price"":66482.08,""size"":0.03,""num_orders"":1},{""price"":66483.39,""size"":0.01504136,""num_orders"":2},{""price"":66483.73,""size"":0.00526457,""num_orders"":1},{""price"":66484.58,""size"":0.04,""num_orders"":1},{""price"":66484.59,""size"":0.04529822,""num_orders"":1},{""price"":66484.6,""size"":0.09036305,""num_orders"":1},{""price"":66484.93,""size"":0.12032802,""num_orders"":1},{""price"":66485.64,""size"":0.04,""num_orders"":1},{""price"":66485.75,""size"":0.01504177,""num_orders"":1}]"
btc_usd_d10_20260721T122558Z,9,2026-07-21T12:34:58.046308Z,2026-07-21T12:34:58.046402Z,BTC-USD,10,ok,,133005313745,2026-07-21T12:34:57.152344637Z,0.34727289,1.41755818,-0.606451976166,66448.210000000006,66448.220000000001,66448.214999999997,0.009999999995,0.001504931321,"[{""price"":66448.21,""size"":0.10815755,""num_orders"":9},{""price"":66448.2,""size"":1.7e-05,""num_orders"":1},{""price"":66446.88,""size"":0.01504962,""num_orders"":2},{""price"":66445.0,""size"":0.01,""num_orders"":1},{""price"":66444.0,""size"":0.0058,""num_orders"":1},{""price"":66443.65,""size"":0.00031956,""num_orders"":3},{""price"":66443.23,""size"":0.00752522,""num_orders"":1},{""price"":66443.01,""size"":0.04,""num_orders"":1},{""price"":66443.0,""size"":0.12040394,""num_orders"":1},{""price"":66441.58,""size"":0.04,""num_orders"":1}]","[{""price"":66448.22,""size"":0.76495929,""num_orders"":10},{""price"":66448.23,""size"":0.09036305,""num_orders"":1},{""price"":66448.24,""size"":0.03,""num_orders"":2},{""price"":66448.33,""size"":0.25058465,""num_orders"":2},{""price"":66448.34,""size"":0.12039428,""num_orders"":1},{""price"":66449.55,""size"":0.01504902,""num_orders"":2},{""price"":66449.63,""size"":0.01505002,""num_orders"":1},{""price"":66449.88,""size"":0.00526725,""num_orders"":1},{""price"":66450.0,""size"":0.0055,""num_orders"":1},{""price"":66450.36,""size"":0.12039062,""num_orders"":1}]"
btc_usd_d10_20260721T122558Z,10,2026-07-21T12:35:58.046308Z,2026-07-21T12:35:58.046407Z,BTC-USD,10,ok,,133005359150,2026-07-21T12:35:55.539219706Z,1.31827901,0.26944415,0.660590515037,66448.190000000002,66448.199999999997,66448.195000000007,0.009999999995,0.001504931774,"[{""price"":66448.19,""size"":0.57251678,""num_orders"":5},{""price"":66448.18,""size"":0.03,""num_orders"":1},{""price"":66448.17,""size"":0.021492,""num_orders"":1},{""price"":66448.16,""size"":0.03,""num_orders"":1},{""price"":66448.0,""size"":0.006,""num_orders"":1},{""price"":66446.09,""size"":0.09036305,""num_orders"":1},{""price"":66445.62,""size"":0.00852543,""num_orders"":1},{""price"":66445.61,""size"":0.46826622,""num_orders"":4},{""price"":66445.25,""size"":0.00075248,""num_orders"":1},{""price"":66444.01,""size"":0.09036305,""num_orders"":1}]","[{""price"":66448.2,""size"":1.7e-05,""num_orders"":1},{""price"":66449.61,""size"":9.406e-05,""num_orders"":1},{""price"":66450.6,""size"":0.015425,""num_orders"":2},{""price"":66450.94,""size"":9.405e-05,""num_orders"":1},{""price"":66452.0,""size"":0.0061,""num_orders"":1},{""price"":66452.26,""size"":0.0085242,""num_orders"":2},{""price"":66452.75,""size"":0.00028064,""num_orders"":4},{""price"":66454.0,""size"":0.0061,""num_orders"":1},{""price"":66454.43,""size"":0.1928092,""num_orders"":1},{""price"":66454.44,""size"":0.04,""num_orders"":1}]"
btc_usd_d10_20260721T122558Z,11,2026-07-21T12:36:58.046308Z,2026-07-21T12:36:58.046410Z,BTC-USD,10,ok,,133005414365,2026-07-21T12:36:55.823799907Z,0.43301254,0.56469554,-0.131985500208,66506.639999999999,66506.649999999994,66506.64499999999,0.009999999995,0.00150360915,"[{""price"":66506.64,""size"":0.07891692,""num_orders"":4},{""price"":66505.31,""size"":0.0193443,""num_orders"":1},{""price"":66505.3,""size"":0.0150364,""num_orders"":2},{""price"":66504.97,""size"":0.00526263,""num_orders"":1},{""price"":66504.0,""size"":0.0089,""num_orders"":1},{""price"":66503.14,""size"":0.00320348,""num_orders"":1},{""price"":66502.73,""size"":0.00657829,""num_orders"":1},{""price"":66502.26,""size"":0.19650747,""num_orders"":1},{""price"":66502.0,""size"":0.0089,""num_orders"":1},{""price"":66501.63,""size"":0.09036305,""num_orders"":1}]","[{""price"":66506.65,""size"":0.05219982,""num_orders"":3},{""price"":66506.98,""size"":0.12028813,""num_orders"":1},{""price"":66507.35,""size"":1.7e-05,""num_orders"":1},{""price"":66507.99,""size"":0.01503578,""num_orders"":2},{""price"":66508.0,""size"":0.0089,""num_orders"":1},{""price"":66510.0,""size"":0.0089,""num_orders"":1},{""price"":66510.11,""size"":0.04,""num_orders"":1},{""price"":66510.12,""size"":0.20633454,""num_orders"":2},{""price"":66510.13,""size"":0.09036305,""num_orders"":1},{""price"":66510.14,""size"":0.02265722,""num_orders"":1}]"
btc_usd_d10_20260721T122558Z,12,2026-07-21T12:37:58.046308Z,2026-07-21T12:37:58.046404Z,BTC-USD,10,ok,,133005471796,2026-07-21T12:37:55.666867286Z,0.89626184,0.41835506,0.363533117519,66532.339999999997,66532.350000000006,66532.345000000001,0.010000000009,0.00150302834,"[{""price"":66532.34,""size"":0.10846481,""num_orders"":5},{""price"":66532.33,""size"":0.18030846,""num_orders"":1},{""price"":66530.68,""size"":0.00526058,""num_orders"":1},{""price"":66529.39,""size"":0.26662203,""num_orders"":1},{""price"":66529.36,""size"":0.18030846,""num_orders"":1},{""price"":66529.09,""size"":0.12024813,""num_orders"":1},{""price"":66528.43,""size"":0.00657535,""num_orders"":1},{""price"":66528.0,""size"":0.0062,""num_orders"":1},{""price"":66527.76,""size"":0.00032708,""num_orders"":1},{""price"":66527.75,""size"":0.02194694,""num_orders"":1}]","[{""price"":66532.35,""size"":0.09359412,""num_orders"":3},{""price"":66532.79,""size"":0.04529822,""num_orders"":1},{""price"":66534.0,""size"":0.0062,""num_orders"":1},{""price"":66536.0,""size"":0.0062,""num_orders"":1},{""price"":66536.78,""size"":9.393e-05,""num_orders"":1},{""price"":66536.9,""size"":0.12023404,""num_orders"":1},{""price"":66537.78,""size"":0.00751453,""num_orders"":1},{""price"":66538.0,""size"":0.0062,""num_orders"":1},{""price"":66538.12,""size"":0.04529822,""num_orders"":1},{""price"":66540.24,""size"":0.087722,""num_orders"":1}]"
btc_usd_d10_20260721T122558Z,13,2026-07-21T12:38:58.046308Z,2026-07-21T12:38:58.046406Z,BTC-USD,10,ok,,133005528022,2026-07-21T12:38:57.047582674Z,0.22890006,0.7553738,-0.534885423047,66543.75,66543.759999999995,66543.755000000005,0.009999999995,0.00150277062,"[{""price"":66543.75,""size"":0.0354441,""num_orders"":6},{""price"":66542.41,""size"":0.015028,""num_orders"":2},{""price"":66542.08,""size"":0.00525969,""num_orders"":1},{""price"":66542.0,""size"":0.02539332,""num_orders"":1},{""price"":66540.0,""size"":0.0153,""num_orders"":2},{""price"":66539.84,""size"":0.00657462,""num_orders"":1},{""price"":66539.6,""size"":0.12022914,""num_orders"":1},{""price"":66539.2,""size"":1.7e-05,""num_orders"":1},{""price"":66538.0,""size"":0.0053,""num_orders"":1},{""price"":66537.58,""size"":0.00035419,""num_orders"":1}]","[{""price"":66543.76,""size"":0.05496872,""num_orders"":6},{""price"":66545.1,""size"":0.0150274,""num_orders"":2},{""price"":66545.43,""size"":0.00525969,""num_orders"":1},{""price"":66546.22,""size"":0.30294176,""num_orders"":1},{""price"":66546.23,""size"":0.12021718,""num_orders"":1},{""price"":66546.85,""size"":0.09016998,""num_orders"":1},{""price"":66547.66,""size"":0.02,""num_orders"":1},{""price"":66547.67,""size"":0.00657462,""num_orders"":1},{""price"":66547.73,""size"":0.02,""num_orders"":1},{""price"":66547.74,""size"":0.12021445,""num_orders"":1}]"
btc_usd_d10_20260721T122558Z,14,2026-07-21T12:39:58.046308Z,2026-07-21T12:39:58.046416Z,BTC-USD,10,ok,,133005587452,2026-07-21T12:39:56.845237096Z,0.47200377,0.23508185,0.335068219885,66586.869999999995,66586.880000000005,66586.875,0.010000000009,0.001501797465,"[{""price"":66586.87,""size"":0.04289343,""num_orders"":3},{""price"":66585.53,""size"":0.01501828,""num_orders"":2},{""price"":66584.0,""size"":0.0043,""num_orders"":1},{""price"":66583.32,""size"":0.1201502,""num_orders"":1},{""price"":66582.24,""size"":0.01501882,""num_orders"":1},{""price"":66582.01,""size"":0.02,""num_orders"":1},{""price"":66582.0,""size"":0.0043,""num_orders"":1},{""price"":66581.75,""size"":0.02,""num_orders"":1},{""price"":66581.74,""size"":0.11016998,""num_orders"":2},{""price"":66581.73,""size"":0.12015306,""num_orders"":1}]","[{""price"":66586.88,""size"":0.00807922,""num_orders"":3},{""price"":66588.21,""size"":0.02,""num_orders"":1},{""price"":66588.22,""size"":0.01501768,""num_orders"":2},{""price"":66588.26,""size"":0.02,""num_orders"":1},{""price"":66588.27,""size"":0.12014129,""num_orders"":1},{""price"":66588.54,""size"":0.00525629,""num_orders"":1},{""price"":66589.24,""size"":0.02,""num_orders"":1},{""price"":66589.25,""size"":1.7e-05,""num_orders"":1},{""price"":66590.77,""size"":0.02,""num_orders"":1},{""price"":66590.78,""size"":0.00657037,""num_orders"":1}]"
btc_usd_d10_20260721T122558Z,15,2026-07-21T12:40:58.046308Z,2026-07-21T12:40:58.046402Z,BTC-USD,10,ok,,133005621052,2026-07-21T12:40:56.046686206Z,0.36223239,0.4247982,-0.079496033312,66587.630000000005,66587.639999999999,66587.635000000009,0.009999999995,0.001501780322,"[{""price"":66587.63,""size"":0.00131938,""num_orders"":1},{""price"":66587.06,""size"":0.09016998,""num_orders"":1},{""price"":66587.03,""size"":0.00525614,""num_orders"":1},{""price"":66586.0,""size"":0.0043,""num_orders"":1},{""price"":66585.24,""size"":0.12014673,""num_orders"":1},{""price"":66584.78,""size"":0.00657018,""num_orders"":1},{""price"":66584.01,""size"":0.02,""num_orders"":1},{""price"":66584.0,""size"":0.0043,""num_orders"":1},{""price"":66583.46,""size"":0.02,""num_orders"":1},{""price"":66583.45,""size"":0.09016998,""num_orders"":1}]","[{""price"":66587.64,""size"":0.0420922,""num_orders"":2},{""price"":66588.71,""size"":0.00525614,""num_orders"":1},{""price"":66590.2,""size"":0.1201378,""num_orders"":1},{""price"":66590.38,""size"":0.00525614,""num_orders"":1},{""price"":66591.1,""size"":0.09016998,""num_orders"":1},{""price"":66591.11,""size"":0.12013615,""num_orders"":1},{""price"":66592.03,""size"":0.02,""num_orders"":1},{""price"":66592.04,""size"":0.00016074,""num_orders"":3},{""price"":66592.63,""size"":0.00657018,""num_orders"":1},{""price"":66592.85,""size"":0.01501887,""num_orders"":1}]"
btc_usd_d10_20260721T122558Z,16,2026-07-21T12:41:58.046308Z,2026-07-21T12:41:58.046405Z,BTC-USD,10,ok,,133005659328,2026-07-21T12:41:56.625046869Z,0.25531269,0.71298154,-0.472654732229,66558.630000000005,66558.639999999999,66558.635000000009,0.009999999995,0.001502434657,"[{""price"":66558.63,""size"":0.04584502,""num_orders"":3},{""price"":66557.29,""size"":0.01502466,""num_orders"":2},{""price"":66556.96,""size"":0.00525852,""num_orders"":1},{""price"":66556.41,""size"":0.00551766,""num_orders"":1},{""price"":66554.72,""size"":0.00657315,""num_orders"":1},{""price"":66554.0,""size"":0.0066,""num_orders"":1},{""price"":66553.64,""size"":0.01502548,""num_orders"":2},{""price"":66552.98,""size"":0.09016998,""num_orders"":1},{""price"":66552.26,""size"":0.02,""num_orders"":1},{""price"":66552.25,""size"":0.04529822,""num_orders"":1}]","[{""price"":66558.64,""size"":0.1383949,""num_orders"":7},{""price"":66559.0,""size"":0.02,""num_orders"":1},{""price"":66559.01,""size"":0.04254661,""num_orders"":2},{""price"":66559.02,""size"":0.22085313,""num_orders"":2},{""price"":66559.03,""size"":0.12019406,""num_orders"":1},{""price"":66559.98,""size"":0.01502404,""num_orders"":2},{""price"":66560.61,""size"":0.01502645,""num_orders"":1},{""price"":66560.63,""size"":0.12019117,""num_orders"":1},{""price"":66561.51,""size"":0.02,""num_orders"":1},{""price"":66561.52,""size"":0.00075118,""num_orders"":1}]"
btc_usd_d10_20260721T122558Z,17,2026-07-21T12:42:58.046308Z,2026-07-21T12:42:58.046404Z,BTC-USD,10,ok,,133005684842,2026-07-21T12:42:57.028189406Z,0.21316324,2.00462125,-0.807769203039,66548.690000000002,66548.699999999997,66548.695000000007,0.009999999995,0.001502659067,"[{""price"":66548.69,""size"":0.04005133,""num_orders"":4},{""price"":66548.3,""size"":0.09912371,""num_orders"":3},{""price"":66547.35,""size"":0.0150269,""num_orders"":2},{""price"":66547.03,""size"":0.00525925,""num_orders"":1},{""price"":66546.38,""size"":0.001511,""num_orders"":1},{""price"":66546.37,""size"":0.02899999,""num_orders"":1},{""price"":66545.0,""size"":0.01,""num_orders"":1},{""price"":66544.79,""size"":0.00657406,""num_orders"":1},{""price"":66544.0,""size"":0.0066,""num_orders"":1},{""price"":66543.75,""size"":1.7e-05,""num_orders"":1}]","[{""price"":66548.7,""size"":1.0998601,""num_orders"":11},{""price"":66550.0,""size"":0.0084,""num_orders"":1},{""price"":66550.04,""size"":0.01502628,""num_orders"":2},{""price"":66550.37,""size"":0.0052593,""num_orders"":1},{""price"":66550.4,""size"":0.37756278,""num_orders"":1},{""price"":66551.51,""size"":0.25,""num_orders"":1},{""price"":66552.34,""size"":0.15025768,""num_orders"":1},{""price"":66552.61,""size"":0.00657413,""num_orders"":1},{""price"":66552.9,""size"":0.001511,""num_orders"":1},{""price"":66553.11,""size"":0.09016998,""num_orders"":1}]"
btc_usd_d10_20260721T122558Z,18,2026-07-21T12:43:58.046308Z,2026-07-21T12:43:58.046404Z,BTC-USD,10,ok,,133005746926,2026-07-21T12:43:57.045442882Z,0.51424555,0.62596099,-0.097978248748,66468,66469.179999999993,66468.589999999997,1.179999999993,0.177527460714,"[{""price"":66468.0,""size"":0.04818728,""num_orders"":2},{""price"":66466.4,""size"":1.7e-05,""num_orders"":1},{""price"":66466.0,""size"":0.0084,""num_orders"":1},{""price"":66465.46,""size"":0.0075227,""num_orders"":1},{""price"":66465.0,""size"":0.01,""num_orders"":1},{""price"":66464.88,""size"":0.001511,""num_orders"":1},{""price"":66464.34,""size"":0.12036528,""num_orders"":1},{""price"":66464.0,""size"":0.0084,""num_orders"":1},{""price"":66463.8,""size"":0.00752289,""num_orders"":1},{""price"":66463.25,""size"":0.3023194,""num_orders"":1}]","[{""price"":66469.18,""size"":0.0299,""num_orders"":1},{""price"":66471.38,""size"":0.15828679,""num_orders"":1},{""price"":66471.39,""size"":0.09016998,""num_orders"":1},{""price"":66471.6,""size"":0.00131824,""num_orders"":1},{""price"":66471.99,""size"":0.04529822,""num_orders"":1},{""price"":66472.0,""size"":0.008,""num_orders"":1},{""price"":66472.48,""size"":0.12035057,""num_orders"":1},{""price"":66473.88,""size"":0.02257138,""num_orders"":1},{""price"":66473.89,""size"":0.14206581,""num_orders"":2},{""price"":66474.0,""size"":0.008,""num_orders"":1}]"
btc_usd_d10_20260721T122558Z,19,2026-07-21T12:44:58.046308Z,2026-07-21T12:44:58.046401Z,BTC-USD,10,ok,,133005787910,2026-07-21T12:44:55.081798349Z,0.41637007,0.3575858,0.075952999749,66474.889999999999,66474.899999999994,66474.89499999999,0.009999999995,0.00150432731,"[{""price"":66474.89,""size"":0.06973022,""num_orders"":5},{""price"":66474.0,""size"":0.0065,""num_orders"":1},{""price"":66473.99,""size"":0.1203478,""num_orders"":1},{""price"":66473.56,""size"":0.01504358,""num_orders"":2},{""price"":66472.67,""size"":0.02,""num_orders"":1},{""price"":66472.66,""size"":0.04807849,""num_orders"":2},{""price"":66472.01,""size"":0.02,""num_orders"":1},{""price"":66472.0,""size"":0.0065,""num_orders"":1},{""price"":66471.95,""size"":0.02,""num_orders"":1},{""price"":66471.94,""size"":0.09016998,""num_orders"":1}]","[{""price"":66474.9,""size"":0.0210173,""num_orders"":3},{""price"":66476.23,""size"":0.01504298,""num_orders"":2},{""price"":66476.56,""size"":0.00526514,""num_orders"":1},{""price"":66476.79,""size"":0.12779561,""num_orders"":1},{""price"":66478.0,""size"":0.0065,""num_orders"":1},{""price"":66478.56,""size"":0.02,""num_orders"":1},{""price"":66478.57,""size"":0.12033953,""num_orders"":1},{""price"":66478.81,""size"":0.00658143,""num_orders"":1},{""price"":66478.93,""size"":0.01504381,""num_orders"":1},{""price"":66479.99,""size"":0.02,""num_orders"":1}]"
btc_usd_d10_20260721T122558Z,20,2026-07-21T12:45:58.046308Z,2026-07-21T12:45:58.046411Z,BTC-USD,10,ok,,133005831383,2026-07-21T12:45:58.043003979Z,0.51074128,1.57017544,-0.509118961762,66470.949999999997,66470.960000000006,66470.955000000002,0.010000000009,0.001504416479,"[{""price"":66470.95,""size"":0.01053965,""num_orders"":2},{""price"":66470.84,""size"":0.02343446,""num_orders"":1},{""price"":66469.62,""size"":0.01504446,""num_orders"":2},{""price"":66468.37,""size"":0.20499445,""num_orders"":1},{""price"":66468.14,""size"":0.001511,""num_orders"":1},{""price"":66466.96,""size"":0.18498926,""num_orders"":1},{""price"":66466.4,""size"":1.7e-05,""num_orders"":1},{""price"":66466.0,""size"":0.0087,""num_orders"":1},{""price"":66465.0,""size"":0.06,""num_orders"":2},{""price"":66464.88,""size"":0.001511,""num_orders"":1}]","[{""price"":66470.96,""size"":0.96096007,""num_orders"":8},{""price"":66471.33,""size"":0.18159965,""num_orders"":1},{""price"":66471.41,""size"":0.12035249,""num_orders"":1},{""price"":66471.45,""size"":0.06,""num_orders"":2},{""price"":66472.0,""size"":0.0087,""num_orders"":1},{""price"":66472.29,""size"":0.01504386,""num_orders"":2},{""price"":66472.62,""size"":0.00526545,""num_orders"":1},{""price"":66472.67,""size"":0.11274136,""num_orders"":2},{""price"":66474.87,""size"":0.00658182,""num_orders"":1},{""price"":66475.48,""size"":0.09893074,""num_orders"":1}]"
btc_usd_d10_20260721T122558Z,21,2026-07-21T12:46:58.046308Z,2026-07-21T12:46:58.046405Z,BTC-USD,10,ok,,133005865519,2026-07-21T12:46:56.534614896Z,0.35512805,0.45185489,-0.119862310844,66474.869999999995,66474.880000000005,66474.875,0.010000000009,0.001504327764,"[{""price"":66474.87,""size"":0.04069918,""num_orders"":3},{""price"":66474.33,""size"":0.00075216,""num_orders"":1},{""price"":66474.0,""size"":0.0078,""num_orders"":1},{""price"":66473.54,""size"":0.01504358,""num_orders"":2},{""price"":66473.33,""size"":0.02,""num_orders"":1},{""price"":66473.32,""size"":0.12034903,""num_orders"":1},{""price"":66473.2,""size"":0.00526514,""num_orders"":1},{""price"":66473.08,""size"":0.11701896,""num_orders"":1},{""price"":66472.0,""size"":0.0082,""num_orders"":1},{""price"":66471.75,""size"":0.02,""num_orders"":1}]","[{""price"":66474.88,""size"":0.02450368,""num_orders"":5},{""price"":66476.21,""size"":0.01504298,""num_orders"":2},{""price"":66476.54,""size"":0.00526514,""num_orders"":1},{""price"":66476.65,""size"":2.933e-05,""num_orders"":1},{""price"":66477.69,""size"":0.02,""num_orders"":1},{""price"":66477.7,""size"":0.15499277,""num_orders"":1},{""price"":66477.92,""size"":0.001511,""num_orders"":1},{""price"":66478.28,""size"":0.02,""num_orders"":1},{""price"":66478.29,""size"":0.09016998,""num_orders"":1},{""price"":66478.31,""size"":0.12034001,""num_orders"":1}]"
btc_usd_d10_20260721T122558Z,22,2026-07-21T12:47:58.046308Z,2026-07-21T12:47:58.046410Z,BTC-USD,10,ok,,133005907356,2026-07-21T12:47:54.546853712Z,0.35572068,0.53731904,-0.203348581181,66471.289999999994,66471.300000000003,66471.294999999998,0.010000000009,0.001504408784,"[{""price"":66471.29,""size"":0.0339452,""num_orders"":4},{""price"":66470.0,""size"":0.04312705,""num_orders"":3},{""price"":66469.96,""size"":0.01504438,""num_orders"":2},{""price"":66469.63,""size"":0.00526543,""num_orders"":1},{""price"":66468.56,""size"":0.12035764,""num_orders"":1},{""price"":66468.14,""size"":0.001511,""num_orders"":1},{""price"":66468.0,""size"":0.0063,""num_orders"":1},{""price"":66467.94,""size"":0.02,""num_orders"":1},{""price"":66467.93,""size"":0.09016998,""num_orders"":1},{""price"":66467.39,""size"":0.02,""num_orders"":1}]","[{""price"":66471.3,""size"":0.01869577,""num_orders"":2},{""price"":66472.62,""size"":0.01796273,""num_orders"":1},{""price"":66472.63,""size"":0.01504378,""num_orders"":2},{""price"":66472.96,""size"":0.00526543,""num_orders"":1},{""price"":66473.28,""size"":0.01504454,""num_orders"":1},{""price"":66473.53,""size"":0.12034866,""num_orders"":1},{""price"":66473.98,""size"":0.24190637,""num_orders"":1},{""price"":66473.99,""size"":0.09016998,""num_orders"":1},{""price"":66474.0,""size"":0.0063,""num_orders"":1},{""price"":66475.21,""size"":0.00658178,""num_orders"":1}]"
btc_usd_d10_20260721T122558Z,23,2026-07-21T12:48:58.046308Z,2026-07-21T12:48:58.046411Z,BTC-USD,10,ok,,133005949303,2026-07-21T12:48:54.648363113Z,0.64320703,0.03376022,0.90026040403,66483.399999999994,66483.410000000003,66483.404999999999,0.010000000009,0.001504134755,"[{""price"":66483.4,""size"":0.10630292,""num_orders"":5},{""price"":66482.4,""size"":0.00035046,""num_orders"":1},{""price"":66481.4,""size"":0.04529822,""num_orders"":1},{""price"":66481.38,""size"":0.12033443,""num_orders"":1},{""price"":66480.84,""size"":0.01504276,""num_orders"":1},{""price"":66480.07,""size"":0.20929618,""num_orders"":1},{""price"":66480.06,""size"":0.09016998,""num_orders"":1},{""price"":66480.05,""size"":0.01486397,""num_orders"":1},{""price"":66480.04,""size"":0.03494811,""num_orders"":1},{""price"":66480.0,""size"":0.0066,""num_orders"":1}]","[{""price"":66483.41,""size"":5.82e-05,""num_orders"":1},{""price"":66484.04,""size"":9.401e-05,""num_orders"":1},{""price"":66484.6,""size"":1.7e-05,""num_orders"":1},{""price"":66485.04,""size"":0.015417,""num_orders"":2},{""price"":66485.37,""size"":9.401e-05,""num_orders"":1},{""price"":66486.7,""size"":0.01541662,""num_orders"":2},{""price"":66487.7,""size"":0.001511,""num_orders"":1},{""price"":66489.15,""size"":1.7e-05,""num_orders"":1},{""price"":66489.78,""size"":0.00038328,""num_orders"":1},{""price"":66490.07,""size"":0.0007521,""num_orders"":1}]"
btc_usd_d10_20260721T122558Z,24,2026-07-21T12:49:58.046308Z,2026-07-21T12:49:58.046404Z,BTC-USD,10,ok,,133005990023,2026-07-21T12:49:56.604314570Z,0.32662004,0.62564619,-0.31401528331,66507.110000000001,66507.119999999995,66507.114999999991,0.009999999995,0.001503598524,"[{""price"":66507.11,""size"":0.04497932,""num_orders"":3},{""price"":66507.06,""size"":0.00075179,""num_orders"":1},{""price"":66506.11,""size"":0.00017517,""num_orders"":1},{""price"":66506.04,""size"":0.09016998,""num_orders"":1},{""price"":66506.03,""size"":0.04529822,""num_orders"":1},{""price"":66506.02,""size"":0.03631299,""num_orders"":1},{""price"":66506.0,""size"":0.0066,""num_orders"":1},{""price"":66505.44,""size"":0.00526259,""num_orders"":1},{""price"":66504.0,""size"":0.0069,""num_orders"":1},{""price"":66503.79,""size"":0.09016998,""num_orders"":1}]","[{""price"":66507.12,""size"":0.00017992,""num_orders"":4},{""price"":66507.25,""size"":0.09163212,""num_orders"":1},{""price"":66507.26,""size"":0.12028763,""num_orders"":1},{""price"":66510.0,""size"":0.0066,""num_orders"":1},{""price"":66510.89,""size"":0.09016998,""num_orders"":1},{""price"":66510.9,""size"":0.12980158,""num_orders"":1},{""price"":66510.93,""size"":0.12028099,""num_orders"":1},{""price"":66511.11,""size"":9.397e-05,""num_orders"":1},{""price"":66511.74,""size"":0.06,""num_orders"":2},{""price"":66512.0,""size"":0.0066,""num_orders"":1}]"
btc_usd_d10_20260721T122558Z,25,2026-07-21T12:50:58.046308Z,2026-07-21T12:50:58.046409Z,BTC-USD,10,ok,,133006026516,2026-07-21T12:50:55.545267777Z,0.31880005,0.30482261,0.022413297169,66511.830000000002,66511.899999999994,66511.864999999991,0.069999999992,0.010524438007,"[{""price"":66511.83,""size"":0.02656144,""num_orders"":1},{""price"":66511.81,""size"":0.04529811,""num_orders"":1},{""price"":66510.64,""size"":0.01503616,""num_orders"":1},{""price"":66510.55,""size"":0.0150352,""num_orders"":2},{""price"":66510.15,""size"":0.00526221,""num_orders"":1},{""price"":66507.91,""size"":0.00657777,""num_orders"":1},{""price"":66505.91,""size"":0.12029004,""num_orders"":1},{""price"":66504.72,""size"":0.04529822,""num_orders"":1},{""price"":66504.69,""size"":0.03754966,""num_orders"":1},{""price"":66504.55,""size"":0.00189124,""num_orders"":1}]","[{""price"":66511.9,""size"":1.7e-05,""num_orders"":1},{""price"":66512.34,""size"":0.0075174,""num_orders"":1},{""price"":66513.65,""size"":0.0150345,""num_orders"":2},{""price"":66514.0,""size"":0.0069,""num_orders"":1},{""price"":66514.87,""size"":0.12027387,""num_orders"":1},{""price"":66516.0,""size"":0.0069,""num_orders"":1},{""price"":66516.45,""size"":1.7e-05,""num_orders"":1},{""price"":66516.89,""size"":0.00789273,""num_orders"":1},{""price"":66516.93,""size"":0.02,""num_orders"":1},{""price"":66516.95,""size"":0.12027011,""num_orders"":1}]"
btc_usd_d10_20260721T122558Z,26,2026-07-21T12:51:58.046308Z,2026-07-21T12:51:58.046411Z,BTC-USD,10,ok,,133006076955,2026-07-21T12:51:55.486598949Z,0.09351048,1.34666527,-0.870140182544,66471.690000000002,66471.699999999997,66471.695000000007,0.009999999995,0.001504399729,"[{""price"":66471.69,""size"":0.01682385,""num_orders"":3},{""price"":66471.36,""size"":0.01849571,""num_orders"":1},{""price"":66470.95,""size"":1.7e-05,""num_orders"":1},{""price"":66470.36,""size"":0.0150443,""num_orders"":2},{""price"":66468.14,""size"":0.001511,""num_orders"":1},{""price"":66466.7,""size"":0.01504512,""num_orders"":2},{""price"":66466.4,""size"":1.7e-05,""num_orders"":1},{""price"":66465.04,""size"":0.0150455,""num_orders"":2},{""price"":66465.0,""size"":0.01,""num_orders"":1},{""price"":66464.88,""size"":0.001511,""num_orders"":1}]","[{""price"":66471.7,""size"":1.04063025,""num_orders"":12},{""price"":66471.75,""size"":0.00203164,""num_orders"":1},{""price"":66472.0,""size"":0.0059,""num_orders"":1},{""price"":66473.02,""size"":0.08397308,""num_orders"":1},{""price"":66473.03,""size"":0.0150437,""num_orders"":2},{""price"":66473.15,""size"":0.12034934,""num_orders"":1},{""price"":66473.36,""size"":0.00526539,""num_orders"":1},{""price"":66474.0,""size"":0.0056,""num_orders"":1},{""price"":66474.66,""size"":0.04529822,""num_orders"":1},{""price"":66474.67,""size"":0.02257365,""num_orders"":1}]"
btc_usd_d10_20260721T122558Z,27,2026-07-21T12:52:58.046308Z,2026-07-21T12:52:58.046407Z,BTC-USD,10,ok,,133006111847,2026-07-21T12:52:57.042818255Z,0.34143027,0.52063234,-0.207875933745,66457.300000000003,66457.309999999998,66457.304999999993,0.009999999995,0.001504725477,"[{""price"":66457.3,""size"":0.03635629,""num_orders"":5},{""price"":66455.07,""size"":3e-05,""num_orders"":1},{""price"":66454.0,""size"":0.0065,""num_orders"":1},{""price"":66452.75,""size"":1.7e-05,""num_orders"":1},{""price"":66452.12,""size"":0.12038741,""num_orders"":1},{""price"":66452.0,""size"":0.0065,""num_orders"":1},{""price"":66451.0,""size"":4.487e-05,""num_orders"":1},{""price"":66450.91,""size"":0.06414655,""num_orders"":1},{""price"":66450.9,""size"":0.09016998,""num_orders"":1},{""price"":66450.0,""size"":0.01727817,""num_orders"":2}]","[{""price"":66457.31,""size"":0.08051258,""num_orders"":7},{""price"":66457.36,""size"":0.15660166,""num_orders"":1},{""price"":66457.37,""size"":0.09016998,""num_orders"":1},{""price"":66457.42,""size"":0.12037783,""num_orders"":1},{""price"":66458.0,""size"":0.0065,""num_orders"":1},{""price"":66458.96,""size"":0.02,""num_orders"":1},{""price"":66458.97,""size"":0.00526653,""num_orders"":1},{""price"":66459.76,""size"":0.02,""num_orders"":1},{""price"":66459.77,""size"":0.00120376,""num_orders"":1},{""price"":66459.87,""size"":0.02,""num_orders"":1}]"
btc_usd_d10_20260721T122558Z,28,2026-07-21T12:53:58.046308Z,2026-07-21T12:53:58.046405Z,BTC-USD,10,ok,,133006137252,2026-07-21T12:53:55.541678689Z,0.27282115,0.46232636,-0.257778483124,66455.529999999999,66455.539999999994,66455.535000000003,0.009999999995,0.001504765554,"[{""price"":66455.53,""size"":0.02298352,""num_orders"":5},{""price"":66454.2,""size"":0.01504796,""num_orders"":2},{""price"":66454.0,""size"":0.0064,""num_orders"":1},{""price"":66453.87,""size"":0.00526667,""num_orders"":1},{""price"":66452.15,""size"":0.02421697,""num_orders"":1},{""price"":66452.1,""size"":0.04529822,""num_orders"":1},{""price"":66452.0,""size"":0.0065,""num_orders"":1},{""price"":66451.62,""size"":0.00658334,""num_orders"":1},{""price"":66451.0,""size"":0.02013443,""num_orders"":2},{""price"":66450.67,""size"":0.12039004,""num_orders"":1}]","[{""price"":66455.54,""size"":0.03549634,""num_orders"":4},{""price"":66456.79,""size"":0.1861459,""num_orders"":2},{""price"":66456.8,""size"":0.00115789,""num_orders"":1},{""price"":66456.86,""size"":0.12037884,""num_orders"":1},{""price"":66456.87,""size"":0.01504736,""num_orders"":2},{""price"":66456.99,""size"":0.00075238,""num_orders"":1},{""price"":66457.2,""size"":0.00526667,""num_orders"":1},{""price"":66458.0,""size"":0.0064,""num_orders"":1},{""price"":66458.36,""size"":0.001511,""num_orders"":1},{""price"":66458.92,""size"":0.09016998,""num_orders"":1}]"
btc_usd_d10_20260721T122558Z,29,2026-07-21T12:54:58.046308Z,2026-07-21T12:54:58.046403Z,BTC-USD,10,ok,,133006173401,2026-07-21T12:54:56.172187180Z,1.52234692,0.68578784,0.378853272524,66468.679999999993,66468.690000000002,66468.684999999998,0.010000000009,0.001504467857,"[{""price"":66468.68,""size"":1.04843587,""num_orders"":4},{""price"":66467.34,""size"":0.01504498,""num_orders"":2},{""price"":66467.01,""size"":0.00526563,""num_orders"":1},{""price"":66466.4,""size"":0.0277228,""num_orders"":2},{""price"":66466.01,""size"":0.01860679,""num_orders"":2},{""price"":66466.0,""size"":0.0061,""num_orders"":1},{""price"":66464.88,""size"":0.001511,""num_orders"":1},{""price"":66464.76,""size"":0.00658204,""num_orders"":1},{""price"":66464.53,""size"":0.27271285,""num_orders"":1},{""price"":66464.52,""size"":0.12036496,""num_orders"":1}]","[{""price"":66468.69,""size"":0.14407918,""num_orders"":5},{""price"":66469.4,""size"":0.22184817,""num_orders"":2},{""price"":66470.0,""size"":0.0061,""num_orders"":1},{""price"":66470.02,""size"":0.01504438,""num_orders"":2},{""price"":66470.15,""size"":0.12035478,""num_orders"":1},{""price"":66470.35,""size"":0.00526563,""num_orders"":1},{""price"":66471.4,""size"":0.001511,""num_orders"":1},{""price"":66471.77,""size"":0.01504678,""num_orders"":1},{""price"":66472.0,""size"":0.0061,""num_orders"":1},{""price"":66472.61,""size"":0.15043792,""num_orders"":1}]"
btc_usd_d10_20260721T122558Z,30,2026-07-21T12:55:58.046308Z,2026-07-21T12:55:58.046404Z,BTC-USD,10,ok,,133006202317,2026-07-21T12:55:55.594575984Z,0.66969629,0.45482451,0.191078528739,66463.960000000006,66463.970000000001,66463.964999999997,0.009999999995,0.001504574696,"[{""price"":66463.96,""size"":0.0548778,""num_orders"":3},{""price"":66463.27,""size"":0.23386051,""num_orders"":1},{""price"":66463.26,""size"":0.12036723,""num_orders"":1},{""price"":66462.63,""size"":0.01504604,""num_orders"":2},{""price"":66462.3,""size"":0.00526601,""num_orders"":1},{""price"":66462.2,""size"":0.12036915,""num_orders"":1},{""price"":66462.12,""size"":0.01575706,""num_orders"":2},{""price"":66462.0,""size"":0.0074,""num_orders"":1},{""price"":66460.67,""size"":0.09016998,""num_orders"":1},{""price"":66460.05,""size"":0.00658251,""num_orders"":1}]","[{""price"":66463.97,""size"":0.03091574,""num_orders"":3},{""price"":66465.32,""size"":0.01504544,""num_orders"":2},{""price"":66465.65,""size"":0.00526602,""num_orders"":1},{""price"":66467.89,""size"":0.02,""num_orders"":1},{""price"":66467.9,""size"":0.00658253,""num_orders"":1},{""price"":66467.92,""size"":0.02,""num_orders"":1},{""price"":66467.93,""size"":0.13908602,""num_orders"":1},{""price"":66467.94,""size"":0.12035878,""num_orders"":1},{""price"":66468.0,""size"":0.0074,""num_orders"":1},{""price"":66468.61,""size"":0.09016998,""num_orders"":1}]"
btc_usd_d10_20260721T122558Z,31,2026-07-21T12:56:58.046308Z,2026-07-21T12:56:58.046405Z,BTC-USD,10,ok,,133006239647,2026-07-21T12:56:56.039517831Z,1.33798444,0.27444481,0.659588400545,66480.039999999994,66480.050000000003,66480.044999999998,0.010000000009,0.001504210776,"[{""price"":66480.04,""size"":0.86840398,""num_orders"":9},{""price"":66480.0,""size"":0.0074,""num_orders"":1},{""price"":66478.37,""size"":0.00526473,""num_orders"":1},{""price"":66478.02,""size"":0.04963283,""num_orders"":2},{""price"":66477.94,""size"":0.08013992,""num_orders"":1},{""price"":66477.91,""size"":0.12060351,""num_orders"":2},{""price"":66477.18,""size"":0.01504234,""num_orders"":1},{""price"":66476.13,""size"":0.00658092,""num_orders"":1},{""price"":66476.08,""size"":0.14748115,""num_orders"":1},{""price"":66476.07,""size"":0.03743506,""num_orders"":1}]","[{""price"":66480.05,""size"":0.00262575,""num_orders"":5},{""price"":66481.18,""size"":0.001511,""num_orders"":1},{""price"":66484.0,""size"":0.0074,""num_orders"":1},{""price"":66484.44,""size"":0.001511,""num_orders"":1},{""price"":66484.56,""size"":0.04,""num_orders"":2},{""price"":66484.57,""size"":0.12321956,""num_orders"":1},{""price"":66484.58,""size"":0.09016998,""num_orders"":1},{""price"":66484.6,""size"":1.7e-05,""num_orders"":1},{""price"":66485.04,""size"":0.00789651,""num_orders"":1},{""price"":66485.37,""size"":9.401e-05,""num_orders"":1}]"
btc_usd_d10_20260721T122558Z,32,2026-07-21T12:57:58.046308Z,2026-07-21T12:57:58.046403Z,BTC-USD,10,ok,,133006276165,2026-07-21T12:57:57.533525074Z,0.17171424,0.23422504,-0.153990517991,66517.770000000004,66517.779999999999,66517.774999999994,0.009999999995,0.00150335756,"[{""price"":66517.77,""size"":0.08182054,""num_orders"":6},{""price"":66516.45,""size"":0.03444923,""num_orders"":6},{""price"":66516.43,""size"":0.01503388,""num_orders"":2},{""price"":66515.82,""size"":0.00526176,""num_orders"":1},{""price"":66515.07,""size"":0.00035185,""num_orders"":1},{""price"":66514.0,""size"":0.0066,""num_orders"":1},{""price"":66513.78,""size"":0.001511,""num_orders"":1},{""price"":66513.58,""size"":0.0065772,""num_orders"":1},{""price"":66513.36,""size"":0.00010878,""num_orders"":1},{""price"":66512.58,""size"":0.02,""num_orders"":1}]","[{""price"":66517.78,""size"":0.00526176,""num_orders"":1},{""price"":66518.0,""size"":0.0066,""num_orders"":1},{""price"":66518.42,""size"":0.02,""num_orders"":1},{""price"":66518.43,""size"":0.09016998,""num_orders"":1},{""price"":66518.45,""size"":0.04529822,""num_orders"":1},{""price"":66519.12,""size"":0.01503328,""num_orders"":2},{""price"":66519.46,""size"":0.0052618,""num_orders"":1},{""price"":66519.99,""size"":0.02,""num_orders"":1},{""price"":66520.0,""size"":0.0066,""num_orders"":1},{""price"":66520.29,""size"":0.02,""num_orders"":1}]"
btc_usd_d10_20260721T122558Z,33,2026-07-21T12:58:58.046308Z,2026-07-21T12:58:58.046399Z,BTC-USD,10,ok,,133006293133,2026-07-21T12:58:56.329535172Z,0.19841226,0.23997041,-0.094798797589,66505.570000000007,66505.580000000002,66505.575000000012,0.009999999995,0.001503633341,"[{""price"":66505.57,""size"":0.08636533,""num_orders"":6},{""price"":66504.0,""size"":0.006411,""num_orders"":2},{""price"":66502.92,""size"":0.03315766,""num_orders"":2},{""price"":66502.8,""size"":1.7e-05,""num_orders"":1},{""price"":66502.0,""size"":0.0049,""num_orders"":1},{""price"":66501.89,""size"":5.222e-05,""num_orders"":1},{""price"":66501.28,""size"":0.02599805,""num_orders"":1},{""price"":66500.75,""size"":0.02,""num_orders"":1},{""price"":66500.74,""size"":0.001511,""num_orders"":1},{""price"":66500.59,""size"":0.02,""num_orders"":1}]","[{""price"":66505.58,""size"":0.02292072,""num_orders"":5},{""price"":66507.24,""size"":0.02,""num_orders"":1},{""price"":66507.25,""size"":0.00526271,""num_orders"":1},{""price"":66509.46,""size"":0.02,""num_orders"":1},{""price"":66509.47,""size"":0.09016998,""num_orders"":1},{""price"":66509.48,""size"":0.02,""num_orders"":1},{""price"":66509.49,""size"":0.00657839,""num_orders"":1},{""price"":66509.69,""size"":0.02,""num_orders"":1},{""price"":66509.7,""size"":0.01503861,""num_orders"":1},{""price"":66510.44,""size"":0.02,""num_orders"":1}]"
btc_usd_d10_20260721T122558Z,34,2026-07-21T12:59:58.046308Z,2026-07-21T12:59:58.046403Z,BTC-USD,10,ok,,133006322304,2026-07-21T12:59:57.031230646Z,0.1101386,0.18080658,-0.242891049097,66513.839999999997,66513.850000000006,66513.845000000001,0.010000000009,0.001503446389,"[{""price"":66513.84,""size"":0.03925907,""num_orders"":4},{""price"":66512.5,""size"":0.01503476,""num_orders"":2},{""price"":66512.17,""size"":0.00526206,""num_orders"":1},{""price"":66512.11,""size"":0.01138432,""num_orders"":2},{""price"":66512.0,""size"":0.01485446,""num_orders"":1},{""price"":66510.52,""size"":0.001511,""num_orders"":1},{""price"":66510.0,""size"":0.004,""num_orders"":1},{""price"":66509.93,""size"":0.00657757,""num_orders"":1},{""price"":66508.99,""size"":0.00473756,""num_orders"":1},{""price"":66508.85,""size"":0.0075178,""num_orders"":1}]","[{""price"":66513.85,""size"":0.03340564,""num_orders"":4},{""price"":66513.86,""size"":0.00580937,""num_orders"":1},{""price"":66514.0,""size"":0.004,""num_orders"":1},{""price"":66514.5,""size"":0.01503677,""num_orders"":1},{""price"":66515.19,""size"":0.01503416,""num_orders"":2},{""price"":66515.52,""size"":0.00526207,""num_orders"":1},{""price"":66516.0,""size"":0.004,""num_orders"":1},{""price"":66516.77,""size"":0.09016998,""num_orders"":1},{""price"":66517.04,""size"":0.001511,""num_orders"":1},{""price"":66517.76,""size"":0.00657759,""num_orders"":1}]"
btc_usd_d10_20260721T122558Z,35,2026-07-21T13:00:58.046308Z,2026-07-21T13:00:58.046405Z,BTC-USD,10,ok,,133006358386,2026-07-21T13:00:56.151792923Z,0.29604284,0.15619307,0.30924074561,66494.699999999997,66494.710000000006,66494.705000000002,0.010000000009,0.001503879145,"[{""price"":66494.7,""size"":0.0253,""num_orders"":1},{""price"":66494.31,""size"":0.0253,""num_orders"":1},{""price"":66494.25,""size"":0.0253,""num_orders"":1},{""price"":66494.01,""size"":0.04604061,""num_orders"":2},{""price"":66494.0,""size"":0.07004061,""num_orders"":4},{""price"":66492.0,""size"":0.004,""num_orders"":1},{""price"":66491.58,""size"":0.00526365,""num_orders"":1},{""price"":66490.0,""size"":0.004,""num_orders"":1},{""price"":66489.34,""size"":0.00657956,""num_orders"":1},{""price"":66489.17,""size"":0.08421841,""num_orders"":1}]","[{""price"":66494.71,""size"":0.00120343,""num_orders"":1},{""price"":66495.48,""size"":0.00038328,""num_orders"":1},{""price"":66497.41,""size"":5.82e-05,""num_orders"":1},{""price"":66497.48,""size"":0.001511,""num_orders"":1},{""price"":66498.38,""size"":0.00076656,""num_orders"":1},{""price"":66499.8,""size"":0.07134519,""num_orders"":2},{""price"":66499.81,""size"":0.06246301,""num_orders"":1},{""price"":66499.82,""size"":0.016835,""num_orders"":1},{""price"":66500.33,""size"":0.0001164,""num_orders"":1},{""price"":66500.74,""size"":0.001511,""num_orders"":1}]"
btc_usd_d10_20260721T122558Z,36,2026-07-21T13:01:58.046308Z,2026-07-21T13:01:58.046403Z,BTC-USD,10,ok,,133006395555,2026-07-21T13:01:55.034290390Z,0.07402261,0.31968607,-0.623972679495,66492.009999999995,66492.020000000004,66492.014999999999,0.010000000009,0.001503939986,"[{""price"":66492.01,""size"":0.00017777,""num_orders"":2},{""price"":66492.0,""size"":0.00054366,""num_orders"":2},{""price"":66490.96,""size"":0.001511,""num_orders"":1},{""price"":66490.67,""size"":0.0150397,""num_orders"":2},{""price"":66490.0,""size"":0.0034,""num_orders"":1},{""price"":66488.0,""size"":0.0034,""num_orders"":1},{""price"":66487.7,""size"":0.001511,""num_orders"":1},{""price"":66487.04,""size"":0.0209192,""num_orders"":1},{""price"":66487.03,""size"":0.02,""num_orders"":1},{""price"":66486.92,""size"":0.00752028,""num_orders"":1}]","[{""price"":66492.02,""size"":0.10541329,""num_orders"":6},{""price"":66492.54,""size"":0.01504305,""num_orders"":1},{""price"":66493.31,""size"":0.02,""num_orders"":1},{""price"":66493.32,""size"":0.09016998,""num_orders"":1},{""price"":66493.35,""size"":0.01508075,""num_orders"":3},{""price"":66493.69,""size"":0.00526378,""num_orders"":1},{""price"":66493.7,""size"":1.7e-05,""num_orders"":1},{""price"":66494.0,""size"":0.0034,""num_orders"":1},{""price"":66495.74,""size"":0.02,""num_orders"":1},{""price"":66495.75,""size"":0.04529822,""num_orders"":1}]"
btc_usd_d10_20260721T122558Z,37,2026-07-21T13:02:58.046308Z,2026-07-21T13:02:58.046402Z,BTC-USD,10,ok,,133006425774,2026-07-21T13:02:57.539030804Z,0.44924895,0.15088077,0.497172811238,66472.279999999999,66472.289999999994,66472.285000000003,0.009999999995,0.001504386376,"[{""price"":66472.28,""size"":0.14162314,""num_orders"":8},{""price"":66470.95,""size"":0.00031941,""num_orders"":2},{""price"":66470.62,""size"":0.00526535,""num_orders"":1},{""price"":66470.02,""size"":0.02,""num_orders"":1},{""price"":66470.01,""size"":0.05393556,""num_orders"":1},{""price"":66470.0,""size"":0.09034432,""num_orders"":2},{""price"":66468.38,""size"":0.02,""num_orders"":1},{""price"":66468.37,""size"":0.00658169,""num_orders"":1},{""price"":66468.27,""size"":0.02,""num_orders"":1},{""price"":66468.26,""size"":0.09117948,""num_orders"":1}]","[{""price"":66472.29,""size"":0.04120183,""num_orders"":4},{""price"":66472.5,""size"":0.00075219,""num_orders"":1},{""price"":66473.95,""size"":0.00526535,""num_orders"":1},{""price"":66475.23,""size"":0.00916014,""num_orders"":1},{""price"":66475.24,""size"":0.04529822,""num_orders"":1},{""price"":66475.59,""size"":0.01504628,""num_orders"":1},{""price"":66475.71,""size"":0.02257365,""num_orders"":1},{""price"":66476.0,""size"":0.0045,""num_orders"":1},{""price"":66476.2,""size"":0.00658169,""num_orders"":1},{""price"":66477.02,""size"":0.00050142,""num_orders"":1}]"
btc_usd_d10_20260721T122558Z,38,2026-07-21T13:03:58.046308Z,2026-07-21T13:03:58.046401Z,BTC-USD,10,ok,,133006458772,2026-07-21T13:03:57.130403951Z,0.61459846,0.11455904,0.685776968625,66484.589999999997,66484.600000000006,66484.595000000001,0.010000000009,0.001504107833,"[{""price"":66484.59,""size"":0.36030396,""num_orders"":8},{""price"":66483.26,""size"":0.01504138,""num_orders"":2},{""price"":66482.92,""size"":0.00526437,""num_orders"":1},{""price"":66482.02,""size"":0.02,""num_orders"":1},{""price"":66482.01,""size"":0.11050702,""num_orders"":1},{""price"":66482.0,""size"":0.005,""num_orders"":1},{""price"":66481.59,""size"":0.00022035,""num_orders"":1},{""price"":66481.51,""size"":0.09016998,""num_orders"":1},{""price"":66481.34,""size"":0.0065804,""num_orders"":1},{""price"":66481.18,""size"":0.001511,""num_orders"":1}]","[{""price"":66484.6,""size"":0.02604546,""num_orders"":6},{""price"":66485.93,""size"":0.01504078,""num_orders"":2},{""price"":66486.2,""size"":0.01600021,""num_orders"":1},{""price"":66486.27,""size"":0.00526437,""num_orders"":1},{""price"":66487.2,""size"":0.01600021,""num_orders"":1},{""price"":66487.7,""size"":0.001511,""num_orders"":1},{""price"":66488.0,""size"":0.005,""num_orders"":1},{""price"":66488.51,""size"":0.00658047,""num_orders"":1},{""price"":66488.59,""size"":0.00807322,""num_orders"":4},{""price"":66489.54,""size"":0.01504332,""num_orders"":1}]"
btc_usd_d10_20260721T122558Z,39,2026-07-21T13:04:58.046308Z,2026-07-21T13:04:58.046402Z,BTC-USD,10,ok,,133006491559,2026-07-21T13:04:57.545577781Z,0.38711019,0.16224059,0.409336999576,66494.869999999995,66494.880000000005,66494.875,0.010000000009,0.0015038753,"[{""price"":66494.87,""size"":0.12057592,""num_orders"":5},{""price"":66493.7,""size"":1.7e-05,""num_orders"":1},{""price"":66493.54,""size"":0.01503906,""num_orders"":2},{""price"":66492.85,""size"":5.182e-05,""num_orders"":1},{""price"":66492.0,""size"":0.0052,""num_orders"":1},{""price"":66491.84,""size"":0.13760378,""num_orders"":1},{""price"":66491.83,""size"":0.09016998,""num_orders"":1},{""price"":66490.96,""size"":0.001511,""num_orders"":1},{""price"":66490.64,""size"":0.016838,""num_orders"":1},{""price"":66490.44,""size"":0.00010363,""num_orders"":1}]","[{""price"":66494.88,""size"":0.03956691,""num_orders"":6},{""price"":66496.0,""size"":0.0052,""num_orders"":1},{""price"":66496.2,""size"":0.04529822,""num_orders"":1},{""price"":66496.21,""size"":0.01503846,""num_orders"":2},{""price"":66496.55,""size"":0.00526356,""num_orders"":1},{""price"":66498.0,""size"":0.0052,""num_orders"":1},{""price"":66498.78,""size"":0.02,""num_orders"":1},{""price"":66498.79,""size"":0.00657945,""num_orders"":1},{""price"":66498.86,""size"":0.02,""num_orders"":1},{""price"":66498.87,""size"":9.399e-05,""num_orders"":1}]"
btc_usd_d10_20260721T122558Z,40,2026-07-21T13:05:58.046308Z,2026-07-21T13:05:58.046402Z,BTC-USD,10,ok,,133006522254,2026-07-21T13:05:57.833506050Z,0.30362993,0.57722731,-0.31060354343,66483.130000000005,66483.139999999999,66483.135000000009,0.009999999995,0.001504140861,"[{""price"":66483.13,""size"":0.10969662,""num_orders"":4},{""price"":66481.82,""size"":0.05754426,""num_orders"":1},{""price"":66481.81,""size"":0.02308178,""num_orders"":3},{""price"":66481.59,""size"":0.00022035,""num_orders"":1},{""price"":66481.18,""size"":0.001511,""num_orders"":1},{""price"":66480.96,""size"":0.04065465,""num_orders"":2},{""price"":66480.06,""size"":0.02,""num_orders"":1},{""price"":66480.05,""size"":1.7e-05,""num_orders"":1},{""price"":66480.01,""size"":0.02,""num_orders"":1},{""price"":66480.0,""size"":0.03090427,""num_orders"":3}]","[{""price"":66483.14,""size"":0.17217891,""num_orders"":7},{""price"":66483.29,""size"":0.120331,""num_orders"":1},{""price"":66484.44,""size"":0.001511,""num_orders"":1},{""price"":66484.81,""size"":0.00526449,""num_orders"":1},{""price"":66486.0,""size"":0.0067,""num_orders"":1},{""price"":66486.35,""size"":0.09016998,""num_orders"":1},{""price"":66486.42,""size"":0.15040667,""num_orders"":1},{""price"":66486.71,""size"":0.02257365,""num_orders"":1},{""price"":66487.05,""size"":0.00658061,""num_orders"":1},{""price"":66487.7,""size"":0.001511,""num_orders"":1}]"
btc_usd_d10_20260721T122558Z,41,2026-07-21T13:06:58.046308Z,2026-07-21T13:06:58.046405Z,BTC-USD,10,ok,,133006557341,2026-07-21T13:06:55.536836591Z,0.98878805,0.56591419,0.271996687932,66515.320000000007,66515.330000000002,66515.325000000012,0.009999999995,0.001503412935,"[{""price"":66515.32,""size"":0.40033844,""num_orders"":8},{""price"":66513.65,""size"":0.00526194,""num_orders"":1},{""price"":66512.0,""size"":0.13011119,""num_orders"":3},{""price"":66511.41,""size"":0.00657743,""num_orders"":1},{""price"":66511.2,""size"":0.09016998,""num_orders"":1},{""price"":66510.03,""size"":0.1202826,""num_orders"":1},{""price"":66510.0,""size"":0.0077,""num_orders"":1},{""price"":66509.15,""size"":0.13047649,""num_orders"":1},{""price"":66508.11,""size"":0.09016998,""num_orders"":1},{""price"":66508.0,""size"":0.0077,""num_orders"":1}]","[{""price"":66515.33,""size"":0.1605216,""num_orders"":3},{""price"":66515.9,""size"":0.12027201,""num_orders"":1},{""price"":66516.45,""size"":1.7e-05,""num_orders"":1},{""price"":66517.04,""size"":0.001511,""num_orders"":1},{""price"":66517.54,""size"":0.12026903,""num_orders"":1},{""price"":66518.0,""size"":0.0077,""num_orders"":1},{""price"":66518.18,""size"":0.00015535,""num_orders"":3},{""price"":66519.22,""size"":0.02,""num_orders"":1},{""price"":66519.23,""size"":0.04529822,""num_orders"":1},{""price"":66519.26,""size"":0.09016998,""num_orders"":1}]"
btc_usd_d10_20260721T122558Z,42,2026-07-21T13:07:58.046308Z,2026-07-21T13:07:58.046401Z,BTC-USD,10,ok,,133006599661,2026-07-21T13:07:56.040566320Z,1.79484184,0.51534389,0.553850685417,66552.839999999997,66552.850000000006,66552.845000000001,0.010000000009,0.001502565369,"[{""price"":66552.84,""size"":1.20237328,""num_orders"":6},{""price"":66551.95,""size"":0.08789705,""num_orders"":2},{""price"":66551.51,""size"":0.12020763,""num_orders"":1},{""price"":66551.5,""size"":0.01502596,""num_orders"":2},{""price"":66550.76,""size"":0.00525901,""num_orders"":1},{""price"":66550.0,""size"":0.0107,""num_orders"":1},{""price"":66549.05,""size"":0.24593517,""num_orders"":2},{""price"":66548.74,""size"":0.09016998,""num_orders"":1},{""price"":66548.52,""size"":0.00657376,""num_orders"":1},{""price"":66548.0,""size"":0.0107,""num_orders"":1}]","[{""price"":66552.85,""size"":0.18844614,""num_orders"":6},{""price"":66554.19,""size"":0.01502536,""num_orders"":2},{""price"":66555.2,""size"":0.04529822,""num_orders"":1},{""price"":66556.0,""size"":0.0107,""num_orders"":1},{""price"":66556.13,""size"":0.02257365,""num_orders"":1},{""price"":66556.64,""size"":0.01502772,""num_orders"":1},{""price"":66556.88,""size"":0.12019794,""num_orders"":1},{""price"":66556.94,""size"":0.09016998,""num_orders"":1},{""price"":66557.4,""size"":1.7e-05,""num_orders"":1},{""price"":66557.84,""size"":0.00788788,""num_orders"":1}]"
btc_usd_d10_20260721T122558Z,43,2026-07-21T13:08:58.046308Z,2026-07-21T13:08:58.046404Z,BTC-USD,10,ok,,133006645077,2026-07-21T13:08:57.331391079Z,0.36078961,0.7553076,-0.353479953597,66530.100000000006,66530.110000000001,66530.10500000001,0.009999999995,0.001503078944,"[{""price"":66530.1,""size"":0.22275405,""num_orders"":6},{""price"":66528.76,""size"":0.0150311,""num_orders"":2},{""price"":66528.0,""size"":0.0107,""num_orders"":1},{""price"":66526.82,""size"":0.001511,""num_orders"":1},{""price"":66526.56,""size"":0.02,""num_orders"":1},{""price"":66526.55,""size"":0.04007646,""num_orders"":1},{""price"":66526.01,""size"":0.02,""num_orders"":1},{""price"":66526.0,""size"":0.0107,""num_orders"":1},{""price"":66525.56,""size"":0.02,""num_orders"":1},{""price"":66525.55,""size"":1.7e-05,""num_orders"":1}]","[{""price"":66530.11,""size"":0.35974992,""num_orders"":10},{""price"":66531.16,""size"":0.01503425,""num_orders"":1},{""price"":66531.45,""size"":0.01503048,""num_orders"":2},{""price"":66531.78,""size"":0.00526077,""num_orders"":1},{""price"":66533.7,""size"":0.15029979,""num_orders"":1},{""price"":66534.02,""size"":0.00657597,""num_orders"":1},{""price"":66534.63,""size"":0.12053838,""num_orders"":2},{""price"":66534.64,""size"":0.06,""num_orders"":2},{""price"":66534.67,""size"":0.00024439,""num_orders"":1},{""price"":66535.06,""size"":0.02257365,""num_orders"":1}]"
btc_usd_d10_20260721T122558Z,44,2026-07-21T13:09:58.046308Z,2026-07-21T13:09:58.046403Z,BTC-USD,10,ok,,133006674144,2026-07-21T13:09:57.675448032Z,0.68209857,0.62236891,0.045788538937,66547,66547.009999999995,66547.005000000005,0.009999999995,0.001502697228,"[{""price"":66547.0,""size"":0.28412162,""num_orders"":5},{""price"":66546.01,""size"":0.0907185,""num_orders"":2},{""price"":66545.66,""size"":0.01502728,""num_orders"":2},{""price"":66545.33,""size"":0.00525944,""num_orders"":1},{""price"":66544.0,""size"":0.0107,""num_orders"":1},{""price"":66543.11,""size"":0.00039336,""num_orders"":1},{""price"":66543.09,""size"":0.0065743,""num_orders"":1},{""price"":66542.85,""size"":0.12022328,""num_orders"":1},{""price"":66542.66,""size"":0.13838079,""num_orders"":1},{""price"":66542.0,""size"":0.0107,""num_orders"":1}]","[{""price"":66547.01,""size"":0.20054444,""num_orders"":7},{""price"":66547.45,""size"":0.12021498,""num_orders"":1},{""price"":66548.3,""size"":1.7e-05,""num_orders"":1},{""price"":66548.35,""size"":0.01502666,""num_orders"":2},{""price"":66549.04,""size"":0.0150291,""num_orders"":1},{""price"":66549.64,""size"":0.001511,""num_orders"":1},{""price"":66550.02,""size"":0.09016998,""num_orders"":1},{""price"":66550.03,""size"":0.12021032,""num_orders"":1},{""price"":66550.61,""size"":0.04529822,""num_orders"":1},{""price"":66552.0,""size"":0.01434721,""num_orders"":2}]"
btc_usd_d10_20260721T122558Z,45,2026-07-21T13:10:58.046308Z,2026-07-21T13:10:58.046409Z,BTC-USD,10,ok,,133006707186,2026-07-21T13:10:56.329152354Z,1.5211226,0.97385786,0.219346303017,66544.860000000001,66544.869999999995,66544.864999999991,0.009999999995,0.001502745553,"[{""price"":66544.86,""size"":0.96607181,""num_orders"":11},{""price"":66544.56,""size"":0.10971123,""num_orders"":1},{""price"":66544.55,""size"":0.09016998,""num_orders"":1},{""price"":66544.0,""size"":0.0107,""num_orders"":1},{""price"":66543.52,""size"":0.07745606,""num_orders"":4},{""price"":66543.19,""size"":0.0052596,""num_orders"":1},{""price"":66543.08,""size"":0.00015035,""num_orders"":1},{""price"":66543.07,""size"":3.491e-05,""num_orders"":1},{""price"":66542.64,""size"":0.25086866,""num_orders"":2},{""price"":66542.0,""size"":0.0107,""num_orders"":1}]","[{""price"":66544.87,""size"":0.13276266,""num_orders"":5},{""price"":66546.21,""size"":0.01502716,""num_orders"":2},{""price"":66546.82,""size"":0.12021612,""num_orders"":1},{""price"":66547.01,""size"":0.00103095,""num_orders"":4},{""price"":66547.91,""size"":0.28402646,""num_orders"":1},{""price"":66547.98,""size"":0.01502834,""num_orders"":1},{""price"":66548.3,""size"":1.7e-05,""num_orders"":1},{""price"":66548.91,""size"":0.28402646,""num_orders"":1},{""price"":66549.26,""size"":0.12021171,""num_orders"":1},{""price"":66549.64,""size"":0.001511,""num_orders"":1}]"
btc_usd_d10_20260721T122558Z,46,2026-07-21T13:11:58.046308Z,2026-07-21T13:11:58.046406Z,BTC-USD,10,ok,,133006742315,2026-07-21T13:11:57.146647218Z,0.32727022,0.99992252,-0.506823372165,66517.039999999994,66517.050000000003,66517.044999999998,0.010000000009,0.001503374061,"[{""price"":66517.04,""size"":0.08316106,""num_orders"":3},{""price"":66515.7,""size"":0.01503404,""num_orders"":2},{""price"":66513.78,""size"":0.001511,""num_orders"":1},{""price"":66512.06,""size"":0.09016998,""num_orders"":1},{""price"":66512.05,""size"":0.01503486,""num_orders"":2},{""price"":66512.0,""size"":0.0107,""num_orders"":1},{""price"":66511.91,""size"":0.04529822,""num_orders"":1},{""price"":66511.9,""size"":0.03129543,""num_orders"":1},{""price"":66510.99,""size"":0.01,""num_orders"":1},{""price"":66510.7,""size"":0.02506563,""num_orders"":1}]","[{""price"":66517.05,""size"":0.3017244,""num_orders"":11},{""price"":66517.55,""size"":0.02,""num_orders"":1},{""price"":66517.56,""size"":0.25538467,""num_orders"":1},{""price"":66517.59,""size"":0.12026894,""num_orders"":1},{""price"":66517.99,""size"":0.05160266,""num_orders"":1},{""price"":66518.39,""size"":0.01503344,""num_orders"":2},{""price"":66518.72,""size"":0.0052618,""num_orders"":1},{""price"":66519.11,""size"":0.11016998,""num_orders"":2},{""price"":66519.12,""size"":0.12026618,""num_orders"":1},{""price"":66519.29,""size"":0.00021045,""num_orders"":1}]"
btc_usd_d10_20260721T122558Z,47,2026-07-21T13:12:58.046308Z,2026-07-21T13:12:58.046407Z,BTC-USD,10,ok,,133006772335,2026-07-21T13:12:57.626259789Z,0.4198953,1.08223262,-0.440932700326,66539.470000000001,66539.479999999996,66539.475000000006,0.009999999995,0.001502867282,"[{""price"":66539.47,""size"":0.15361339,""num_orders"":5},{""price"":66539.46,""size"":0.03,""num_orders"":1},{""price"":66539.44,""size"":0.03,""num_orders"":1},{""price"":66537.8,""size"":0.00526003,""num_orders"":1},{""price"":66536.0,""size"":0.0107,""num_orders"":1},{""price"":66535.56,""size"":0.00657504,""num_orders"":1},{""price"":66535.0,""size"":0.01,""num_orders"":1},{""price"":66534.59,""size"":0.07287686,""num_orders"":1},{""price"":66534.58,""size"":0.09016998,""num_orders"":1},{""price"":66534.0,""size"":0.0107,""num_orders"":1}]","[{""price"":66539.48,""size"":0.4252232,""num_orders"":11},{""price"":66540.46,""size"":0.04529822,""num_orders"":1},{""price"":66540.47,""size"":0.13839045,""num_orders"":1},{""price"":66540.48,""size"":0.12022758,""num_orders"":1},{""price"":66541.31,""size"":0.06,""num_orders"":2},{""price"":66541.5,""size"":0.05158222,""num_orders"":1},{""price"":66543.47,""size"":9.392e-05,""num_orders"":1},{""price"":66544.34,""size"":0.13584382,""num_orders"":2},{""price"":66544.35,""size"":0.09016998,""num_orders"":1},{""price"":66544.47,""size"":0.01540323,""num_orders"":2}]"
btc_usd_d10_20260721T122558Z,48,2026-07-21T13:13:58.046308Z,2026-07-21T13:13:58.046393Z,BTC-USD,10,ok,,133006817450,2026-07-21T13:13:57.529435651Z,0.5653076,0.55166849,0.012210744815,66574.130000000005,66574.139999999999,66574.135000000009,0.009999999995,0.001502084855,"[{""price"":66574.13,""size"":0.37072359,""num_orders"":7},{""price"":66574.12,""size"":0.03,""num_orders"":1},{""price"":66574.11,""size"":0.06098565,""num_orders"":1},{""price"":66574.1,""size"":0.03,""num_orders"":1},{""price"":66572.79,""size"":0.01502116,""num_orders"":2},{""price"":66572.46,""size"":0.00676829,""num_orders"":2},{""price"":66572.0,""size"":0.0107,""num_orders"":1},{""price"":66571.55,""size"":5.361e-05,""num_orders"":1},{""price"":66571.46,""size"":0.0210553,""num_orders"":1},{""price"":66570.23,""size"":0.02,""num_orders"":1}]","[{""price"":66574.14,""size"":0.34213671,""num_orders"":7},{""price"":66574.65,""size"":1.55e-06,""num_orders"":1},{""price"":66575.4,""size"":0.12016451,""num_orders"":1},{""price"":66575.48,""size"":0.01502054,""num_orders"":2},{""price"":66575.72,""size"":0.001511,""num_orders"":1},{""price"":66575.81,""size"":0.00525729,""num_orders"":1},{""price"":66578.05,""size"":0.00657162,""num_orders"":1},{""price"":66578.98,""size"":0.001511,""num_orders"":1},{""price"":66579.13,""size"":0.00794668,""num_orders"":2},{""price"":66579.88,""size"":0.05154759,""num_orders"":1}]"
btc_usd_d10_20260721T122558Z,49,2026-07-21T13:14:58.046308Z,2026-07-21T13:14:58.046407Z,BTC-USD,10,ok,,133006850354,2026-07-21T13:14:56.592557889Z,0.32333642,0.57283953,-0.278408620539,66578.869999999995,66578.880000000005,66578.875,0.010000000009,0.001501977919,"[{""price"":66578.87,""size"":0.08761182,""num_orders"":4},{""price"":66578.18,""size"":0.001242,""num_orders"":1},{""price"":66578.01,""size"":0.01849327,""num_orders"":1},{""price"":66578.0,""size"":0.0107,""num_orders"":1},{""price"":66577.53,""size"":0.01502008,""num_orders"":2},{""price"":66577.2,""size"":0.00525692,""num_orders"":1},{""price"":66576.0,""size"":0.0107,""num_orders"":1},{""price"":66575.41,""size"":0.02,""num_orders"":1},{""price"":66575.4,""size"":0.06414235,""num_orders"":1},{""price"":66575.39,""size"":0.09016998,""num_orders"":1}]","[{""price"":66578.88,""size"":0.30759851,""num_orders"":6},{""price"":66580.15,""size"":1.7e-05,""num_orders"":1},{""price"":66580.22,""size"":0.01501948,""num_orders"":2},{""price"":66580.23,""size"":0.00015517,""num_orders"":3},{""price"":66580.82,""size"":0.04600298,""num_orders"":1},{""price"":66581.08,""size"":0.09016998,""num_orders"":1},{""price"":66581.72,""size"":1.56e-06,""num_orders"":1},{""price"":66581.81,""size"":0.02257365,""num_orders"":1},{""price"":66581.82,""size"":0.04600298,""num_orders"":1},{""price"":66581.98,""size"":0.04529822,""num_orders"":1}]"
btc_usd_d10_20260721T122558Z,50,2026-07-21T13:15:58.046308Z,2026-07-21T13:15:58.046396Z,BTC-USD,10,ok,,133006889286,2026-07-21T13:15:57.344482603Z,0.32794009,0.72250298,-0.375615681867,66612.940000000002,66612.949999999997,66612.945000000007,0.009999999995,0.001501209712,"[{""price"":66612.94,""size"":0.23323917,""num_orders"":4},{""price"":66611.6,""size"":0.0150124,""num_orders"":2},{""price"":66611.27,""size"":0.00525423,""num_orders"":1},{""price"":66610.0,""size"":0.0107,""num_orders"":1},{""price"":66609.74,""size"":0.0007506,""num_orders"":1},{""price"":66609.02,""size"":0.00656779,""num_orders"":1},{""price"":66608.0,""size"":0.0107,""num_orders"":1},{""price"":66607.99,""size"":0.0150159,""num_orders"":1},{""price"":66606.0,""size"":0.0107,""num_orders"":1},{""price"":66604.79,""size"":0.02,""num_orders"":1}]","[{""price"":66612.95,""size"":0.25232307,""num_orders"":5},{""price"":66613.06,""size"":0.12009657,""num_orders"":1},{""price"":66613.79,""size"":0.02257365,""num_orders"":1},{""price"":66614.0,""size"":0.0107,""num_orders"":1},{""price"":66614.29,""size"":0.0150118,""num_orders"":2},{""price"":66614.73,""size"":0.02,""num_orders"":1},{""price"":66614.74,""size"":0.11016998,""num_orders"":2},{""price"":66614.75,""size"":0.15011691,""num_orders"":1},{""price"":66614.84,""size"":0.001511,""num_orders"":1},{""price"":66615.99,""size"":0.02,""num_orders"":1}]"
btc_usd_d10_20260721T122558Z,51,2026-07-21T13:16:58.046308Z,2026-07-21T13:16:58.046403Z,BTC-USD,10,ok,,133006932075,2026-07-21T13:16:57.130408483Z,0.92024421,0.81265963,0.062083410237,66545.940000000002,66545.949999999997,66545.945000000007,0.009999999995,0.001502721164,"[{""price"":66545.94,""size"":0.42355258,""num_orders"":5},{""price"":66544.6,""size"":0.01502752,""num_orders"":2},{""price"":66542.03,""size"":0.09016998,""num_orders"":1},{""price"":66542.0,""size"":0.0131581,""num_orders"":2},{""price"":66540.95,""size"":0.00751417,""num_orders"":1},{""price"":66540.06,""size"":0.02,""num_orders"":1},{""price"":66540.05,""size"":0.06529822,""num_orders"":2},{""price"":66540.04,""size"":0.18465366,""num_orders"":2},{""price"":66540.03,""size"":0.09016998,""num_orders"":1},{""price"":66540.0,""size"":0.0107,""num_orders"":1}]","[{""price"":66545.95,""size"":0.07105474,""num_orders"":4},{""price"":66546.65,""size"":0.21673259,""num_orders"":2},{""price"":66547.29,""size"":0.0150269,""num_orders"":2},{""price"":66547.52,""size"":0.05158946,""num_orders"":1},{""price"":66547.61,""size"":0.00525961,""num_orders"":1},{""price"":66549.85,""size"":0.00657451,""num_orders"":1},{""price"":66550.0,""size"":0.15026298,""num_orders"":1},{""price"":66550.05,""size"":0.18341521,""num_orders"":2},{""price"":66550.06,""size"":0.09016998,""num_orders"":1},{""price"":66550.07,""size"":0.02257365,""num_orders"":1}]"
btc_usd_d10_20260721T122558Z,52,2026-07-21T13:17:58.046308Z,2026-07-21T13:17:58.046403Z,BTC-USD,10,ok,,133006968562,2026-07-21T13:17:56.545669324Z,0.61250461,0.47933132,0.121971888212,66551.029999999999,66551.039999999994,66551.035000000003,0.009999999995,0.001502606232,"[{""price"":66551.03,""size"":0.09576138,""num_orders"":3},{""price"":66549.69,""size"":0.01502636,""num_orders"":2},{""price"":66548.99,""size"":0.04,""num_orders"":1},{""price"":66548.98,""size"":0.07893459,""num_orders"":1},{""price"":66548.97,""size"":0.016822,""num_orders"":1},{""price"":66548.46,""size"":0.09016998,""num_orders"":1},{""price"":66548.0,""size"":0.0102,""num_orders"":1},{""price"":66546.66,""size"":0.04,""num_orders"":1},{""price"":66546.65,""size"":0.1855903,""num_orders"":2},{""price"":66546.47,""size"":0.04,""num_orders"":1}]","[{""price"":66551.04,""size"":0.14517572,""num_orders"":2},{""price"":66552.0,""size"":0.0102,""num_orders"":1},{""price"":66552.38,""size"":0.01502576,""num_orders"":2},{""price"":66553.97,""size"":0.06799963,""num_orders"":1},{""price"":66553.99,""size"":0.12020316,""num_orders"":1},{""price"":66554.0,""size"":0.0102,""num_orders"":1},{""price"":66555.03,""size"":0.01502883,""num_orders"":1},{""price"":66555.39,""size"":0.04529822,""num_orders"":1},{""price"":66555.99,""size"":0.04,""num_orders"":1},{""price"":66556.0,""size"":0.0102,""num_orders"":1}]"
btc_usd_d10_20260721T122558Z,53,2026-07-21T13:18:58.046308Z,2026-07-21T13:18:58.046410Z,BTC-USD,10,ok,,133007001732,2026-07-21T13:18:55.097840864Z,1.21933855,0.491908,0.425088103173,66546.339999999997,66546.350000000006,66546.345000000001,0.010000000009,0.001502712134,"[{""price"":66546.34,""size"":1.01107854,""num_orders"":5},{""price"":66545.0,""size"":0.01502742,""num_orders"":2},{""price"":66544.67,""size"":0.00525949,""num_orders"":1},{""price"":66543.12,""size"":0.001511,""num_orders"":1},{""price"":66542.0,""size"":0.0097,""num_orders"":1},{""price"":66541.54,""size"":0.00657445,""num_orders"":1},{""price"":66541.27,""size"":0.06280346,""num_orders"":1},{""price"":66541.25,""size"":0.09016998,""num_orders"":1},{""price"":66540.63,""size"":0.00751421,""num_orders"":1},{""price"":66540.0,""size"":0.0097,""num_orders"":1}]","[{""price"":66546.35,""size"":0.27031172,""num_orders"":6},{""price"":66546.38,""size"":0.12021691,""num_orders"":1},{""price"":66547.69,""size"":0.01502682,""num_orders"":2},{""price"":66547.77,""size"":0.01502922,""num_orders"":1},{""price"":66547.9,""size"":0.04800625,""num_orders"":1},{""price"":66548.0,""size"":0.0102,""num_orders"":1},{""price"":66548.02,""size"":0.00525949,""num_orders"":1},{""price"":66548.3,""size"":0.00089986,""num_orders"":3},{""price"":66549.22,""size"":0.00038328,""num_orders"":1},{""price"":66549.37,""size"":0.00657445,""num_orders"":1}]"
btc_usd_d10_20260721T122558Z,54,2026-07-21T13:19:58.046308Z,2026-07-21T13:19:58.046406Z,BTC-USD,10,ok,,133007037181,2026-07-21T13:19:56.530348378Z,0.43935477,0.77472427,-0.276233662678,66519.830000000002,66519.839999999997,66519.834999999992,0.009999999995,0.001503311004,"[{""price"":66519.83,""size"":0.18658938,""num_orders"":4},{""price"":66518.49,""size"":0.01503342,""num_orders"":2},{""price"":66517.16,""size"":0.04,""num_orders"":1},{""price"":66517.15,""size"":0.016825,""num_orders"":1},{""price"":66516.46,""size"":0.04,""num_orders"":1},{""price"":66516.45,""size"":1.7e-05,""num_orders"":1},{""price"":66516.09,""size"":0.09016998,""num_orders"":1},{""price"":66516.0,""size"":0.0107,""num_orders"":1},{""price"":66515.88,""size"":1.999e-05,""num_orders"":1},{""price"":66515.48,""size"":0.04,""num_orders"":1}]","[{""price"":66519.84,""size"":0.4371853,""num_orders"":10},{""price"":66519.86,""size"":0.03,""num_orders"":1},{""price"":66521.17,""size"":0.10878839,""num_orders"":1},{""price"":66521.18,""size"":0.0150328,""num_orders"":2},{""price"":66521.51,""size"":0.00526169,""num_orders"":1},{""price"":66521.64,""size"":0.00015418,""num_orders"":1},{""price"":66522.0,""size"":0.0107,""num_orders"":1},{""price"":66522.63,""size"":0.15032479,""num_orders"":1},{""price"":66523.75,""size"":0.00657712,""num_orders"":1},{""price"":66524.0,""size"":0.0107,""num_orders"":1}]"
btc_usd_d10_20260721T122558Z,55,2026-07-21T13:20:58.046308Z,2026-07-21T13:20:58.046405Z,BTC-USD,10,ok,,133007070404,2026-07-21T13:20:57.099578800Z,1.17267594,0.15963481,0.760363999165,66534.639999999999,66534.649999999994,66534.64499999999,0.009999999995,0.001502976381,"[{""price"":66534.64,""size"":0.49893556,""num_orders"":9},{""price"":66534.0,""size"":0.0107,""num_orders"":1},{""price"":66532.27,""size"":0.02257365,""num_orders"":1},{""price"":66532.26,""size"":0.21848948,""num_orders"":1},{""price"":66532.25,""size"":0.12024243,""num_orders"":1},{""price"":66531.53,""size"":0.09016998,""num_orders"":1},{""price"":66530.94,""size"":0.00526056,""num_orders"":1},{""price"":66530.91,""size"":0.15030606,""num_orders"":1},{""price"":66530.01,""size"":0.04529822,""num_orders"":1},{""price"":66530.0,""size"":0.0107,""num_orders"":1}]","[{""price"":66534.65,""size"":0.00059563,""num_orders"":4},{""price"":66537.59,""size"":0.00789028,""num_orders"":1},{""price"":66538.0,""size"":0.0107,""num_orders"":1},{""price"":66538.64,""size"":9.393e-05,""num_orders"":1},{""price"":66539.02,""size"":0.00038328,""num_orders"":1},{""price"":66539.2,""size"":1.7e-05,""num_orders"":1},{""price"":66539.49,""size"":0.12022937,""num_orders"":1},{""price"":66539.64,""size"":0.00751432,""num_orders"":1},{""price"":66539.86,""size"":0.001511,""num_orders"":1},{""price"":66540.0,""size"":0.0107,""num_orders"":1}]"
btc_usd_d10_20260721T122558Z,56,2026-07-21T13:21:58.046308Z,2026-07-21T13:21:58.046405Z,BTC-USD,10,ok,,133007109282,2026-07-21T13:21:55.187922149Z,1.30750617,0.54178062,0.414065332722,66552.509999999995,66552.520000000004,66552.514999999999,0.010000000009,0.001502572819,"[{""price"":66552.51,""size"":0.76087878,""num_orders"":10},{""price"":66552.5,""size"":0.03,""num_orders"":1},{""price"":66552.49,""size"":0.09722169,""num_orders"":2},{""price"":66552.48,""size"":0.03,""num_orders"":1},{""price"":66551.74,""size"":0.00017505,""num_orders"":1},{""price"":66551.17,""size"":0.01502604,""num_orders"":2},{""price"":66550.84,""size"":0.005259,""num_orders"":1},{""price"":66550.47,""size"":0.12020951,""num_orders"":1},{""price"":66550.02,""size"":0.15856612,""num_orders"":1},{""price"":66549.55,""size"":0.09016998,""num_orders"":1}]","[{""price"":66552.52,""size"":0.18861541,""num_orders"":4},{""price"":66552.85,""size"":1.7e-05,""num_orders"":1},{""price"":66553.86,""size"":0.04019657,""num_orders"":3},{""price"":66555.46,""size"":0.1202005,""num_orders"":1},{""price"":66556.0,""size"":0.0107,""num_orders"":1},{""price"":66556.16,""size"":0.001511,""num_orders"":1},{""price"":66556.54,""size"":0.12019856,""num_orders"":1},{""price"":66556.6,""size"":0.01502636,""num_orders"":1},{""price"":66557.26,""size"":0.04529822,""num_orders"":1},{""price"":66557.4,""size"":1.7e-05,""num_orders"":1}]"
btc_usd_d10_20260721T122558Z,57,2026-07-21T13:22:58.046308Z,2026-07-21T13:22:58.046403Z,BTC-USD,10,ok,,133007155374,2026-07-21T13:22:55.630795768Z,0.61351954,0.42441562,0.182192421345,66469.190000000002,66469.199999999997,66469.195000000007,0.009999999995,0.001504456312,"[{""price"":66469.19,""size"":0.37148051,""num_orders"":5},{""price"":66466.4,""size"":0.00674048,""num_orders"":3},{""price"":66465.05,""size"":0.09016998,""num_orders"":1},{""price"":66465.0,""size"":0.01,""num_orders"":1},{""price"":66464.88,""size"":0.001511,""num_orders"":1},{""price"":66464.5,""size"":0.04529822,""num_orders"":1},{""price"":66464.2,""size"":0.0150457,""num_orders"":2},{""price"":66464.0,""size"":0.0107,""num_orders"":1},{""price"":66463.9,""size"":0.02257365,""num_orders"":1},{""price"":66463.56,""size"":0.04,""num_orders"":1}]","[{""price"":66469.2,""size"":0.1211592,""num_orders"":3},{""price"":66469.22,""size"":0.03,""num_orders"":1},{""price"":66469.55,""size"":5.262e-05,""num_orders"":1},{""price"":66469.64,""size"":0.1203557,""num_orders"":1},{""price"":66470.0,""size"":0.0102,""num_orders"":1},{""price"":66470.86,""size"":0.00526559,""num_orders"":1},{""price"":66471.91,""size"":0.00024942,""num_orders"":1},{""price"":66472.0,""size"":0.0102,""num_orders"":1},{""price"":66472.18,""size"":0.1203511,""num_orders"":1},{""price"":66473.11,""size"":0.00658199,""num_orders"":1}]"
btc_usd_d10_20260721T122558Z,58,2026-07-21T13:23:58.046308Z,2026-07-21T13:23:58.046404Z,BTC-USD,10,ok,,133007188115,2026-07-21T13:23:56.531127127Z,0.74825731,0.71009641,0.026167108484,66470.660000000003,66470.669999999998,66470.665000000008,0.009999999995,0.001504423041,"[{""price"":66470.66,""size"":0.23954546,""num_orders"":7},{""price"":66469.34,""size"":0.09016998,""num_orders"":1},{""price"":66469.33,""size"":0.01504454,""num_orders"":2},{""price"":66469.0,""size"":0.00526548,""num_orders"":1},{""price"":66468.0,""size"":0.0107,""num_orders"":1},{""price"":66467.29,""size"":0.09016998,""num_orders"":1},{""price"":66466.0,""size"":0.0107,""num_orders"":1},{""price"":66465.9,""size"":0.00658193,""num_orders"":1},{""price"":66465.72,""size"":0.15971656,""num_orders"":2},{""price"":66465.39,""size"":0.12036338,""num_orders"":1}]","[{""price"":66470.67,""size"":0.27552578,""num_orders"":6},{""price"":66470.92,""size"":0.01504642,""num_orders"":1},{""price"":66470.95,""size"":1.7e-05,""num_orders"":1},{""price"":66471.38,""size"":0.0075231,""num_orders"":1},{""price"":66471.4,""size"":0.001511,""num_orders"":1},{""price"":66472.0,""size"":0.02574392,""num_orders"":3},{""price"":66473.58,""size"":0.04,""num_orders"":1},{""price"":66473.59,""size"":0.2250155,""num_orders"":1},{""price"":66473.6,""size"":0.10901369,""num_orders"":1},{""price"":66474.0,""size"":0.0107,""num_orders"":1}]"
btc_usd_d10_20260721T122558Z,59,2026-07-21T13:24:58.046308Z,2026-07-21T13:24:58.046405Z,BTC-USD,10,ok,,133007231801,2026-07-21T13:24:56.089588870Z,0.3715606,0.91669688,-0.423157861269,66437.360000000001,66437.369999999995,66437.364999999991,0.009999999995,0.001505177093,"[{""price"":66437.36,""size"":0.13619014,""num_orders"":2},{""price"":66436.03,""size"":0.01505208,""num_orders"":2},{""price"":66435.7,""size"":0.00526811,""num_orders"":1},{""price"":66433.45,""size"":0.00658514,""num_orders"":1},{""price"":66432.38,""size"":0.00752645,""num_orders"":1},{""price"":66431.08,""size"":0.10763166,""num_orders"":2},{""price"":66430.72,""size"":0.00752664,""num_orders"":1},{""price"":66429.91,""size"":0.04,""num_orders"":1},{""price"":66429.9,""size"":0.04529822,""num_orders"":1},{""price"":66429.77,""size"":0.00048216,""num_orders"":1}]","[{""price"":66437.37,""size"":0.5081977,""num_orders"":13},{""price"":66437.99,""size"":0.14873874,""num_orders"":1},{""price"":66438.0,""size"":0.0107,""num_orders"":1},{""price"":66438.67,""size"":0.09016998,""num_orders"":1},{""price"":66438.69,""size"":0.12041177,""num_orders"":1},{""price"":66438.7,""size"":0.01505146,""num_orders"":2},{""price"":66439.03,""size"":0.00526811,""num_orders"":1},{""price"":66439.1,""size"":1.7e-05,""num_orders"":1},{""price"":66439.54,""size"":0.00752529,""num_orders"":1},{""price"":66439.99,""size"":0.01061683,""num_orders"":1}]"
btc_usd_d10_20260721T150748Z,0,2026-07-21T15:07:48.503305Z,2026-07-21T15:07:48.503339Z,BTC-USD,10,ok,,133014185538,2026-07-21T15:07:46.675481420Z,0.42083627,0.69376854,-0.244869094007,66696.020000000004,66696.029999999999,66696.024999999994,0.009999999995,0.001499339727,"[{""price"":66696.02,""size"":0.15822465,""num_orders"":5},{""price"":66695.0,""size"":0.01,""num_orders"":1},{""price"":66694.68,""size"":0.0149937,""num_orders"":2},{""price"":66693.9,""size"":1.7e-05,""num_orders"":1},{""price"":66693.89,""size"":0.00022055,""num_orders"":1},{""price"":66693.08,""size"":0.001511,""num_orders"":1},{""price"":66691.44,""size"":0.02,""num_orders"":1},{""price"":66691.43,""size"":0.13123048,""num_orders"":2},{""price"":66691.24,""size"":0.06463889,""num_orders"":1},{""price"":66691.03,""size"":0.02,""num_orders"":1}]","[{""price"":66696.03,""size"":0.27281454,""num_orders"":8},{""price"":66697.37,""size"":0.0149931,""num_orders"":2},{""price"":66697.7,""size"":0.00524768,""num_orders"":1},{""price"":66698.0,""size"":0.0075,""num_orders"":1},{""price"":66699.41,""size"":0.02,""num_orders"":1},{""price"":66699.42,""size"":0.14921397,""num_orders"":1},{""price"":66699.43,""size"":0.08999872,""num_orders"":1},{""price"":66699.5,""size"":0.11994092,""num_orders"":1},{""price"":66699.95,""size"":0.00655961,""num_orders"":1},{""price"":66700.0,""size"":0.0075,""num_orders"":1}]"
btc_usd_d10_20260721T150748Z,1,2026-07-21T15:08:48.503305Z,2026-07-21T15:08:48.503425Z,BTC-USD,10,ok,,133014235820,2026-07-21T15:08:47.029614188Z,0.68770388,0.55761289,0.10446417581,66687.470000000001,66687.990000000005,66687.73000000001,0.520000000004,0.077975363684,"[{""price"":66687.47,""size"":0.0899986,""num_orders"":1},{""price"":66687.13,""size"":0.13312047,""num_orders"":2},{""price"":66686.0,""size"":0.0064,""num_orders"":1},{""price"":66684.99,""size"":0.04503559,""num_orders"":1},{""price"":66684.8,""size"":1.7e-05,""num_orders"":1},{""price"":66684.51,""size"":0.08999872,""num_orders"":1},{""price"":66684.0,""size"":0.0064,""num_orders"":1},{""price"":66683.42,""size"":0.02117792,""num_orders"":2},{""price"":66683.3,""size"":0.001511,""num_orders"":1},{""price"":66682.55,""size"":0.29404458,""num_orders"":1}]","[{""price"":66687.99,""size"":0.11996163,""num_orders"":1},{""price"":66690.05,""size"":0.08,""num_orders"":1},{""price"":66690.16,""size"":0.02,""num_orders"":1},{""price"":66690.59,""size"":0.06,""num_orders"":2},{""price"":66691.16,""size"":0.02289805,""num_orders"":2},{""price"":66691.43,""size"":0.02688625,""num_orders"":1},{""price"":66691.44,""size"":0.04503559,""num_orders"":1},{""price"":66693.87,""size"":0.02,""num_orders"":1},{""price"":66693.88,""size"":0.07283265,""num_orders"":1},{""price"":66694.86,""size"":0.08999872,""num_orders"":1}]"
btc_usd_d10_20260721T150748Z,2,2026-07-21T15:09:48.503305Z,2026-07-21T15:09:48.503421Z,BTC-USD,10,ok,,133014305970,2026-07-21T15:09:46.131617753Z,0.73950321,0.36293831,0.341573582969,66741.100000000006,66741.110000000001,66741.10500000001,0.009999999995,0.001498327005,"[{""price"":66741.1,""size"":0.23636746,""num_orders"":5},{""price"":66740.51,""size"":0.08653194,""num_orders"":2},{""price"":66739.76,""size"":0.01498358,""num_orders"":2},{""price"":66739.4,""size"":0.01823658,""num_orders"":2},{""price"":66738.0,""size"":0.0052,""num_orders"":1},{""price"":66737.19,""size"":0.02,""num_orders"":1},{""price"":66737.18,""size"":0.11987534,""num_orders"":1},{""price"":66737.12,""size"":0.00010758,""num_orders"":1},{""price"":66736.35,""size"":0.23781879,""num_orders"":2},{""price"":66736.05,""size"":0.00038194,""num_orders"":1}]","[{""price"":66741.11,""size"":0.18950979,""num_orders"":4},{""price"":66742.45,""size"":0.01498296,""num_orders"":2},{""price"":66742.78,""size"":0.00524414,""num_orders"":1},{""price"":66743.02,""size"":0.11986272,""num_orders"":1},{""price"":66743.32,""size"":0.00093318,""num_orders"":1},{""price"":66744.0,""size"":0.0052,""num_orders"":1},{""price"":66745.03,""size"":0.00655518,""num_orders"":1},{""price"":66745.11,""size"":9.364e-05,""num_orders"":1},{""price"":66746.0,""size"":0.0052,""num_orders"":1},{""price"":66746.12,""size"":0.0153567,""num_orders"":2}]"
btc_usd_d10_20260721T150748Z,3,2026-07-21T15:10:48.503305Z,2026-07-21T15:10:48.503437Z,BTC-USD,10,ok,,133014363248,2026-07-21T15:10:46.539670286Z,0.3204799,1.10127876,-0.549178198781,66738.360000000001,66738.369999999995,66738.364999999991,0.009999999995,0.00149838852,"[{""price"":66738.36,""size"":0.1156838,""num_orders"":3},{""price"":66738.0,""size"":0.006,""num_orders"":1},{""price"":66736.69,""size"":0.00524435,""num_orders"":1},{""price"":66736.58,""size"":0.00112097,""num_orders"":1},{""price"":66736.39,""size"":0.02,""num_orders"":1},{""price"":66736.19,""size"":0.02,""num_orders"":1},{""price"":66736.18,""size"":0.11987534,""num_orders"":1},{""price"":66736.0,""size"":0.006,""num_orders"":1},{""price"":66734.45,""size"":0.02,""num_orders"":1},{""price"":66734.44,""size"":0.00655544,""num_orders"":1}]","[{""price"":66738.37,""size"":0.29068083,""num_orders"":5},{""price"":66740.94,""size"":0.29404556,""num_orders"":1},{""price"":66741.95,""size"":0.29404556,""num_orders"":1},{""price"":66741.97,""size"":0.14983077,""num_orders"":1},{""price"":66742.0,""size"":0.006,""num_orders"":1},{""price"":66742.37,""size"":9.364e-05,""num_orders"":1},{""price"":66743.38,""size"":0.01535733,""num_orders"":2},{""price"":66743.93,""size"":0.04503559,""num_orders"":1},{""price"":66743.95,""size"":0.00018948,""num_orders"":1},{""price"":66744.0,""size"":0.006,""num_orders"":1}]"
btc_usd_d10_20260721T150748Z,4,2026-07-21T15:11:48.503305Z,2026-07-21T15:11:48.503457Z,BTC-USD,10,ok,,133014415099,2026-07-21T15:11:48.045906792Z,1.13393959,0.88672748,0.122341831403,66680.729999999996,66680.740000000005,66680.735000000001,0.010000000009,0.001499683531,"[{""price"":66680.73,""size"":0.18300981,""num_orders"":4},{""price"":66679.39,""size"":0.01499714,""num_orders"":2},{""price"":66678.04,""size"":0.02,""num_orders"":1},{""price"":66678.03,""size"":0.27976967,""num_orders"":1},{""price"":66678.02,""size"":0.11987534,""num_orders"":1},{""price"":66678.01,""size"":0.04503559,""num_orders"":1},{""price"":66678.0,""size"":0.30220399,""num_orders"":1},{""price"":66676.78,""size"":0.001511,""num_orders"":1},{""price"":66676.28,""size"":0.16023705,""num_orders"":2},{""price"":66676.0,""size"":0.0073,""num_orders"":1}]","[{""price"":66680.74,""size"":0.34814741,""num_orders"":6},{""price"":66681.03,""size"":0.00074984,""num_orders"":1},{""price"":66682.08,""size"":0.01499654,""num_orders"":2},{""price"":66682.29,""size"":0.11997189,""num_orders"":1},{""price"":66682.41,""size"":0.00524889,""num_orders"":1},{""price"":66683.29,""size"":0.08367067,""num_orders"":1},{""price"":66683.42,""size"":0.00016203,""num_orders"":1},{""price"":66683.85,""size"":0.2999191,""num_orders"":1},{""price"":66684.0,""size"":0.0073,""num_orders"":1},{""price"":66684.66,""size"":0.00656111,""num_orders"":1}]"
btc_usd_d10_20260721T150748Z,5,2026-07-21T15:12:48.503305Z,2026-07-21T15:12:48.503432Z,BTC-USD,10,ok,,133014463673,2026-07-21T15:12:47.047143204Z,0.76495963,0.60510433,0.11667725352,66709.610000000001,66709.619999999995,66709.614999999991,0.009999999995,0.001499034284,"[{""price"":66709.61,""size"":0.0253,""num_orders"":1},{""price"":66708.42,""size"":0.08264316,""num_orders"":2},{""price"":66708.41,""size"":0.08993899,""num_orders"":1},{""price"":66706.36,""size"":0.1568455,""num_orders"":1},{""price"":66706.33,""size"":0.089939,""num_orders"":1},{""price"":66706.3,""size"":0.06484819,""num_orders"":2},{""price"":66705.05,""size"":0.04503559,""num_orders"":1},{""price"":66705.0,""size"":0.01,""num_orders"":1},{""price"":66704.0,""size"":0.0076,""num_orders"":1},{""price"":66703.12,""size"":0.1928092,""num_orders"":1}]","[{""price"":66709.62,""size"":0.06,""num_orders"":2},{""price"":66709.69,""size"":0.07566637,""num_orders"":1},{""price"":66710.48,""size"":0.00074952,""num_orders"":1},{""price"":66710.96,""size"":0.01499004,""num_orders"":2},{""price"":66711.35,""size"":0.00524666,""num_orders"":1},{""price"":66711.42,""size"":0.14989937,""num_orders"":1},{""price"":66712.0,""size"":0.0076,""num_orders"":1},{""price"":66713.6,""size"":0.00655833,""num_orders"":1},{""price"":66713.66,""size"":0.22439404,""num_orders"":1},{""price"":66713.67,""size"":0.06,""num_orders"":2}]"
btc_usd_d10_20260721T150748Z,6,2026-07-21T15:13:48.503305Z,2026-07-21T15:13:48.503426Z,BTC-USD,10,ok,,133014513030,2026-07-21T15:13:45.844939273Z,0.6905919,0.86306516,-0.111011151972,66734.100000000006,66734.110000000001,66734.10500000001,0.009999999995,0.00149848417,"[{""price"":66734.1,""size"":0.09454622,""num_orders"":2},{""price"":66732.76,""size"":0.01498514,""num_orders"":2},{""price"":66732.0,""size"":0.0069,""num_orders"":1},{""price"":66731.35,""size"":0.089939,""num_orders"":1},{""price"":66730.73,""size"":0.04503559,""num_orders"":1},{""price"":66730.0,""size"":0.0069,""num_orders"":1},{""price"":66729.33,""size"":0.27124353,""num_orders"":2},{""price"":66729.32,""size"":0.089939,""num_orders"":1},{""price"":66729.28,""size"":0.06420342,""num_orders"":1},{""price"":66728.0,""size"":0.0069,""num_orders"":1}]","[{""price"":66734.11,""size"":0.22897498,""num_orders"":6},{""price"":66734.34,""size"":0.11987831,""num_orders"":1},{""price"":66735.35,""size"":0.00130715,""num_orders"":5},{""price"":66735.45,""size"":0.01498454,""num_orders"":2},{""price"":66735.89,""size"":0.12,""num_orders"":2},{""price"":66736.0,""size"":0.0069,""num_orders"":1},{""price"":66736.6,""size"":0.07013149,""num_orders"":1},{""price"":66736.82,""size"":0.14414638,""num_orders"":2},{""price"":66736.83,""size"":0.14984231,""num_orders"":1},{""price"":66738.0,""size"":0.0069,""num_orders"":1}]"
btc_usd_d10_20260721T150748Z,7,2026-07-21T15:14:48.503305Z,2026-07-21T15:14:48.503442Z,BTC-USD,10,ok,,133014548608,2026-07-21T15:14:47.044946198Z,0.45932136,0.75186173,-0.241532739695,66710,66710.009999999995,66710.005000000005,0.009999999995,0.00149902552,"[{""price"":66710.0,""size"":0.22097129,""num_orders"":2},{""price"":66709.14,""size"":0.0005181,""num_orders"":2},{""price"":66708.66,""size"":0.01499056,""num_orders"":2},{""price"":66708.0,""size"":0.03997081,""num_orders"":1},{""price"":66707.55,""size"":1.7e-05,""num_orders"":1},{""price"":66706.12,""size"":0.001511,""num_orders"":1},{""price"":66706.07,""size"":0.06630791,""num_orders"":1},{""price"":66706.0,""size"":0.0076,""num_orders"":1},{""price"":66705.86,""size"":0.089939,""num_orders"":1},{""price"":66705.0,""size"":0.01749569,""num_orders"":2}]","[{""price"":66710.01,""size"":0.22885662,""num_orders"":10},{""price"":66710.21,""size"":0.02,""num_orders"":1},{""price"":66710.22,""size"":0.11992167,""num_orders"":1},{""price"":66710.99,""size"":0.14,""num_orders"":3},{""price"":66711.13,""size"":0.06,""num_orders"":2},{""price"":66711.28,""size"":0.07016946,""num_orders"":1},{""price"":66711.35,""size"":0.01498996,""num_orders"":2},{""price"":66711.68,""size"":0.00524658,""num_orders"":1},{""price"":66712.74,""size"":0.02,""num_orders"":1},{""price"":66712.75,""size"":0.07267744,""num_orders"":1}]"
btc_usd_d10_20260721T150748Z,8,2026-07-21T15:15:48.503305Z,2026-07-21T15:15:48.503439Z,BTC-USD,10,ok,,133014597649,2026-07-21T15:15:48.047771721Z,0.70160355,0.81645848,-0.075658917574,66659.080000000002,66659.089999999997,66659.084999999992,0.009999999995,0.001500170606,"[{""price"":66659.08,""size"":0.23583841,""num_orders"":3},{""price"":66658.0,""size"":0.0075,""num_orders"":1},{""price"":66657.74,""size"":0.015002,""num_orders"":2},{""price"":66657.66,""size"":0.00280174,""num_orders"":1},{""price"":66656.77,""size"":0.05372603,""num_orders"":1},{""price"":66656.76,""size"":0.08999335,""num_orders"":1},{""price"":66656.0,""size"":0.0075,""num_orders"":1},{""price"":66655.38,""size"":0.15423688,""num_orders"":2},{""price"":66654.6,""size"":0.04501179,""num_orders"":1},{""price"":66654.59,""size"":0.08999335,""num_orders"":1}]","[{""price"":66659.09,""size"":0.18088417,""num_orders"":6},{""price"":66659.51,""size"":0.12001288,""num_orders"":1},{""price"":66660.43,""size"":0.0150014,""num_orders"":2},{""price"":66660.76,""size"":0.00525059,""num_orders"":1},{""price"":66661.85,""size"":0.00750087,""num_orders"":1},{""price"":66662.24,""size"":0.00120043,""num_orders"":1},{""price"":66662.34,""size"":0.30003752,""num_orders"":1},{""price"":66662.38,""size"":0.06,""num_orders"":2},{""price"":66662.57,""size"":0.12000738,""num_orders"":1},{""price"":66663.01,""size"":0.00656324,""num_orders"":1}]"
btc_usd_d10_20260721T150748Z,9,2026-07-21T15:16:48.503305Z,2026-07-21T15:16:48.503442Z,BTC-USD,10,ok,,133014649541,2026-07-21T15:16:46.189479275Z,0.5034158,0.55559776,-0.049274118832,66660.539999999994,66660.550000000003,66660.544999999998,0.010000000009,0.001500137752,"[{""price"":66660.54,""size"":0.18693883,""num_orders"":2},{""price"":66658.87,""size"":0.00525048,""num_orders"":1},{""price"":66658.74,""size"":0.00196836,""num_orders"":1},{""price"":66658.0,""size"":0.0071,""num_orders"":1},{""price"":66656.62,""size"":0.0065631,""num_orders"":1},{""price"":66656.0,""size"":0.0071,""num_orders"":1},{""price"":66655.6,""size"":0.02,""num_orders"":1},{""price"":66655.59,""size"":0.17140168,""num_orders"":1},{""price"":66655.58,""size"":0.08999335,""num_orders"":1},{""price"":66654.0,""size"":0.0071,""num_orders"":1}]","[{""price"":66660.55,""size"":0.17664241,""num_orders"":7},{""price"":66661.82,""size"":0.07027088,""num_orders"":2},{""price"":66662.05,""size"":1.7e-05,""num_orders"":1},{""price"":66663.32,""size"":5.82e-05,""num_orders"":1},{""price"":66663.74,""size"":0.001511,""num_orders"":1},{""price"":66664.0,""size"":0.0071,""num_orders"":1},{""price"":66664.28,""size"":0.02,""num_orders"":1},{""price"":66664.48,""size"":0.15000492,""num_orders"":1},{""price"":66665.27,""size"":0.08999335,""num_orders"":1},{""price"":66665.28,""size"":0.04,""num_orders"":1}]"
btc_usd_d10_20260721T150748Z,10,2026-07-21T15:17:48.503305Z,2026-07-21T15:17:48.503448Z,BTC-USD,10,ok,,133014696836,2026-07-21T15:17:47.547052114Z,0.97603792,0.2291648,0.61970746299,66688.649999999994,66688.660000000003,66688.654999999999,0.010000000009,0.001499505427,"[{""price"":66688.65,""size"":0.28556495,""num_orders"":6},{""price"":66688.18,""size"":0.04758012,""num_orders"":1},{""price"":66688.17,""size"":0.04501541,""num_orders"":1},{""price"":66688.15,""size"":0.02,""num_orders"":1},{""price"":66688.0,""size"":0.0079,""num_orders"":1},{""price"":66686.98,""size"":0.00524826,""num_orders"":1},{""price"":66686.44,""size"":0.34687024,""num_orders"":2},{""price"":66686.0,""size"":0.0079,""num_orders"":1},{""price"":66685.78,""size"":0.11996559,""num_orders"":1},{""price"":66685.35,""size"":0.08999335,""num_orders"":1}]","[{""price"":66688.66,""size"":0.07033078,""num_orders"":2},{""price"":66688.82,""size"":9.372e-05,""num_orders"":1},{""price"":66689.35,""size"":1.7e-05,""num_orders"":1},{""price"":66689.82,""size"":0.0074974,""num_orders"":1},{""price"":66692.92,""size"":0.02,""num_orders"":1},{""price"":66693.08,""size"":0.001511,""num_orders"":1},{""price"":66693.42,""size"":0.11995186,""num_orders"":1},{""price"":66693.66,""size"":0.00787181,""num_orders"":1},{""price"":66693.71,""size"":0.00187423,""num_orders"":1},{""price"":66693.9,""size"":1.7e-05,""num_orders"":1}]"
btc_usd_d10_20260721T150748Z,11,2026-07-21T15:18:48.503305Z,2026-07-21T15:18:48.503429Z,BTC-USD,10,ok,,133014744700,2026-07-21T15:18:46.545291968Z,0.37984636,0.43437287,-0.06696784845,66707.789999999994,66707.800000000003,66707.794999999998,0.010000000009,0.001499075184,"[{""price"":66707.79,""size"":0.12120068,""num_orders"":1},{""price"":66707.54,""size"":0.00105952,""num_orders"":1},{""price"":66707.0,""size"":0.13238595,""num_orders"":1},{""price"":66706.99,""size"":0.04501535,""num_orders"":1},{""price"":66706.45,""size"":0.01499106,""num_orders"":2},{""price"":66706.12,""size"":0.00524676,""num_orders"":1},{""price"":66706.0,""size"":0.0067,""num_orders"":1},{""price"":66704.06,""size"":0.02,""num_orders"":1},{""price"":66704.05,""size"":0.02654704,""num_orders"":1},{""price"":66704.0,""size"":0.0067,""num_orders"":1}]","[{""price"":66707.8,""size"":0.2150637,""num_orders"":5},{""price"":66709.14,""size"":0.01499044,""num_orders"":2},{""price"":66709.46,""size"":0.11992302,""num_orders"":1},{""price"":66709.47,""size"":0.00524676,""num_orders"":1},{""price"":66710.64,""size"":0.00083107,""num_orders"":5},{""price"":66711.72,""size"":0.00655845,""num_orders"":1},{""price"":66711.73,""size"":0.07017411,""num_orders"":1},{""price"":66712.1,""size"":1.7e-05,""num_orders"":1},{""price"":66712.4,""size"":5.732e-05,""num_orders"":1},{""price"":66712.64,""size"":0.001511,""num_orders"":1}]"
btc_usd_d10_20260721T150748Z,12,2026-07-21T15:19:48.503305Z,2026-07-21T15:19:48.503420Z,BTC-USD,10,ok,,133014776585,2026-07-21T15:19:46.036939295Z,0.31152914,0.92013014,-0.494130974274,66708.880000000005,66708.889999999999,66708.885000000009,0.009999999995,0.001499050688,"[{""price"":66708.88,""size"":0.09981378,""num_orders"":3},{""price"":66707.27,""size"":0.01499086,""num_orders"":2},{""price"":66706.94,""size"":0.00524669,""num_orders"":1},{""price"":66706.06,""size"":0.04501541,""num_orders"":1},{""price"":66706.0,""size"":0.0074,""num_orders"":1},{""price"":66705.28,""size"":0.00251068,""num_orders"":1},{""price"":66705.11,""size"":0.02,""num_orders"":1},{""price"":66705.1,""size"":0.08999335,""num_orders"":1},{""price"":66704.7,""size"":0.02,""num_orders"":1},{""price"":66704.69,""size"":0.00655837,""num_orders"":1}]","[{""price"":66708.89,""size"":0.56832804,""num_orders"":7},{""price"":66709.96,""size"":0.01499026,""num_orders"":2},{""price"":66710.29,""size"":0.00524679,""num_orders"":1},{""price"":66710.4,""size"":0.15741298,""num_orders"":3},{""price"":66710.61,""size"":0.14990119,""num_orders"":1},{""price"":66710.64,""size"":0.00083107,""num_orders"":5},{""price"":66711.46,""size"":0.016787,""num_orders"":1},{""price"":66712.1,""size"":1.7e-05,""num_orders"":1},{""price"":66712.4,""size"":5.732e-05,""num_orders"":1},{""price"":66712.54,""size"":0.00655849,""num_orders"":1}]"
btc_usd_d10_20260721T150748Z,13,2026-07-21T15:20:48.503305Z,2026-07-21T15:20:48.503395Z,BTC-USD,10,ok,,133014830020,2026-07-21T15:20:47.178395963Z,0.48318004,0.52997579,-0.046188107115,66688.020000000004,66688.029999999999,66688.024999999994,0.009999999995,0.001499519591,"[{""price"":66688.02,""size"":0.14479894,""num_orders"":4},{""price"":66686.34,""size"":0.00524827,""num_orders"":1},{""price"":66686.0,""size"":0.006,""num_orders"":1},{""price"":66684.79,""size"":8.727e-05,""num_orders"":1},{""price"":66684.0,""size"":0.006,""num_orders"":1},{""price"":66683.59,""size"":0.00656044,""num_orders"":1},{""price"":66683.52,""size"":0.08999335,""num_orders"":1},{""price"":66682.0,""size"":0.006,""num_orders"":1},{""price"":66681.59,""size"":0.13439177,""num_orders"":1},{""price"":66681.58,""size"":0.0841,""num_orders"":1}]","[{""price"":66688.03,""size"":0.16249328,""num_orders"":5},{""price"":66688.37,""size"":0.0154431,""num_orders"":1},{""price"":66689.3,""size"":0.00749903,""num_orders"":1},{""price"":66689.35,""size"":1.7e-05,""num_orders"":1},{""price"":66690.0,""size"":0.006,""num_orders"":1},{""price"":66690.58,""size"":0.02,""num_orders"":1},{""price"":66690.59,""size"":0.07024579,""num_orders"":1},{""price"":66690.84,""size"":0.08999335,""num_orders"":1},{""price"":66690.85,""size"":0.14994562,""num_orders"":1},{""price"":66691.18,""size"":0.00833862,""num_orders"":1}]"
btc_usd_d10_20260721T150748Z,14,2026-07-21T15:21:48.503305Z,2026-07-21T15:21:48.503442Z,BTC-USD,10,ok,,133014887998,2026-07-21T15:21:45.600528905Z,0.46111935,0.41774965,0.049347172332,66695.710000000006,66695.720000000001,66695.714999999997,0.009999999995,0.001499346696,"[{""price"":66695.71,""size"":0.32891481,""num_orders"":8},{""price"":66694.4,""size"":0.0326367,""num_orders"":1},{""price"":66694.39,""size"":0.02,""num_orders"":1},{""price"":66694.37,""size"":0.01499376,""num_orders"":2},{""price"":66694.02,""size"":0.01475708,""num_orders"":2},{""price"":66694.0,""size"":0.0049,""num_orders"":1},{""price"":66693.9,""size"":1.7e-05,""num_orders"":1},{""price"":66692.01,""size"":0.02,""num_orders"":1},{""price"":66692.0,""size"":0.0049,""num_orders"":1},{""price"":66691.88,""size"":0.02,""num_orders"":1}]","[{""price"":66695.72,""size"":0.13448302,""num_orders"":5},{""price"":66696.44,""size"":0.11994643,""num_orders"":1},{""price"":66697.06,""size"":0.01499316,""num_orders"":2},{""price"":66697.38,""size"":0.00524777,""num_orders"":1},{""price"":66698.46,""size"":0.00036721,""num_orders"":3},{""price"":66698.92,""size"":0.00074967,""num_orders"":1},{""price"":66699.01,""size"":0.11994182,""num_orders"":1},{""price"":66699.63,""size"":0.00655972,""num_orders"":1},{""price"":66699.72,""size"":9.37e-05,""num_orders"":1},{""price"":66700.72,""size"":0.01536715,""num_orders"":2}]"
btc_usd_d10_20260721T150748Z,15,2026-07-21T15:22:48.503305Z,2026-07-21T15:22:48.503448Z,BTC-USD,10,ok,,133014948462,2026-07-21T15:22:45.546425109Z,0.52099531,0.41463579,0.113676768547,66705.350000000006,66705.360000000001,66705.35500000001,0.009999999995,0.001499130017,"[{""price"":66705.35,""size"":0.11420883,""num_orders"":5},{""price"":66704.01,""size"":0.0149916,""num_orders"":2},{""price"":66704.0,""size"":0.0046,""num_orders"":1},{""price"":66703.68,""size"":0.00524695,""num_orders"":1},{""price"":66702.0,""size"":0.0046,""num_orders"":1},{""price"":66701.43,""size"":0.00655869,""num_orders"":1},{""price"":66701.07,""size"":0.02,""num_orders"":1},{""price"":66701.06,""size"":0.1208563,""num_orders"":2},{""price"":66700.25,""size"":0.02,""num_orders"":1},{""price"":66700.24,""size"":0.20993294,""num_orders"":2}]","[{""price"":66705.36,""size"":0.12027214,""num_orders"":3},{""price"":66706.7,""size"":0.014991,""num_orders"":2},{""price"":66706.89,""size"":0.00749632,""num_orders"":1},{""price"":66707.08,""size"":0.00592,""num_orders"":1},{""price"":66707.09,""size"":0.08,""num_orders"":1},{""price"":66707.55,""size"":1.7e-05,""num_orders"":1},{""price"":66708.0,""size"":0.00592,""num_orders"":1},{""price"":66708.01,""size"":0.11992564,""num_orders"":1},{""price"":66708.03,""size"":0.06,""num_orders"":2},{""price"":66709.36,""size"":9.369e-05,""num_orders"":1}]"
btc_usd_d10_20260721T150748Z,16,2026-07-21T15:23:48.503305Z,2026-07-21T15:23:48.503438Z,BTC-USD,10,ok,,133015011755,2026-07-21T15:23:46.843388724Z,0.12202503,0.66485741,-0.689851942814,66667.520000000004,66667.529999999999,66667.524999999994,0.009999999995,0.001499980687,"[{""price"":66667.52,""size"":0.00749989,""num_orders"":1},{""price"":66666.6,""size"":1.7e-05,""num_orders"":1},{""price"":66666.18,""size"":0.0150001,""num_orders"":2},{""price"":66665.0,""size"":0.01,""num_orders"":1},{""price"":66664.0,""size"":0.0046,""num_orders"":1},{""price"":66663.74,""size"":0.001511,""num_orders"":1},{""price"":66662.05,""size"":1.7e-05,""num_orders"":1},{""price"":66662.0,""size"":0.0046,""num_orders"":1},{""price"":66660.65,""size"":0.03376154,""num_orders"":1},{""price"":66660.64,""size"":0.0450185,""num_orders"":1}]","[{""price"":66667.53,""size"":0.23974313,""num_orders"":7},{""price"":66668.0,""size"":0.0046,""num_orders"":1},{""price"":66668.87,""size"":0.0149995,""num_orders"":2},{""price"":66669.2,""size"":0.00524993,""num_orders"":1},{""price"":66670.82,""size"":0.08662041,""num_orders"":1},{""price"":66670.83,""size"":0.23998399,""num_orders"":2},{""price"":66670.85,""size"":0.04,""num_orders"":2},{""price"":66671.45,""size"":0.00656241,""num_orders"":1},{""price"":66672.0,""size"":0.0046,""num_orders"":1},{""price"":66673.97,""size"":0.02249804,""num_orders"":1}]"
btc_usd_d10_20260721T150748Z,17,2026-07-21T15:24:48.503305Z,2026-07-21T15:24:48.503421Z,BTC-USD,10,ok,,133015051848,2026-07-21T15:24:46.534653615Z,0.34440284,1.16123408,-0.542515416001,66671.139999999999,66671.149999999994,66671.14499999999,0.009999999995,0.001499899243,"[{""price"":66671.14,""size"":0.00074994,""num_orders"":1},{""price"":66668.0,""size"":0.0051,""num_orders"":1},{""price"":66666.0,""size"":0.0051,""num_orders"":1},{""price"":66664.0,""size"":0.0053,""num_orders"":1},{""price"":66662.51,""size"":0.08999335,""num_orders"":1},{""price"":66662.0,""size"":0.0053,""num_orders"":1},{""price"":66661.05,""size"":0.12001009,""num_orders"":1},{""price"":66660.51,""size"":0.00749791,""num_orders"":1},{""price"":66660.5,""size"":0.09005155,""num_orders"":2},{""price"":66660.0,""size"":0.0153,""num_orders"":2}]","[{""price"":66671.15,""size"":0.33221642,""num_orders"":11},{""price"":66671.22,""size"":0.07915982,""num_orders"":1},{""price"":66671.23,""size"":0.11249734,""num_orders"":2},{""price"":66672.0,""size"":0.0051,""num_orders"":1},{""price"":66672.49,""size"":0.01499868,""num_orders"":2},{""price"":66673.52,""size"":0.001511,""num_orders"":1},{""price"":66673.81,""size"":0.08999335,""num_orders"":1},{""price"":66673.82,""size"":0.07022265,""num_orders"":1},{""price"":66674.0,""size"":0.0051,""num_orders"":1},{""price"":66674.83,""size"":0.45043482,""num_orders"":1}]"
btc_usd_d10_20260721T150748Z,18,2026-07-21T15:25:48.503305Z,2026-07-21T15:25:48.503430Z,BTC-USD,10,ok,,133015095833,2026-07-21T15:25:45.547690066Z,0.34985296,0.57891916,-0.246633372242,66662.050000000003,66662.059999999998,66662.054999999993,0.009999999995,0.001500103769,"[{""price"":66662.05,""size"":0.00010426,""num_orders"":2},{""price"":66662.0,""size"":0.0051,""num_orders"":1},{""price"":66660.0,""size"":0.0151,""num_orders"":2},{""price"":66658.69,""size"":0.12319385,""num_orders"":1},{""price"":66658.68,""size"":0.08999335,""num_orders"":1},{""price"":66658.66,""size"":0.06545944,""num_orders"":1},{""price"":66658.37,""size"":0.00076656,""num_orders"":1},{""price"":66658.0,""size"":0.0051,""num_orders"":1},{""price"":66657.5,""size"":1.7e-05,""num_orders"":1},{""price"":66656.6,""size"":0.0450185,""num_orders"":1}]","[{""price"":66662.06,""size"":0.13501172,""num_orders"":2},{""price"":66665.19,""size"":0.15000332,""num_orders"":1},{""price"":66666.0,""size"":0.0051,""num_orders"":1},{""price"":66666.59,""size"":0.08999335,""num_orders"":1},{""price"":66666.6,""size"":0.0450185,""num_orders"":1},{""price"":66666.61,""size"":0.07020473,""num_orders"":1},{""price"":66667.34,""size"":0.016793,""num_orders"":1},{""price"":66668.0,""size"":0.00519375,""num_orders"":2},{""price"":66668.73,""size"":0.00787476,""num_orders"":1},{""price"":66668.91,""size"":0.05372603,""num_orders"":1}]"
btc_usd_d10_20260721T150748Z,19,2026-07-21T15:26:48.503305Z,2026-07-21T15:26:48.503438Z,BTC-USD,10,ok,,133015142229,2026-07-21T15:26:47.186216392Z,0.4736196,0.48147517,-0.008224911545,66627.460000000006,66627.470000000001,66627.464999999997,0.009999999995,0.001500882556,"[{""price"":66627.46,""size"":0.10224439,""num_orders"":4},{""price"":66626.33,""size"":0.01027114,""num_orders"":1},{""price"":66626.12,""size"":0.01500912,""num_orders"":2},{""price"":66624.38,""size"":0.04502883,""num_orders"":1},{""price"":66624.35,""size"":0.08999335,""num_orders"":1},{""price"":66624.0,""size"":0.0053,""num_orders"":1},{""price"":66622.44,""size"":0.01500996,""num_orders"":2},{""price"":66622.07,""size"":0.02,""num_orders"":1},{""price"":66622.0,""size"":0.0053,""num_orders"":1},{""price"":66621.39,""size"":0.16546281,""num_orders"":1}]","[{""price"":66627.47,""size"":0.16080113,""num_orders"":7},{""price"":66628.0,""size"":0.0053,""num_orders"":1},{""price"":66628.81,""size"":0.01500852,""num_orders"":2},{""price"":66629.14,""size"":0.00525308,""num_orders"":1},{""price"":66629.32,""size"":0.00750422,""num_orders"":1},{""price"":66629.67,""size"":0.12006663,""num_orders"":1},{""price"":66629.68,""size"":0.0020002,""num_orders"":1},{""price"":66630.0,""size"":0.0053,""num_orders"":1},{""price"":66630.98,""size"":0.08999335,""num_orders"":1},{""price"":66630.99,""size"":0.07024804,""num_orders"":1}]"
btc_usd_d10_20260721T150748Z,20,2026-07-21T15:27:48.503305Z,2026-07-21T15:27:48.503410Z,BTC-USD,10,ok,,133015188483,2026-07-21T15:27:47.031212655Z,0.46946403,0.458826,0.011459812835,66620.009999999995,66620.020000000004,66620.014999999999,0.010000000009,0.001501050399,"[{""price"":66620.01,""size"":0.08319687,""num_orders"":4},{""price"":66618.67,""size"":0.0150108,""num_orders"":2},{""price"":66618.34,""size"":0.00525367,""num_orders"":1},{""price"":66618.0,""size"":0.0053,""num_orders"":1},{""price"":66616.6,""size"":0.02,""num_orders"":1},{""price"":66616.59,""size"":0.14292727,""num_orders"":2},{""price"":66616.58,""size"":0.09007005,""num_orders"":2},{""price"":66616.55,""size"":0.09583828,""num_orders"":3},{""price"":66616.09,""size"":0.00656709,""num_orders"":1},{""price"":66616.0,""size"":0.0053,""num_orders"":1}]","[{""price"":66620.02,""size"":0.19574201,""num_orders"":5},{""price"":66621.25,""size"":0.02,""num_orders"":1},{""price"":66621.36,""size"":0.0150102,""num_orders"":2},{""price"":66621.69,""size"":0.00525367,""num_orders"":1},{""price"":66621.99,""size"":0.00060857,""num_orders"":3},{""price"":66622.62,""size"":0.12007933,""num_orders"":1},{""price"":66623.94,""size"":0.00656709,""num_orders"":1},{""price"":66624.0,""size"":0.0053,""num_orders"":1},{""price"":66624.67,""size"":0.02,""num_orders"":1},{""price"":66624.68,""size"":0.07026513,""num_orders"":1}]"
btc_usd_d10_20260721T150748Z,21,2026-07-21T15:28:48.503305Z,2026-07-21T15:28:48.503435Z,BTC-USD,10,ok,,133015236521,2026-07-21T15:28:47.537505741Z,8.59125103,0.93230276,0.804211163068,66634.75,66634.759999999995,66634.755000000005,0.009999999995,0.001500718356,"[{""price"":66634.75,""size"":0.04144733,""num_orders"":4},{""price"":66634.0,""size"":0.0074,""num_orders"":1},{""price"":66633.58,""size"":0.0217125,""num_orders"":2},{""price"":66633.41,""size"":0.01500748,""num_orders"":2},{""price"":66632.0,""size"":0.0074,""num_orders"":1},{""price"":66631.15,""size"":0.02,""num_orders"":1},{""price"":66631.14,""size"":0.001511,""num_orders"":1},{""price"":66630.22,""size"":0.02,""num_orders"":1},{""price"":66630.21,""size"":3.24964926,""num_orders"":3},{""price"":66630.2,""size"":5.20712346,""num_orders"":2}]","[{""price"":66634.76,""size"":0.20070077,""num_orders"":6},{""price"":66635.69,""size"":0.08999335,""num_orders"":1},{""price"":66635.7,""size"":0.0702476,""num_orders"":1},{""price"":66636.1,""size"":0.01500688,""num_orders"":2},{""price"":66636.37,""size"":0.0075032,""num_orders"":1},{""price"":66636.43,""size"":0.00525251,""num_orders"":1},{""price"":66637.09,""size"":0.30012811,""num_orders"":1},{""price"":66638.0,""size"":0.0074,""num_orders"":1},{""price"":66638.1,""size"":0.19607034,""num_orders"":5},{""price"":66638.4,""size"":0.04,""num_orders"":1}]"
btc_usd_d10_20260721T150748Z,22,2026-07-21T15:29:48.503305Z,2026-07-21T15:29:48.503421Z,BTC-USD,10,ok,,133015283125,2026-07-21T15:29:48.046310684Z,0.75580922,2.32852901,-0.509905098832,66605.619999999995,66605.630000000005,66605.625,0.010000000009,0.001501374698,"[{""price"":66605.62,""size"":0.45902774,""num_orders"":2},{""price"":66604.29,""size"":0.01501404,""num_orders"":2},{""price"":66602.91,""size"":1.5e-07,""num_orders"":1},{""price"":66602.9,""size"":0.01594952,""num_orders"":2},{""price"":66601.0,""size"":7.45e-05,""num_orders"":1},{""price"":66600.64,""size"":0.04886112,""num_orders"":1},{""price"":66600.62,""size"":0.00750744,""num_orders"":1},{""price"":66600.0,""size"":0.07433699,""num_orders"":7},{""price"":66599.03,""size"":0.08999335,""num_orders"":1},{""price"":66599.02,""size"":0.04504437,""num_orders"":1}]","[{""price"":66605.63,""size"":1.55026601,""num_orders"":8},{""price"":66605.64,""size"":0.12072437,""num_orders"":2},{""price"":66605.73,""size"":0.07028718,""num_orders"":1},{""price"":66606.98,""size"":0.01501344,""num_orders"":2},{""price"":66607.3,""size"":0.00525486,""num_orders"":1},{""price"":66608.35,""size"":0.15013134,""num_orders"":1},{""price"":66609.46,""size"":0.02,""num_orders"":1},{""price"":66609.47,""size"":0.30028988,""num_orders"":1},{""price"":66609.54,""size"":0.08999335,""num_orders"":1},{""price"":66609.55,""size"":0.00656858,""num_orders"":1}]"
btc_usd_d10_20260721T150748Z,23,2026-07-21T15:30:48.503305Z,2026-07-21T15:30:48.503422Z,BTC-USD,10,ok,,133015344827,2026-07-21T15:30:48.047637668Z,0.47660052,0.47377154,0.00297670788,66547.350000000006,66547.360000000001,66547.35500000001,0.009999999995,0.001502689325,"[{""price"":66547.35,""size"":0.14933704,""num_orders"":4},{""price"":66546.75,""size"":0.16902954,""num_orders"":2},{""price"":66546.74,""size"":0.00110602,""num_orders"":1},{""price"":66546.0,""size"":0.0083,""num_orders"":1},{""price"":66545.71,""size"":0.04508312,""num_orders"":1},{""price"":66545.69,""size"":0.08999335,""num_orders"":1},{""price"":66545.09,""size"":0.00017521,""num_orders"":1},{""price"":66545.07,""size"":0.00525946,""num_orders"":1},{""price"":66544.0,""size"":0.0083,""num_orders"":1},{""price"":66543.75,""size"":1.678e-05,""num_orders"":1}]","[{""price"":66547.36,""size"":0.03503051,""num_orders"":2},{""price"":66548.99,""size"":0.02,""num_orders"":1},{""price"":66549.02,""size"":0.00525943,""num_orders"":1},{""price"":66549.09,""size"":0.00024439,""num_orders"":1},{""price"":66549.99,""size"":0.02,""num_orders"":1},{""price"":66550.0,""size"":0.0083,""num_orders"":1},{""price"":66550.03,""size"":0.30051192,""num_orders"":1},{""price"":66550.34,""size"":0.00657442,""num_orders"":1},{""price"":66550.88,""size"":0.0075128,""num_orders"":1},{""price"":66550.95,""size"":0.07033807,""num_orders"":1}]"
btc_usd_d10_20260721T150748Z,24,2026-07-21T15:31:48.503305Z,2026-07-21T15:31:48.503425Z,BTC-USD,10,ok,,133015398060,2026-07-21T15:31:48.045510275Z,0.3436983,0.37592159,-0.044778209229,66557.389999999999,66557.399999999994,66557.39499999999,0.009999999995,0.001502462648,"[{""price"":66557.39,""size"":0.06296064,""num_orders"":4},{""price"":66556.08,""size"":0.04508312,""num_orders"":1},{""price"":66556.07,""size"":0.08520437,""num_orders"":2},{""price"":66556.05,""size"":0.01502494,""num_orders"":2},{""price"":66556.0,""size"":0.0068,""num_orders"":1},{""price"":66555.72,""size"":0.00525861,""num_orders"":1},{""price"":66554.49,""size"":0.08999335,""num_orders"":1},{""price"":66554.0,""size"":0.0068,""num_orders"":1},{""price"":66553.49,""size"":0.02,""num_orders"":1},{""price"":66553.48,""size"":0.00657327,""num_orders"":1}]","[{""price"":66557.4,""size"":0.13553477,""num_orders"":6},{""price"":66558.74,""size"":0.01502432,""num_orders"":2},{""price"":66558.99,""size"":5.82e-05,""num_orders"":1},{""price"":66559.08,""size"":0.00075123,""num_orders"":1},{""price"":66560.0,""size"":0.0068,""num_orders"":1},{""price"":66560.06,""size"":0.02,""num_orders"":1},{""price"":66560.07,""size"":0.00751368,""num_orders"":1},{""price"":66560.43,""size"":0.02,""num_orders"":1},{""price"":66560.44,""size"":0.15023939,""num_orders"":1},{""price"":66561.35,""size"":0.02,""num_orders"":1}]"
btc_usd_d10_20260721T150748Z,25,2026-07-21T15:32:48.503305Z,2026-07-21T15:32:48.503426Z,BTC-USD,10,ok,,133015445013,2026-07-21T15:32:46.130354624Z,0.36903305,0.54702179,-0.194299219029,66572.110000000001,66572.119999999995,66572.114999999991,0.009999999995,0.001502130433,"[{""price"":66572.11,""size"":0.13036037,""num_orders"":5},{""price"":66572.01,""size"":0.02189739,""num_orders"":1},{""price"":66572.0,""size"":0.0082,""num_orders"":1},{""price"":66570.77,""size"":0.0150216,""num_orders"":2},{""price"":66570.44,""size"":0.00525745,""num_orders"":1},{""price"":66570.0,""size"":0.0082,""num_orders"":1},{""price"":66569.33,""size"":0.08999335,""num_orders"":1},{""price"":66569.06,""size"":0.00501977,""num_orders"":1},{""price"":66568.98,""size"":0.02,""num_orders"":1},{""price"":66568.97,""size"":0.06508312,""num_orders"":2}]","[{""price"":66572.12,""size"":0.00746378,""num_orders"":1},{""price"":66572.41,""size"":0.01502394,""num_orders"":1},{""price"":66572.56,""size"":0.12016963,""num_orders"":1},{""price"":66573.14,""size"":0.28999656,""num_orders"":1},{""price"":66573.46,""size"":0.015021,""num_orders"":2},{""price"":66573.79,""size"":0.00525745,""num_orders"":1},{""price"":66575.04,""size"":0.00060734,""num_orders"":3},{""price"":66575.18,""size"":0.00751109,""num_orders"":1},{""price"":66575.26,""size"":0.085954,""num_orders"":1},{""price"":66575.6,""size"":1.7e-05,""num_orders"":1}]"
btc_usd_d10_20260721T150748Z,26,2026-07-21T15:33:48.503305Z,2026-07-21T15:33:48.503438Z,BTC-USD,10,ok,,133015523651,2026-07-21T15:33:47.683405049Z,0.84735967,0.55516518,0.208334625943,66532.119999999995,66532.130000000005,66532.125,0.010000000009,0.00150303331,"[{""price"":66532.12,""size"":0.34718927,""num_orders"":6},{""price"":66530.45,""size"":0.00526061,""num_orders"":1},{""price"":66529.93,""size"":0.09943535,""num_orders"":1},{""price"":66529.91,""size"":0.08999335,""num_orders"":1},{""price"":66528.25,""size"":0.02255236,""num_orders"":1},{""price"":66528.24,""size"":0.04510471,""num_orders"":1},{""price"":66528.21,""size"":0.00657577,""num_orders"":1},{""price"":66528.0,""size"":0.007,""num_orders"":1},{""price"":66526.6,""size"":0.02,""num_orders"":1},{""price"":66526.59,""size"":0.20424825,""num_orders"":2}]","[{""price"":66532.13,""size"":0.03360281,""num_orders"":1},{""price"":66532.14,""size"":0.03360281,""num_orders"":1},{""price"":66534.44,""size"":0.00021169,""num_orders"":1},{""price"":66534.65,""size"":1.7e-05,""num_orders"":1},{""price"":66536.16,""size"":0.02,""num_orders"":1},{""price"":66536.58,""size"":0.12023462,""num_orders"":1},{""price"":66537.42,""size"":0.00050931,""num_orders"":3},{""price"":66538.01,""size"":0.02,""num_orders"":1},{""price"":66538.02,""size"":0.08999335,""num_orders"":1},{""price"":66538.03,""size"":0.23699359,""num_orders"":1}]"
btc_usd_d10_20260721T150748Z,27,2026-07-21T15:34:48.503305Z,2026-07-21T15:34:48.503434Z,BTC-USD,10,ok,,133015576154,2026-07-21T15:34:46.045130553Z,0.25596876,0.59351325,-0.397353311814,66546.660000000003,66546.669999999998,66546.665000000008,0.009999999995,0.001502704906,"[{""price"":66546.66,""size"":0.04510464,""num_orders"":1},{""price"":66546.0,""size"":0.0069,""num_orders"":1},{""price"":66545.33,""size"":0.00525944,""num_orders"":1},{""price"":66544.0,""size"":0.0069,""num_orders"":1},{""price"":66543.79,""size"":0.02,""num_orders"":1},{""price"":66543.78,""size"":0.05372603,""num_orders"":1},{""price"":66543.77,""size"":0.08999335,""num_orders"":1},{""price"":66543.12,""size"":0.001511,""num_orders"":1},{""price"":66543.09,""size"":0.0065743,""num_orders"":1},{""price"":66542.25,""size"":0.02,""num_orders"":1}]","[{""price"":66546.67,""size"":0.06456227,""num_orders"":3},{""price"":66548.68,""size"":0.00525944,""num_orders"":1},{""price"":66550.01,""size"":0.00078669,""num_orders"":5},{""price"":66550.87,""size"":0.08999335,""num_orders"":1},{""price"":66550.88,""size"":0.212,""num_orders"":1},{""price"":66550.92,""size"":0.0065743,""num_orders"":1},{""price"":66552.85,""size"":1.7e-05,""num_orders"":1},{""price"":66552.89,""size"":0.02,""num_orders"":1},{""price"":66552.9,""size"":0.001511,""num_orders"":1},{""price"":66553.32,""size"":0.1928092,""num_orders"":1}]"
btc_usd_d10_20260721T150748Z,28,2026-07-21T15:35:48.503305Z,2026-07-21T15:35:48.503437Z,BTC-USD,10,ok,,133015618648,2026-07-21T15:35:45.603514119Z,0.58545368,0.28096054,0.351440607704,66530.089999999997,66530.100000000006,66530.095000000001,0.010000000009,0.001503079172,"[{""price"":66530.09,""size"":0.10959672,""num_orders"":3},{""price"":66530.07,""size"":0.06722561,""num_orders"":2},{""price"":66530.0,""size"":0.0069,""num_orders"":1},{""price"":66529.2,""size"":0.04510471,""num_orders"":1},{""price"":66529.14,""size"":0.08999335,""num_orders"":1},{""price"":66528.87,""size"":0.12024854,""num_orders"":1},{""price"":66528.75,""size"":0.0150311,""num_orders"":2},{""price"":66527.51,""size"":0.01880794,""num_orders"":1},{""price"":66526.36,""size"":0.02255236,""num_orders"":1},{""price"":66526.35,""size"":0.08999335,""num_orders"":1}]","[{""price"":66530.1,""size"":1.7e-05,""num_orders"":1},{""price"":66531.03,""size"":5.82e-05,""num_orders"":1},{""price"":66532.57,""size"":0.00021045,""num_orders"":1},{""price"":66533.52,""size"":0.01503002,""num_orders"":2},{""price"":66533.61,""size"":0.12023999,""num_orders"":1},{""price"":66533.73,""size"":0.0001164,""num_orders"":1},{""price"":66534.42,""size"":0.01503418,""num_orders"":1},{""price"":66534.65,""size"":1.7e-05,""num_orders"":1},{""price"":66535.0,""size"":0.01,""num_orders"":1},{""price"":66535.09,""size"":0.1202373,""num_orders"":1}]"
btc_usd_d10_20260721T150748Z,29,2026-07-21T15:36:48.503305Z,2026-07-21T15:36:48.503418Z,BTC-USD,10,ok,,133015669398,2026-07-21T15:36:48.089262059Z,0.67287921,0.60714711,0.051352147196,66515,66515.009999999995,66515.005000000005,0.009999999995,0.001503420167,"[{""price"":66515.0,""size"":0.15515606,""num_orders"":6},{""price"":66514.28,""size"":0.1515989,""num_orders"":1},{""price"":66514.27,""size"":0.08999335,""num_orders"":1},{""price"":66513.99,""size"":0.00026647,""num_orders"":1},{""price"":66513.66,""size"":0.0150345,""num_orders"":2},{""price"":66513.33,""size"":0.00526197,""num_orders"":1},{""price"":66512.67,""size"":0.02255641,""num_orders"":1},{""price"":66512.46,""size"":0.1202782,""num_orders"":1},{""price"":66511.89,""size"":0.02274,""num_orders"":1},{""price"":66511.63,""size"":0.08999335,""num_orders"":1}]","[{""price"":66515.01,""size"":0.01109681,""num_orders"":4},{""price"":66515.2,""size"":0.01503637,""num_orders"":1},{""price"":66516.35,""size"":0.0150339,""num_orders"":2},{""price"":66516.45,""size"":1.7e-05,""num_orders"":1},{""price"":66516.68,""size"":0.00526197,""num_orders"":1},{""price"":66517.04,""size"":0.001511,""num_orders"":1},{""price"":66517.3,""size"":0.12026946,""num_orders"":1},{""price"":66517.44,""size"":0.14830193,""num_orders"":5},{""price"":66518.05,""size"":0.28404121,""num_orders"":1},{""price"":66518.92,""size"":0.00657746,""num_orders"":1}]"
btc_usd_d10_20260721T150748Z,30,2026-07-21T15:37:48.503305Z,2026-07-21T15:37:48.503427Z,BTC-USD,10,ok,,133015731802,2026-07-21T15:37:47.672836585Z,0.55219044,0.43248561,0.121567727782,66582.460000000006,66582.470000000001,66582.464999999997,0.009999999995,0.001501896933,"[{""price"":66582.46,""size"":0.0612,""num_orders"":2},{""price"":66582.45,""size"":0.16990062,""num_orders"":2},{""price"":66582.44,""size"":0.09059278,""num_orders"":2},{""price"":66581.74,""size"":0.08999335,""num_orders"":1},{""price"":66581.55,""size"":0.06368669,""num_orders"":1},{""price"":66580.16,""size"":0.02,""num_orders"":1},{""price"":66580.15,""size"":1.7e-05,""num_orders"":1},{""price"":66580.01,""size"":0.02,""num_orders"":1},{""price"":66580.0,""size"":0.0168,""num_orders"":2},{""price"":66579.66,""size"":0.02,""num_orders"":1}]","[{""price"":66582.47,""size"":0.05750281,""num_orders"":2},{""price"":66582.75,""size"":0.03220281,""num_orders"":1},{""price"":66582.76,""size"":0.03220281,""num_orders"":1},{""price"":66582.77,""size"":0.03220281,""num_orders"":1},{""price"":66583.78,""size"":0.12014938,""num_orders"":1},{""price"":66584.71,""size"":0.13279796,""num_orders"":2},{""price"":66586.0,""size"":0.0068,""num_orders"":1},{""price"":66586.38,""size"":0.00525646,""num_orders"":1},{""price"":66588.0,""size"":0.0068,""num_orders"":1},{""price"":66588.62,""size"":0.00657057,""num_orders"":1}]"
btc_usd_d10_20260721T150748Z,31,2026-07-21T15:38:48.503305Z,2026-07-21T15:38:48.503428Z,BTC-USD,10,ok,,133015781347,2026-07-21T15:38:48.178865016Z,0.34168694,0.28873503,0.083994391883,66602.889999999999,66602.899999999994,66602.89499999999,0.009999999995,0.001501436236,"[{""price"":66602.89,""size"":0.0767559,""num_orders"":3},{""price"":66602.88,""size"":0.03,""num_orders"":1},{""price"":66602.86,""size"":0.03,""num_orders"":1},{""price"":66602.0,""size"":0.0064,""num_orders"":1},{""price"":66601.22,""size"":0.00525502,""num_orders"":1},{""price"":66600.0,""size"":0.0064,""num_orders"":1},{""price"":66599.56,""size"":0.04511282,""num_orders"":1},{""price"":66598.99,""size"":0.02,""num_orders"":1},{""price"":66598.98,""size"":0.11519442,""num_orders"":1},{""price"":66598.97,""size"":0.00656878,""num_orders"":1}]","[{""price"":66602.9,""size"":1.7e-05,""num_orders"":1},{""price"":66603.0,""size"":0.001,""num_orders"":1},{""price"":66603.22,""size"":0.12011432,""num_orders"":1},{""price"":66604.55,""size"":0.00788234,""num_orders"":1},{""price"":66605.06,""size"":0.001511,""num_orders"":1},{""price"":66605.89,""size"":0.15013688,""num_orders"":1},{""price"":66606.0,""size"":0.0064,""num_orders"":1},{""price"":66606.05,""size"":0.00077283,""num_orders"":1},{""price"":66606.69,""size"":0.00088366,""num_orders"":5},{""price"":66607.45,""size"":1.7e-05,""num_orders"":1}]"
btc_usd_d10_20260721T150748Z,32,2026-07-21T15:39:48.503305Z,2026-07-21T15:39:48.503435Z,BTC-USD,10,ok,,133015822994,2026-07-21T15:39:45.659662405Z,0.56873928,0.23351444,0.417853892906,66660.369999999995,66660.380000000005,66660.375,0.010000000009,0.001500141577,"[{""price"":66660.37,""size"":0.07356512,""num_orders"":3},{""price"":66660.0,""size"":0.0061,""num_orders"":1},{""price"":66659.03,""size"":0.01500172,""num_orders"":2},{""price"":66658.94,""size"":0.1514403,""num_orders"":1},{""price"":66658.7,""size"":0.00525049,""num_orders"":1},{""price"":66658.1,""size"":0.08999335,""num_orders"":1},{""price"":66658.09,""size"":0.02255641,""num_orders"":1},{""price"":66658.0,""size"":0.06980932,""num_orders"":2},{""price"":66657.0,""size"":0.12001739,""num_orders"":1},{""price"":66656.8,""size"":0.01500518,""num_orders"":1}]","[{""price"":66660.38,""size"":0.06640048,""num_orders"":2},{""price"":66661.72,""size"":0.01500112,""num_orders"":2},{""price"":66662.05,""size"":1.7e-05,""num_orders"":1},{""price"":66664.38,""size"":9.375e-05,""num_orders"":1},{""price"":66665.38,""size"":0.01537529,""num_orders"":2},{""price"":66665.71,""size"":9.375e-05,""num_orders"":1},{""price"":66666.6,""size"":1.7e-05,""num_orders"":1},{""price"":66666.74,""size"":0.11999987,""num_orders"":1},{""price"":66666.79,""size"":0.01500518,""num_orders"":1},{""price"":66667.0,""size"":0.001511,""num_orders"":1}]"
btc_usd_d10_20260721T150748Z,33,2026-07-21T15:40:48.503305Z,2026-07-21T15:40:48.503428Z,BTC-USD,10,ok,,133015888980,2026-07-21T15:40:47.541734251Z,0.5822825,0.38557416,0.203241190694,66611.990000000005,66612,66611.994999999995,0.009999999995,0.001501231121,"[{""price"":66611.99,""size"":0.08824661,""num_orders"":4},{""price"":66610.01,""size"":0.00649912,""num_orders"":1},{""price"":66610.0,""size"":0.015,""num_orders"":2},{""price"":66609.24,""size"":0.32251298,""num_orders"":1},{""price"":66608.93,""size"":0.08999335,""num_orders"":1},{""price"":66608.0,""size"":0.005,""num_orders"":1},{""price"":66607.46,""size"":0.02,""num_orders"":1},{""price"":66607.45,""size"":1.7e-05,""num_orders"":1},{""price"":66607.24,""size"":0.02,""num_orders"":1},{""price"":66606.99,""size"":0.01501344,""num_orders"":2}]","[{""price"":66612.0,""size"":0.06479115,""num_orders"":4},{""price"":66612.97,""size"":0.00171535,""num_orders"":1},{""price"":66613.67,""size"":0.0052543,""num_orders"":1},{""price"":66615.92,""size"":0.00656788,""num_orders"":1},{""price"":66617.2,""size"":0.00750727,""num_orders"":1},{""price"":66617.36,""size"":0.15011103,""num_orders"":1},{""price"":66619.64,""size"":0.02,""num_orders"":1},{""price"":66619.65,""size"":0.02,""num_orders"":1},{""price"":66620.67,""size"":0.10899275,""num_orders"":1},{""price"":66621.1,""size"":0.00063443,""num_orders"":5}]"
btc_usd_d10_20260721T150748Z,34,2026-07-21T15:41:48.503305Z,2026-07-21T15:41:48.503418Z,BTC-USD,10,ok,,133015942185,2026-07-21T15:41:47.122813610Z,0.86144734,0.30583904,0.475982851783,66634.75,66634.759999999995,66634.755000000005,0.009999999995,0.001500718356,"[{""price"":66634.75,""size"":0.16696721,""num_orders"":6},{""price"":66634.0,""size"":0.0052,""num_orders"":1},{""price"":66633.63,""size"":0.12005948,""num_orders"":1},{""price"":66632.76,""size"":0.31100727,""num_orders"":1},{""price"":66632.57,""size"":0.08999335,""num_orders"":1},{""price"":66632.0,""size"":0.0052,""num_orders"":1},{""price"":66631.49,""size"":0.12006334,""num_orders"":1},{""price"":66630.61,""size"":0.00038328,""num_orders"":1},{""price"":66630.2,""size"":1.7e-05,""num_orders"":1},{""price"":66630.08,""size"":0.04255641,""num_orders"":2}]","[{""price"":66634.76,""size"":0.00665796,""num_orders"":2},{""price"":66636.43,""size"":0.00525251,""num_orders"":1},{""price"":66638.68,""size"":0.00656564,""num_orders"":1},{""price"":66638.83,""size"":0.12005013,""num_orders"":1},{""price"":66639.31,""size"":0.00034551,""num_orders"":1},{""price"":66640.69,""size"":0.15005848,""num_orders"":1},{""price"":66640.92,""size"":0.001511,""num_orders"":1},{""price"":66641.61,""size"":0.00038136,""num_orders"":1},{""price"":66643.51,""size"":0.00751403,""num_orders"":1},{""price"":66643.52,""size"":0.00750242,""num_orders"":1}]"
btc_usd_d10_20260721T150748Z,35,2026-07-21T15:42:48.503305Z,2026-07-21T15:42:48.503419Z,BTC-USD,10,ok,,133015991736,2026-07-21T15:42:48.035571449Z,0.13841764,0.36187773,-0.446656322244,66629.059999999998,66629.070000000007,66629.065000000002,0.010000000009,0.001500846516,"[{""price"":66629.06,""size"":0.00990389,""num_orders"":1},{""price"":66628.82,""size"":0.03,""num_orders"":1},{""price"":66628.8,""size"":0.03,""num_orders"":1},{""price"":66627.88,""size"":0.001511,""num_orders"":1},{""price"":66627.71,""size"":0.01500878,""num_orders"":2},{""price"":66627.38,""size"":0.00525292,""num_orders"":1},{""price"":66627.05,""size"":0.000175,""num_orders"":1},{""price"":66626.1,""size"":0.02,""num_orders"":1},{""price"":66626.09,""size"":0.00656605,""num_orders"":1},{""price"":66626.01,""size"":0.02,""num_orders"":1}]","[{""price"":66629.07,""size"":0.07430281,""num_orders"":3},{""price"":66629.15,""size"":0.12006756,""num_orders"":1},{""price"":66629.69,""size"":0.00525293,""num_orders"":1},{""price"":66630.0,""size"":0.006,""num_orders"":1},{""price"":66630.41,""size"":0.01500816,""num_orders"":2},{""price"":66631.66,""size"":0.00525292,""num_orders"":1},{""price"":66632.0,""size"":0.006,""num_orders"":1},{""price"":66632.73,""size"":0.02,""num_orders"":1},{""price"":66632.74,""size"":0.08999335,""num_orders"":1},{""price"":66632.88,""size"":0.02,""num_orders"":1}]"
btc_usd_d10_20260721T150748Z,36,2026-07-21T15:43:48.503305Z,2026-07-21T15:43:48.503422Z,BTC-USD,10,ok,,133016040340,2026-07-21T15:43:47.541148535Z,0.36447151,0.58073312,-0.228798720548,66610.669999999998,66610.679999999993,66610.674999999988,0.009999999995,0.001501260871,"[{""price"":66610.67,""size"":0.00918987,""num_orders"":2},{""price"":66610.28,""size"":0.03562872,""num_orders"":1},{""price"":66610.27,""size"":0.0446095,""num_orders"":2},{""price"":66609.33,""size"":0.01501292,""num_orders"":2},{""price"":66609.0,""size"":0.00525441,""num_orders"":1},{""price"":66608.0,""size"":0.0065,""num_orders"":1},{""price"":66607.45,""size"":0.01562016,""num_orders"":3},{""price"":66606.95,""size"":5.82e-05,""num_orders"":1},{""price"":66606.75,""size"":0.00656801,""num_orders"":1},{""price"":66606.65,""size"":0.22602972,""num_orders"":2}]","[{""price"":66610.68,""size"":0.06476637,""num_orders"":4},{""price"":66611.05,""size"":0.12010019,""num_orders"":1},{""price"":66612.02,""size"":0.0150123,""num_orders"":2},{""price"":66612.35,""size"":0.00525443,""num_orders"":1},{""price"":66612.57,""size"":0.00149164,""num_orders"":1},{""price"":66614.51,""size"":0.02,""num_orders"":1},{""price"":66614.52,""size"":0.18010215,""num_orders"":1},{""price"":66614.53,""size"":0.02,""num_orders"":1},{""price"":66614.54,""size"":0.13400604,""num_orders"":1},{""price"":66614.76,""size"":0.02,""num_orders"":1}]"
btc_usd_d10_20260721T150748Z,37,2026-07-21T15:44:48.503305Z,2026-07-21T15:44:48.503424Z,BTC-USD,10,ok,,133016078901,2026-07-21T15:44:48.045080477Z,0.67273442,0.60030834,0.056892103137,66593.279999999999,66593.289999999994,66593.285000000003,0.009999999995,0.001501652906,"[{""price"":66593.28,""size"":0.06,""num_orders"":2},{""price"":66593.08,""size"":0.08928796,""num_orders"":1},{""price"":66592.82,""size"":0.00075082,""num_orders"":1},{""price"":66592.0,""size"":0.0062,""num_orders"":1},{""price"":66591.94,""size"":0.01501684,""num_orders"":2},{""price"":66590.0,""size"":0.0065,""num_orders"":1},{""price"":66589.86,""size"":0.19694801,""num_orders"":1},{""price"":66589.85,""size"":0.08999335,""num_orders"":1},{""price"":66589.27,""size"":0.18010215,""num_orders"":1},{""price"":66589.25,""size"":0.02793529,""num_orders"":4}]","[{""price"":66593.29,""size"":0.0204923,""num_orders"":5},{""price"":66593.44,""size"":0.12013196,""num_orders"":1},{""price"":66594.01,""size"":0.00019069,""num_orders"":1},{""price"":66594.63,""size"":0.01501622,""num_orders"":2},{""price"":66594.96,""size"":0.00525578,""num_orders"":1},{""price"":66596.06,""size"":0.15015904,""num_orders"":1},{""price"":66597.93,""size"":0.00656966,""num_orders"":1},{""price"":66598.43,""size"":0.07028838,""num_orders"":1},{""price"":66599.98,""size"":0.12221096,""num_orders"":1},{""price"":66599.99,""size"":0.08999335,""num_orders"":1}]"
btc_usd_d10_20260721T150748Z,38,2026-07-21T15:45:48.503305Z,2026-07-21T15:45:48.503426Z,BTC-USD,10,ok,,133016126132,2026-07-21T15:45:48.130363648Z,0.3567606,0.88241525,-0.42419697737,66567.979999999996,66567.990000000005,66567.985000000001,0.010000000009,0.00150222363,"[{""price"":66567.98,""size"":0.19088157,""num_orders"":2},{""price"":66567.25,""size"":0.00132214,""num_orders"":1},{""price"":66566.64,""size"":0.01502254,""num_orders"":2},{""price"":66566.31,""size"":0.00525778,""num_orders"":1},{""price"":66566.06,""size"":0.08999335,""num_orders"":1},{""price"":66566.0,""size"":0.0062,""num_orders"":1},{""price"":66565.94,""size"":0.001511,""num_orders"":1},{""price"":66564.08,""size"":0.02,""num_orders"":1},{""price"":66564.07,""size"":0.00657222,""num_orders"":1},{""price"":66564.01,""size"":0.02,""num_orders"":1}]","[{""price"":66567.99,""size"":0.06525778,""num_orders"":3},{""price"":66568.04,""size"":0.0150242,""num_orders"":1},{""price"":66568.39,""size"":0.12017716,""num_orders"":1},{""price"":66569.33,""size"":0.01502194,""num_orders"":2},{""price"":66569.66,""size"":0.00525778,""num_orders"":1},{""price"":66570.0,""size"":0.0062,""num_orders"":1},{""price"":66570.95,""size"":0.37591085,""num_orders"":4},{""price"":66571.9,""size"":0.00657222,""num_orders"":1},{""price"":66571.96,""size"":0.08999335,""num_orders"":1},{""price"":66571.97,""size"":0.18299997,""num_orders"":1}]"
btc_usd_d10_20260721T150748Z,39,2026-07-21T15:46:48.503305Z,2026-07-21T15:46:48.503442Z,BTC-USD,10,ok,,133016171410,2026-07-21T15:46:45.036142557Z,0.47201416,0.55261645,-0.078664729721,66599.610000000001,66599.619999999995,66599.614999999991,0.009999999995,0.001501510181,"[{""price"":66599.61,""size"":0.31563712,""num_orders"":8},{""price"":66599.6,""size"":0.03,""num_orders"":2},{""price"":66599.59,""size"":0.04122699,""num_orders"":1},{""price"":66599.58,""size"":0.02999945,""num_orders"":2},{""price"":66598.54,""size"":0.001511,""num_orders"":1},{""price"":66598.27,""size"":0.0150154,""num_orders"":2},{""price"":66598.0,""size"":0.0068,""num_orders"":1},{""price"":66597.95,""size"":0.00525528,""num_orders"":1},{""price"":66596.67,""size"":0.00656892,""num_orders"":1},{""price"":66596.05,""size"":0.02,""num_orders"":1}]","[{""price"":66599.62,""size"":0.06558149,""num_orders"":4},{""price"":66599.88,""size"":0.12012034,""num_orders"":1},{""price"":66600.96,""size"":0.0150148,""num_orders"":2},{""price"":66601.13,""size"":0.01501715,""num_orders"":1},{""price"":66601.29,""size"":0.00525528,""num_orders"":1},{""price"":66602.23,""size"":0.02255641,""num_orders"":1},{""price"":66602.26,""size"":0.15234078,""num_orders"":7},{""price"":66602.69,""size"":0.1501441,""num_orders"":1},{""price"":66602.9,""size"":1.7e-05,""num_orders"":1},{""price"":66603.54,""size"":0.0065691,""num_orders"":1}]"
btc_usd_d10_20260721T150748Z,40,2026-07-21T15:47:48.503305Z,2026-07-21T15:47:48.503423Z,BTC-USD,10,ok,,133016221123,2026-07-21T15:47:48.130632575Z,0.46346463,0.69906868,-0.202664343441,66603.729999999996,66603.740000000005,66603.735000000001,0.010000000009,0.001501417302,"[{""price"":66603.73,""size"":0.09529222,""num_orders"":4},{""price"":66602.4,""size"":0.02730973,""num_orders"":1},{""price"":66602.39,""size"":0.01501448,""num_orders"":2},{""price"":66602.0,""size"":0.0067,""num_orders"":1},{""price"":66600.01,""size"":0.02433046,""num_orders"":1},{""price"":66600.0,""size"":0.0064,""num_orders"":1},{""price"":66599.51,""size"":0.02,""num_orders"":1},{""price"":66599.5,""size"":0.00038328,""num_orders"":1},{""price"":66599.03,""size"":0.02,""num_orders"":1},{""price"":66599.02,""size"":0.24803446,""num_orders"":1}]","[{""price"":66603.74,""size"":0.42528535,""num_orders"":5},{""price"":66604.01,""size"":0.12011288,""num_orders"":1},{""price"":66605.07,""size"":0.00148317,""num_orders"":5},{""price"":66605.08,""size"":0.01501386,""num_orders"":2},{""price"":66605.41,""size"":0.00525496,""num_orders"":1},{""price"":66606.0,""size"":0.0064,""num_orders"":1},{""price"":66607.64,""size"":0.02255641,""num_orders"":1},{""price"":66607.66,""size"":0.0065687,""num_orders"":1},{""price"":66608.0,""size"":0.0064,""num_orders"":1},{""price"":66608.01,""size"":0.08999335,""num_orders"":1}]"
btc_usd_d10_20260721T150748Z,41,2026-07-21T15:48:48.503305Z,2026-07-21T15:48:48.503421Z,BTC-USD,10,ok,,133016269569,2026-07-21T15:48:47.130873573Z,0.30921001,0.45378467,-0.189483182242,66621.089999999997,66621.100000000006,66621.095000000001,0.010000000009,0.001501026065,"[{""price"":66621.09,""size"":0.07275471,""num_orders"":5},{""price"":66620.54,""size"":0.00017487,""num_orders"":1},{""price"":66619.75,""size"":0.01501056,""num_orders"":2},{""price"":66619.42,""size"":0.00525359,""num_orders"":1},{""price"":66618.02,""size"":0.02,""num_orders"":1},{""price"":66618.01,""size"":0.05832293,""num_orders"":1},{""price"":66618.0,""size"":0.0077,""num_orders"":1},{""price"":66617.9,""size"":0.02,""num_orders"":1},{""price"":66617.89,""size"":0.08999335,""num_orders"":1},{""price"":66616.63,""size"":0.02,""num_orders"":1}]","[{""price"":66621.1,""size"":0.26828007,""num_orders"":7},{""price"":66622.0,""size"":0.0077,""num_orders"":1},{""price"":66622.44,""size"":0.01500996,""num_orders"":2},{""price"":66623.25,""size"":0.1200782,""num_orders"":1},{""price"":66624.0,""size"":0.0077,""num_orders"":1},{""price"":66624.69,""size"":0.00750563,""num_orders"":1},{""price"":66625.1,""size"":9.381e-05,""num_orders"":1},{""price"":66625.65,""size"":1.7e-05,""num_orders"":1},{""price"":66625.99,""size"":0.02,""num_orders"":1},{""price"":66626.0,""size"":0.0074,""num_orders"":1}]"
btc_usd_d10_20260721T150748Z,42,2026-07-21T15:49:48.503305Z,2026-07-21T15:49:48.503429Z,BTC-USD,10,ok,,133016315997,2026-07-21T15:49:45.829076353Z,0.58762282,0.42665185,0.158705501341,66651.740000000005,66651.75,66651.744999999995,0.009999999995,0.001500335812,"[{""price"":66651.74,""size"":0.03028441,""num_orders"":2},{""price"":66648.43,""size"":0.1747057,""num_orders"":1},{""price"":66648.42,""size"":0.18010215,""num_orders"":1},{""price"":66648.41,""size"":0.08999335,""num_orders"":1},{""price"":66648.4,""size"":1.7e-05,""num_orders"":1},{""price"":66648.0,""size"":0.0073,""num_orders"":1},{""price"":66647.41,""size"":0.01331,""num_orders"":1},{""price"":66647.4,""size"":0.00185866,""num_orders"":1},{""price"":66647.18,""size"":5.82e-05,""num_orders"":1},{""price"":66646.38,""size"":0.08999335,""num_orders"":1}]","[{""price"":66651.75,""size"":0.18748329,""num_orders"":6},{""price"":66652.0,""size"":0.0077227,""num_orders"":3},{""price"":66652.41,""size"":0.12002567,""num_orders"":1},{""price"":66653.28,""size"":0.07021935,""num_orders"":1},{""price"":66653.67,""size"":0.00525115,""num_orders"":1},{""price"":66654.0,""size"":0.0073,""num_orders"":1},{""price"":66654.08,""size"":0.00199198,""num_orders"":1},{""price"":66655.75,""size"":9.377e-05,""num_orders"":1},{""price"":66655.91,""size"":0.02,""num_orders"":1},{""price"":66655.92,""size"":0.00656394,""num_orders"":1}]"
btc_usd_d10_20260721T150748Z,43,2026-07-21T15:50:48.503305Z,2026-07-21T15:50:48.503432Z,BTC-USD,10,ok,,133016368597,2026-07-21T15:50:46.047371915Z,0.6030904,1.31083405,-0.369786618275,66655.990000000005,66656,66655.994999999995,0.009999999995,0.00150024015,"[{""price"":66655.99,""size"":0.05714873,""num_orders"":3},{""price"":66654.65,""size"":0.0150027,""num_orders"":2},{""price"":66654.56,""size"":0.06392078,""num_orders"":1},{""price"":66654.53,""size"":0.040321,""num_orders"":2},{""price"":66653.96,""size"":0.001511,""num_orders"":1},{""price"":66652.95,""size"":1.7e-05,""num_orders"":1},{""price"":66652.37,""size"":0.08999335,""num_orders"":1},{""price"":66652.36,""size"":0.14627369,""num_orders"":1},{""price"":66652.35,""size"":0.18010215,""num_orders"":1},{""price"":66652.0,""size"":0.0088,""num_orders"":1}]","[{""price"":66656.0,""size"":1.10224237,""num_orders"":4},{""price"":66656.6,""size"":0.01500337,""num_orders"":1},{""price"":66657.22,""size"":0.001511,""num_orders"":1},{""price"":66657.34,""size"":0.0150021,""num_orders"":2},{""price"":66657.51,""size"":0.0002796,""num_orders"":1},{""price"":66657.66,""size"":0.00525087,""num_orders"":1},{""price"":66657.98,""size"":0.00075012,""num_orders"":1},{""price"":66658.81,""size"":0.00023921,""num_orders"":3},{""price"":66659.25,""size"":0.16399186,""num_orders"":1},{""price"":66659.92,""size"":0.00656355,""num_orders"":1}]"
btc_usd_d10_20260721T150748Z,44,2026-07-21T15:51:48.503305Z,2026-07-21T15:51:48.503427Z,BTC-USD,10,ok,,133016424535,2026-07-21T15:51:47.336165787Z,0.51920857,0.61170619,-0.081790089998,66629.949999999997,66629.960000000006,66629.955000000002,0.010000000009,0.001500826469,"[{""price"":66629.95,""size"":0.12219793,""num_orders"":4},{""price"":66628.62,""size"":0.09400894,""num_orders"":2},{""price"":66628.61,""size"":0.01500856,""num_orders"":2},{""price"":66628.28,""size"":0.00525289,""num_orders"":1},{""price"":66628.0,""size"":0.0092,""num_orders"":1},{""price"":66627.11,""size"":0.00026241,""num_orders"":2},{""price"":66627.05,""size"":0.04321201,""num_orders"":2},{""price"":66627.03,""size"":0.08999335,""num_orders"":1},{""price"":66626.41,""size"":0.12007248,""num_orders"":1},{""price"":66626.04,""size"":0.02,""num_orders"":1}]","[{""price"":66629.96,""size"":0.06,""num_orders"":2},{""price"":66630.0,""size"":0.00015513,""num_orders"":3},{""price"":66630.62,""size"":0.12006492,""num_orders"":1},{""price"":66631.34,""size"":0.01500796,""num_orders"":2},{""price"":66632.0,""size"":0.0092,""num_orders"":1},{""price"":66633.23,""size"":0.14881086,""num_orders"":1},{""price"":66633.81,""size"":0.15007397,""num_orders"":1},{""price"":66634.0,""size"":0.0092,""num_orders"":1},{""price"":66636.0,""size"":0.0092,""num_orders"":1},{""price"":66636.69,""size"":0.08999335,""num_orders"":1}]"
btc_usd_d10_20260721T150748Z,45,2026-07-21T15:52:48.503305Z,2026-07-21T15:52:48.503435Z,BTC-USD,10,ok,,133016466785,2026-07-21T15:52:47.094469746Z,1.12762652,0.52632335,0.363555861581,66648.389999999999,66648.399999999994,66648.39499999999,0.009999999995,0.001500411224,"[{""price"":66648.39,""size"":0.5468367,""num_orders"":7},{""price"":66647.05,""size"":0.01500442,""num_orders"":2},{""price"":66646.72,""size"":0.00525143,""num_orders"":1},{""price"":66646.22,""size"":0.1695823,""num_orders"":1},{""price"":66646.0,""size"":0.0126,""num_orders"":1},{""price"":66645.5,""size"":0.20265856,""num_orders"":2},{""price"":66644.0,""size"":0.0126,""num_orders"":1},{""price"":66643.99,""size"":0.06653539,""num_orders"":1},{""price"":66643.74,""size"":0.00656437,""num_orders"":1},{""price"":66643.21,""size"":0.08999335,""num_orders"":1}]","[{""price"":66648.4,""size"":0.14974265,""num_orders"":7},{""price"":66648.44,""size"":0.12003282,""num_orders"":1},{""price"":66649.74,""size"":0.0150038,""num_orders"":2},{""price"":66649.92,""size"":0.12003015,""num_orders"":1},{""price"":66650.7,""size"":0.001511,""num_orders"":1},{""price"":66651.27,""size"":0.01500488,""num_orders"":1},{""price"":66652.95,""size"":1.7e-05,""num_orders"":1},{""price"":66652.98,""size"":0.09701071,""num_orders"":1},{""price"":66653.4,""size"":0.00787657,""num_orders"":1},{""price"":66653.73,""size"":9.377e-05,""num_orders"":1}]"
btc_usd_d10_20260721T150748Z,46,2026-07-21T15:53:48.503305Z,2026-07-21T15:53:48.503426Z,BTC-USD,10,ok,,133016506584,2026-07-21T15:53:47.605000639Z,0.48904658,2.03003718,-0.611726622381,66650.320000000007,66650.330000000002,66650.325000000012,0.009999999995,0.001500367777,"[{""price"":66650.32,""size"":0.08942048,""num_orders"":4},{""price"":66648.98,""size"":0.01500398,""num_orders"":2},{""price"":66648.66,""size"":0.00525126,""num_orders"":1},{""price"":66648.0,""size"":0.0138,""num_orders"":1},{""price"":66647.67,""size"":0.00191606,""num_orders"":1},{""price"":66647.1,""size"":0.08999335,""num_orders"":1},{""price"":66646.41,""size"":0.00656407,""num_orders"":1},{""price"":66646.13,""size"":0.02,""num_orders"":1},{""price"":66646.12,""size"":0.23629738,""num_orders"":1},{""price"":66646.0,""size"":0.0108,""num_orders"":1}]","[{""price"":66650.33,""size"":0.28641258,""num_orders"":9},{""price"":66651.0,""size"":1.50908324,""num_orders"":1},{""price"":66651.67,""size"":0.01500338,""num_orders"":2},{""price"":66652.74,""size"":0.00750311,""num_orders"":1},{""price"":66652.95,""size"":1.7e-05,""num_orders"":1},{""price"":66653.42,""size"":0.15002982,""num_orders"":1},{""price"":66653.96,""size"":0.001511,""num_orders"":1},{""price"":66654.33,""size"":9.377e-05,""num_orders"":1},{""price"":66654.41,""size"":0.00038328,""num_orders"":1},{""price"":66654.54,""size"":0.06,""num_orders"":2}]"
btc_usd_d10_20260721T150748Z,47,2026-07-21T15:54:48.503305Z,2026-07-21T15:54:48.503435Z,BTC-USD,10,ok,,133016548261,2026-07-21T15:54:48.041788873Z,0.28196135,0.37906256,-0.146895155426,66654.559999999998,66654.570000000007,66654.565000000002,0.010000000009,0.001500272338,"[{""price"":66654.56,""size"":0.06,""num_orders"":2},{""price"":66653.44,""size"":0.01184681,""num_orders"":1},{""price"":66653.41,""size"":4.38e-05,""num_orders"":1},{""price"":66653.22,""size"":0.01500302,""num_orders"":2},{""price"":66652.9,""size"":0.00026186,""num_orders"":1},{""price"":66652.0,""size"":0.014,""num_orders"":1},{""price"":66651.74,""size"":0.00525104,""num_orders"":1},{""price"":66651.57,""size"":0.07156147,""num_orders"":2},{""price"":66650.58,""size"":0.08999335,""num_orders"":1},{""price"":66650.0,""size"":0.014,""num_orders"":1}]","[{""price"":66654.57,""size"":0.1350265,""num_orders"":2},{""price"":66654.87,""size"":0.00075014,""num_orders"":1},{""price"":66655.22,""size"":0.1200206,""num_orders"":1},{""price"":66655.91,""size"":0.01500242,""num_orders"":2},{""price"":66656.0,""size"":0.014,""num_orders"":1},{""price"":66656.01,""size"":0.06,""num_orders"":2},{""price"":66656.23,""size"":0.00525099,""num_orders"":1},{""price"":66656.47,""size"":0.00750091,""num_orders"":1},{""price"":66657.21,""size"":0.02,""num_orders"":1},{""price"":66657.22,""size"":0.001511,""num_orders"":1}]"
btc_usd_d10_20260721T150748Z,48,2026-07-21T15:55:48.503305Z,2026-07-21T15:55:48.503440Z,BTC-USD,10,ok,,133016594087,2026-07-21T15:55:48.046706558Z,1.06930217,1.91734887,-0.283945693234,66643.990000000005,66644,66643.994999999995,0.009999999995,0.001500510285,"[{""price"":66643.99,""size"":0.22108093,""num_orders"":2},{""price"":66642.65,""size"":0.0150054,""num_orders"":2},{""price"":66642.04,""size"":0.16471236,""num_orders"":2},{""price"":66642.03,""size"":0.08999335,""num_orders"":1},{""price"":66642.0,""size"":0.0768055,""num_orders"":2},{""price"":66640.25,""size"":0.12004755,""num_orders"":1},{""price"":66640.0,""size"":0.0119,""num_orders"":1},{""price"":66639.84,""size"":0.02255641,""num_orders"":1},{""price"":66639.69,""size"":0.08999335,""num_orders"":1},{""price"":66639.68,""size"":0.25720732,""num_orders"":2}]","[{""price"":66644.0,""size"":1.47765609,""num_orders"":3},{""price"":66644.53,""size"":0.01500672,""num_orders"":1},{""price"":66644.57,""size"":0.00075025,""num_orders"":1},{""price"":66645.34,""size"":0.0150048,""num_orders"":2},{""price"":66645.97,""size"":0.14905389,""num_orders"":2},{""price"":66646.0,""size"":0.12003722,""num_orders"":1},{""price"":66646.47,""size"":0.00750117,""num_orders"":1},{""price"":66646.8,""size"":0.00020635,""num_orders"":1},{""price"":66647.41,""size"":0.00015511,""num_orders"":3},{""price"":66647.59,""size"":0.13197727,""num_orders"":1}]"
btc_usd_d10_20260721T150748Z,49,2026-07-21T15:56:48.503305Z,2026-07-21T15:56:48.503423Z,BTC-USD,10,ok,,133016638655,2026-07-21T15:56:47.336627875Z,0.38787923,0.65893966,-0.25893727424,66693.600000000006,66693.610000000001,66693.60500000001,0.009999999995,0.001499394132,"[{""price"":66693.6,""size"":0.09930034,""num_orders"":5},{""price"":66693.58,""size"":0.03,""num_orders"":1},{""price"":66692.26,""size"":0.01499424,""num_orders"":2},{""price"":66692.01,""size"":0.07414343,""num_orders"":1},{""price"":66692.0,""size"":0.0171,""num_orders"":1},{""price"":66691.93,""size"":0.00524787,""num_orders"":1},{""price"":66690.64,""size"":0.02,""num_orders"":1},{""price"":66690.63,""size"":0.08999335,""num_orders"":1},{""price"":66690.01,""size"":0.02,""num_orders"":1},{""price"":66690.0,""size"":0.0171,""num_orders"":1}]","[{""price"":66693.61,""size"":0.31691639,""num_orders"":7},{""price"":66693.9,""size"":1.7e-05,""num_orders"":1},{""price"":66694.85,""size"":0.1199493,""num_orders"":1},{""price"":66694.95,""size"":0.01499364,""num_orders"":2},{""price"":66695.74,""size"":0.03749139,""num_orders"":1},{""price"":66695.81,""size"":0.1433693,""num_orders"":1},{""price"":66696.0,""size"":0.0171,""num_orders"":1},{""price"":66696.34,""size"":0.001511,""num_orders"":1},{""price"":66697.34,""size"":0.00749793,""num_orders"":1},{""price"":66697.61,""size"":9.371e-05,""num_orders"":1}]"
btc_usd_d10_20260721T150748Z,50,2026-07-21T15:57:48.503305Z,2026-07-21T15:57:48.503423Z,BTC-USD,10,ok,,133016683548,2026-07-21T15:57:47.681981786Z,0.74641469,0.84704532,-0.063152278293,66682.259999999995,66682.270000000004,66682.264999999999,0.010000000009,0.001499649121,"[{""price"":66682.26,""size"":0.0953,""num_orders"":4},{""price"":66682.01,""size"":0.05920226,""num_orders"":1},{""price"":66682.0,""size"":0.07180226,""num_orders"":2},{""price"":66681.5,""size"":0.01033873,""num_orders"":1},{""price"":66680.0,""size"":0.0133,""num_orders"":1},{""price"":66679.82,""size"":0.00524883,""num_orders"":1},{""price"":66678.35,""size"":0.02,""num_orders"":1},{""price"":66678.34,""size"":0.20112711,""num_orders"":2},{""price"":66678.33,""size"":0.08999335,""num_orders"":1},{""price"":66678.31,""size"":0.18010215,""num_orders"":1}]","[{""price"":66682.27,""size"":0.11997192,""num_orders"":1},{""price"":66682.37,""size"":0.016792,""num_orders"":1},{""price"":66683.22,""size"":0.03749728,""num_orders"":1},{""price"":66683.3,""size"":0.001511,""num_orders"":1},{""price"":66684.15,""size"":0.14996069,""num_orders"":1},{""price"":66684.44,""size"":0.22896216,""num_orders"":1},{""price"":66684.73,""size"":0.22398018,""num_orders"":1},{""price"":66685.34,""size"":0.00038328,""num_orders"":1},{""price"":66686.0,""size"":0.014,""num_orders"":1},{""price"":66686.53,""size"":0.05398681,""num_orders"":1}]"
btc_usd_d10_20260721T150748Z,51,2026-07-21T15:58:48.503305Z,2026-07-21T15:58:48.503418Z,BTC-USD,10,ok,,133016719467,2026-07-21T15:58:47.334271741Z,0.37158015,0.63609198,-0.262497911895,66672.649999999994,66672.660000000003,66672.654999999999,0.010000000009,0.001499865276,"[{""price"":66672.65,""size"":0.11013213,""num_orders"":3},{""price"":66672.0,""size"":0.0103,""num_orders"":1},{""price"":66671.31,""size"":0.01499896,""num_orders"":2},{""price"":66671.15,""size"":1.7e-05,""num_orders"":1},{""price"":66671.01,""size"":0.00032082,""num_orders"":1},{""price"":66670.26,""size"":0.001511,""num_orders"":1},{""price"":66670.0,""size"":0.0208,""num_orders"":2},{""price"":66668.73,""size"":0.02,""num_orders"":1},{""price"":66668.72,""size"":0.10350689,""num_orders"":2},{""price"":66668.71,""size"":0.08999335,""num_orders"":1}]","[{""price"":66672.66,""size"":0.11449897,""num_orders"":1},{""price"":66673.7,""size"":0.00074993,""num_orders"":1},{""price"":66673.94,""size"":0.00011371,""num_orders"":2},{""price"":66674.0,""size"":0.01499836,""num_orders"":2},{""price"":66674.29,""size"":0.00524953,""num_orders"":1},{""price"":66674.35,""size"":0.02,""num_orders"":1},{""price"":66674.8,""size"":0.02,""num_orders"":1},{""price"":66674.81,""size"":0.273,""num_orders"":1},{""price"":66675.24,""size"":0.14998071,""num_orders"":1},{""price"":66675.92,""size"":0.03750077,""num_orders"":1}]"
btc_usd_d10_20260721T150748Z,52,2026-07-21T15:59:48.503305Z,2026-07-21T15:59:48.503437Z,BTC-USD,10,ok,,133016760619,2026-07-21T15:59:47.048000430Z,0.20200409,0.57670819,-0.48118427001,66674.009999999995,66674.020000000004,66674.014999999999,0.010000000009,0.001499834682,"[{""price"":66674.01,""size"":0.01157517,""num_orders"":1},{""price"":66674.0,""size"":0.0137,""num_orders"":1},{""price"":66672.68,""size"":0.06251915,""num_orders"":2},{""price"":66672.67,""size"":0.01499864,""num_orders"":2},{""price"":66672.35,""size"":0.00524939,""num_orders"":1},{""price"":66672.0,""size"":0.0137,""num_orders"":1},{""price"":66670.11,""size"":0.02,""num_orders"":1},{""price"":66670.1,""size"":0.00656174,""num_orders"":1},{""price"":66670.01,""size"":0.04,""num_orders"":2},{""price"":66670.0,""size"":0.0137,""num_orders"":1}]","[{""price"":66674.02,""size"":0.16522112,""num_orders"":7},{""price"":66674.56,""size"":0.11998579,""num_orders"":1},{""price"":66675.29,""size"":0.03750076,""num_orders"":1},{""price"":66675.36,""size"":0.01499804,""num_orders"":2},{""price"":66675.7,""size"":1.7e-05,""num_orders"":1},{""price"":66676.63,""size"":0.02,""num_orders"":1},{""price"":66676.64,""size"":0.11998205,""num_orders"":1},{""price"":66676.78,""size"":0.001511,""num_orders"":1},{""price"":66676.83,""size"":0.08999335,""num_orders"":1},{""price"":66676.91,""size"":0.00749908,""num_orders"":1}]"
btc_usd_d10_20260721T150748Z,53,2026-07-21T16:00:48.503305Z,2026-07-21T16:00:48.503433Z,BTC-USD,10,ok,,133016815480,2026-07-21T16:00:46.047541227Z,0.80487978,0.74221998,0.040501460617,66611.229999999996,66611.240000000005,66611.235000000001,0.010000000009,0.001501248252,"[{""price"":66611.23,""size"":0.11117548,""num_orders"":3},{""price"":66611.19,""size"":0.04402271,""num_orders"":1},{""price"":66609.49,""size"":0.00036618,""num_orders"":1},{""price"":66609.1,""size"":0.18013114,""num_orders"":1},{""price"":66608.0,""size"":0.0163,""num_orders"":1},{""price"":66607.94,""size"":0.021533,""num_orders"":1},{""price"":66606.01,""size"":0.21862013,""num_orders"":1},{""price"":66606.0,""size"":0.0163,""num_orders"":1},{""price"":66605.8,""size"":0.18013114,""num_orders"":1},{""price"":66604.0,""size"":0.0163,""num_orders"":1}]","[{""price"":66611.24,""size"":0.0253,""num_orders"":1},{""price"":66613.7,""size"":3.798e-05,""num_orders"":1},{""price"":66614.01,""size"":0.12009485,""num_orders"":1},{""price"":66614.02,""size"":0.00066738,""num_orders"":1},{""price"":66616.29,""size"":0.20265856,""num_orders"":2},{""price"":66616.31,""size"":0.14,""num_orders"":3},{""price"":66617.08,""size"":0.00750007,""num_orders"":1},{""price"":66617.09,""size"":0.06,""num_orders"":2},{""price"":66619.3,""size"":0.00583,""num_orders"":1},{""price"":66619.33,""size"":0.18013114,""num_orders"":1}]"
btc_usd_d10_20260721T150748Z,54,2026-07-21T16:01:48.503305Z,2026-07-21T16:01:48.503427Z,BTC-USD,10,ok,,133016868379,2026-07-21T16:01:47.833987304Z,0.59621031,0.55788917,0.033204364671,66641.289999999994,66641.300000000003,66641.294999999998,0.010000000009,0.001500571081,"[{""price"":66641.29,""size"":0.14733207,""num_orders"":7},{""price"":66640.0,""size"":0.0146,""num_orders"":1},{""price"":66639.63,""size"":0.02,""num_orders"":1},{""price"":66639.62,""size"":0.00525199,""num_orders"":1},{""price"":66638.92,""size"":0.02,""num_orders"":1},{""price"":66638.91,""size"":0.18942864,""num_orders"":2},{""price"":66638.9,""size"":0.12010206,""num_orders"":1},{""price"":66638.0,""size"":0.0139,""num_orders"":1},{""price"":66637.98,""size"":0.06533339,""num_orders"":1},{""price"":66637.63,""size"":0.00026216,""num_orders"":1}]","[{""price"":66641.3,""size"":0.03012625,""num_orders"":5},{""price"":66642.64,""size"":0.12004327,""num_orders"":1},{""price"":66643.52,""size"":0.12004168,""num_orders"":1},{""price"":66643.85,""size"":1.7e-05,""num_orders"":1},{""price"":66643.88,""size"":0.0075044,""num_orders"":1},{""price"":66644.0,""size"":0.03751716,""num_orders"":1},{""price"":66644.18,""size"":0.001511,""num_orders"":1},{""price"":66644.87,""size"":0.02,""num_orders"":1},{""price"":66645.3,""size"":9.378e-05,""num_orders"":1},{""price"":66645.5,""size"":0.22103463,""num_orders"":1}]"
btc_usd_d10_20260721T150748Z,55,2026-07-21T16:02:48.503305Z,2026-07-21T16:02:48.503441Z,BTC-USD,10,ok,,133016914363,2026-07-21T16:02:47.839258691Z,1.84877002,0.23658693,0.773096946305,66675.440000000002,66675.449999999997,66675.445000000007,0.009999999995,0.001499802513,"[{""price"":66675.44,""size"":1.08170635,""num_orders"":10},{""price"":66675.11,""size"":0.25422092,""num_orders"":1},{""price"":66675.1,""size"":0.11998482,""num_orders"":1},{""price"":66674.94,""size"":0.03749508,""num_orders"":1},{""price"":66674.34,""size"":0.02692507,""num_orders"":2},{""price"":66674.33,""size"":0.022693,""num_orders"":1},{""price"":66674.02,""size"":0.02255641,""num_orders"":1},{""price"":66674.01,""size"":0.12010206,""num_orders"":1},{""price"":66674.0,""size"":0.0131,""num_orders"":1},{""price"":66672.74,""size"":0.14998631,""num_orders"":1}]","[{""price"":66675.45,""size"":0.01624407,""num_orders"":7},{""price"":66675.7,""size"":1.7e-05,""num_orders"":1},{""price"":66676.78,""size"":0.001511,""num_orders"":1},{""price"":66679.83,""size"":0.00750149,""num_orders"":1},{""price"":66680.04,""size"":0.001511,""num_orders"":1},{""price"":66680.25,""size"":1.7e-05,""num_orders"":1},{""price"":66680.78,""size"":9.373e-05,""num_orders"":1},{""price"":66682.12,""size"":0.01537144,""num_orders"":2},{""price"":66683.3,""size"":0.001511,""num_orders"":1},{""price"":66683.68,""size"":0.1928092,""num_orders"":1}]"
btc_usd_d10_20260721T150748Z,56,2026-07-21T16:03:48.503305Z,2026-07-21T16:03:48.503441Z,BTC-USD,10,ok,,133016956161,2026-07-21T16:03:47.668502234Z,0.53682672,0.69196641,-0.126253708791,66677.779999999999,66677.789999999994,66677.785000000003,0.009999999995,0.001499749878,"[{""price"":66677.78,""size"":0.13269488,""num_orders"":6},{""price"":66676.44,""size"":0.0149978,""num_orders"":2},{""price"":66676.11,""size"":0.00524912,""num_orders"":1},{""price"":66676.0,""size"":0.0112,""num_orders"":1},{""price"":66675.98,""size"":3.179e-05,""num_orders"":1},{""price"":66674.42,""size"":0.02,""num_orders"":1},{""price"":66674.41,""size"":5.82e-05,""num_orders"":1},{""price"":66674.04,""size"":0.02,""num_orders"":1},{""price"":66674.03,""size"":0.15249278,""num_orders"":2},{""price"":66674.02,""size"":0.18010215,""num_orders"":1}]","[{""price"":66677.79,""size"":0.21806182,""num_orders"":5},{""price"":66677.98,""size"":0.00152079,""num_orders"":1},{""price"":66679.13,""size"":0.0149972,""num_orders"":2},{""price"":66679.46,""size"":0.00524912,""num_orders"":1},{""price"":66680.04,""size"":0.001511,""num_orders"":1},{""price"":66680.28,""size"":0.14996938,""num_orders"":1},{""price"":66680.78,""size"":0.05399344,""num_orders"":1},{""price"":66681.27,""size"":0.00656151,""num_orders"":1},{""price"":66681.72,""size"":0.18010215,""num_orders"":1},{""price"":66681.95,""size"":0.06,""num_orders"":2}]"
btc_usd_d10_20260721T150748Z,57,2026-07-21T16:04:48.503305Z,2026-07-21T16:04:48.503418Z,BTC-USD,10,ok,,133017005670,2026-07-21T16:04:48.044877679Z,0.48598821,0.55556954,-0.066805061937,66714.990000000005,66715,66714.994999999995,0.009999999995,0.001498913399,"[{""price"":66714.99,""size"":0.11136227,""num_orders"":3},{""price"":66714.0,""size"":0.0151,""num_orders"":1},{""price"":66712.98,""size"":0.12010206,""num_orders"":1},{""price"":66712.64,""size"":0.001511,""num_orders"":1},{""price"":66712.0,""size"":0.0151,""num_orders"":1},{""price"":66711.38,""size"":0.00037775,""num_orders"":1},{""price"":66710.9,""size"":5.648e-05,""num_orders"":1},{""price"":66710.82,""size"":0.02,""num_orders"":1},{""price"":66710.81,""size"":0.1374112,""num_orders"":1},{""price"":66710.8,""size"":0.06496745,""num_orders"":1}]","[{""price"":66715.0,""size"":0.17849052,""num_orders"":7},{""price"":66715.01,""size"":0.00011371,""num_orders"":2},{""price"":66715.91,""size"":0.11511593,""num_orders"":2},{""price"":66716.67,""size"":0.00524619,""num_orders"":1},{""price"":66716.75,""size"":0.03747811,""num_orders"":1},{""price"":66718.38,""size"":0.14988374,""num_orders"":1},{""price"":66719.0,""size"":9.368e-05,""num_orders"":1},{""price"":66719.48,""size"":0.00258996,""num_orders"":1},{""price"":66719.57,""size"":0.06,""num_orders"":2},{""price"":66719.82,""size"":0.0065577,""num_orders"":1}]"
btc_usd_d10_20260721T150748Z,58,2026-07-21T16:05:48.503305Z,2026-07-21T16:05:48.503434Z,BTC-USD,10,ok,,133017060080,2026-07-21T16:05:47.081025968Z,0.40549659,0.55796304,-0.158248924244,66702.410000000003,66702.419999999998,66702.415000000008,0.009999999995,0.001499196093,"[{""price"":66702.41,""size"":0.18944652,""num_orders"":4},{""price"":66702.0,""size"":0.0142,""num_orders"":1},{""price"":66701.44,""size"":0.00074959,""num_orders"":1},{""price"":66701.07,""size"":0.01499226,""num_orders"":2},{""price"":66701.0,""size"":0.12010206,""num_orders"":1},{""price"":66700.74,""size"":0.00524718,""num_orders"":1},{""price"":66700.0,""size"":0.0142,""num_orders"":1},{""price"":66698.5,""size"":0.02,""num_orders"":1},{""price"":66698.49,""size"":0.00655898,""num_orders"":1},{""price"":66698.33,""size"":0.02,""num_orders"":1}]","[{""price"":66702.42,""size"":0.19571834,""num_orders"":8},{""price"":66703.76,""size"":0.01499166,""num_orders"":2},{""price"":66703.96,""size"":0.00038328,""num_orders"":1},{""price"":66704.89,""size"":9.993e-05,""num_orders"":2},{""price"":66705.99,""size"":0.02,""num_orders"":1},{""price"":66706.0,""size"":0.0142,""num_orders"":1},{""price"":66706.08,""size"":0.02,""num_orders"":1},{""price"":66706.09,""size"":0.14991136,""num_orders"":1},{""price"":66706.39,""size"":0.02255641,""num_orders"":1},{""price"":66706.4,""size"":0.12010206,""num_orders"":1}]"
btc_usd_d10_20260721T150748Z,59,2026-07-21T16:06:48.503305Z,2026-07-21T16:06:48.503430Z,BTC-USD,10,ok,,133017104797,2026-07-21T16:06:47.104153632Z,0.38230145,0.6740982,-0.276218143389,66637.229999999996,66637.240000000005,66637.235000000001,0.010000000009,0.001500662506,"[{""price"":66637.23,""size"":0.11300002,""num_orders"":3},{""price"":66637.12,""size"":0.05018792,""num_orders"":3},{""price"":66636.0,""size"":0.0142,""num_orders"":1},{""price"":66635.99,""size"":0.12010206,""num_orders"":1},{""price"":66635.78,""size"":0.01500696,""num_orders"":2},{""price"":66635.7,""size"":0.02339349,""num_orders"":1},{""price"":66635.0,""size"":0.01,""num_orders"":1},{""price"":66634.4,""size"":0.001511,""num_orders"":1},{""price"":66634.01,""size"":0.02,""num_orders"":1},{""price"":66634.0,""size"":0.0149,""num_orders"":1}]","[{""price"":66637.24,""size"":0.00525231,""num_orders"":1},{""price"":66638.58,""size"":0.01500632,""num_orders"":2},{""price"":66638.85,""size"":0.12005009,""num_orders"":1},{""price"":66638.9,""size"":0.03973439,""num_orders"":1},{""price"":66638.92,""size"":0.00525232,""num_orders"":1},{""price"":66639.88,""size"":0.00319942,""num_orders"":1},{""price"":66640.0,""size"":0.0149,""num_orders"":1},{""price"":66640.9,""size"":0.31407996,""num_orders"":2},{""price"":66640.91,""size"":0.15005799,""num_orders"":1},{""price"":66641.17,""size"":0.0065654,""num_orders"":1}]"
btc_usd_d10_20260721T173509Z,0,2026-07-21T17:35:09.003076Z,2026-07-21T17:35:09.003114Z,BTC-USD,10,ok,,133020528067,2026-07-21T17:35:08.337588605Z,0.70203915,0.60802404,0.071763797897,66380.220000000001,66380.229999999996,66380.225000000006,0.009999999995,0.001506472748,"[{""price"":66380.22,""size"":0.1147244,""num_orders"":4},{""price"":66380.0,""size"":0.0108,""num_orders"":1},{""price"":66379.56,""size"":0.04,""num_orders"":1},{""price"":66379.55,""size"":0.12051903,""num_orders"":1},{""price"":66378.58,""size"":0.04,""num_orders"":1},{""price"":66378.57,""size"":0.1823595,""num_orders"":1},{""price"":66378.0,""size"":0.0108,""num_orders"":1},{""price"":66377.93,""size"":0.04,""num_orders"":1},{""price"":66377.92,""size"":0.10283622,""num_orders"":1},{""price"":66376.92,""size"":0.04,""num_orders"":1}]","[{""price"":66380.23,""size"":0.06940852,""num_orders"":3},{""price"":66380.28,""size"":0.00698947,""num_orders"":1},{""price"":66381.89,""size"":0.00527265,""num_orders"":1},{""price"":66383.62,""size"":0.09036753,""num_orders"":1},{""price"":66383.63,""size"":0.18010215,""num_orders"":1},{""price"":66384.13,""size"":0.00659081,""num_orders"":1},{""price"":66384.31,""size"":0.03766192,""num_orders"":1},{""price"":66384.41,""size"":0.12051023,""num_orders"":1},{""price"":66384.49,""size"":0.00075323,""num_orders"":1},{""price"":66385.77,""size"":0.09036753,""num_orders"":1}]"
btc_usd_d10_20260721T173509Z,1,2026-07-21T17:36:09.003076Z,2026-07-21T17:36:09.003226Z,BTC-USD,10,ok,,133020570879,2026-07-21T17:36:06.036053777Z,0.78274355,0.48882159,0.231149746681,66394.190000000002,66394.199999999997,66394.195000000007,0.009999999995,0.001506155771,"[{""price"":66394.19,""size"":0.24572363,""num_orders"":6},{""price"":66394.0,""size"":0.0098,""num_orders"":1},{""price"":66392.35,""size"":0.00538375,""num_orders"":2},{""price"":66392.0,""size"":0.0098,""num_orders"":1},{""price"":66391.76,""size"":0.00106847,""num_orders"":1},{""price"":66391.13,""size"":0.04,""num_orders"":1},{""price"":66391.12,""size"":0.12049802,""num_orders"":1},{""price"":66390.82,""size"":0.04,""num_orders"":1},{""price"":66390.81,""size"":0.13036753,""num_orders"":2},{""price"":66390.8,""size"":0.18010215,""num_orders"":1}]","[{""price"":66394.2,""size"":0.06015919,""num_orders"":5},{""price"":66398.18,""size"":9.413e-05,""num_orders"":1},{""price"":66398.6,""size"":5.82e-05,""num_orders"":1},{""price"":66399.18,""size"":0.00753021,""num_orders"":1},{""price"":66399.73,""size"":0.03765586,""num_orders"":1},{""price"":66400.05,""size"":0.12048184,""num_orders"":1},{""price"":66400.2,""size"":1.7e-05,""num_orders"":1},{""price"":66400.71,""size"":0.18010215,""num_orders"":1},{""price"":66401.71,""size"":0.07519015,""num_orders"":1},{""price"":66401.91,""size"":0.00753286,""num_orders"":1}]"
btc_usd_d10_20260721T173509Z,2,2026-07-21T17:37:09.003076Z,2026-07-21T17:37:09.003216Z,BTC-USD,10,ok,,133020611427,2026-07-21T17:37:08.040581120Z,0.92350216,0.3439756,0.457228188367,66428.580000000002,66428.589999999997,66428.584999999992,0.009999999995,0.001505376036,"[{""price"":66428.58,""size"":0.00526881,""num_orders"":1},{""price"":66426.72,""size"":0.00526882,""num_orders"":1},{""price"":66426.19,""size"":0.00075268,""num_orders"":1},{""price"":66426.0,""size"":0.0088,""num_orders"":1},{""price"":66425.24,""size"":0.12043614,""num_orders"":1},{""price"":66425.03,""size"":0.09036753,""num_orders"":1},{""price"":66425.02,""size"":0.00592,""num_orders"":1},{""price"":66425.0,""size"":0.5,""num_orders"":1},{""price"":66424.47,""size"":0.00658603,""num_orders"":1},{""price"":66424.01,""size"":0.18010215,""num_orders"":1}]","[{""price"":66428.59,""size"":0.12612349,""num_orders"":3},{""price"":66428.61,""size"":3.29e-05,""num_orders"":2},{""price"":66429.0,""size"":0.00063286,""num_orders"":1},{""price"":66430.0,""size"":0.0088,""num_orders"":1},{""price"":66430.17,""size"":1.7e-05,""num_orders"":1},{""price"":66431.37,""size"":0.12042504,""num_orders"":1},{""price"":66431.71,""size"":0.03763331,""num_orders"":1},{""price"":66432.0,""size"":0.0088,""num_orders"":1},{""price"":66432.28,""size"":0.001511,""num_orders"":1},{""price"":66433.31,""size"":0.04,""num_orders"":1}]"
btc_usd_d10_20260721T173509Z,3,2026-07-21T17:38:09.003076Z,2026-07-21T17:38:09.003210Z,BTC-USD,10,ok,,133020650002,2026-07-21T17:38:06.603869556Z,0.82171237,0.62114637,0.139005984744,66433.5,66433.509999999995,66433.505000000005,0.009999999995,0.001505264549,"[{""price"":66433.5,""size"":0.00042038,""num_orders"":2},{""price"":66432.0,""size"":0.0097,""num_orders"":1},{""price"":66430.76,""size"":0.09036753,""num_orders"":1},{""price"":66430.18,""size"":0.00592,""num_orders"":1},{""price"":66430.17,""size"":0.05811161,""num_orders"":2},{""price"":66430.0,""size"":0.5202,""num_orders"":3},{""price"":66429.59,""size"":0.12042825,""num_orders"":1},{""price"":66429.3,""size"":0.0075268,""num_orders"":1},{""price"":66429.27,""size"":0.0075268,""num_orders"":1},{""price"":66429.02,""size"":0.001511,""num_orders"":1}]","[{""price"":66433.51,""size"":0.10112248,""num_orders"":4},{""price"":66434.84,""size"":0.01505234,""num_orders"":2},{""price"":66435.17,""size"":0.00526842,""num_orders"":1},{""price"":66435.42,""size"":0.03762369,""num_orders"":1},{""price"":66435.72,""size"":0.12041716,""num_orders"":1},{""price"":66437.38,""size"":0.15051768,""num_orders"":1},{""price"":66437.42,""size"":0.00658553,""num_orders"":1},{""price"":66438.18,""size"":0.04,""num_orders"":1},{""price"":66439.24,""size"":0.05419154,""num_orders"":1},{""price"":66439.45,""size"":0.09036753,""num_orders"":1}]"
btc_usd_d10_20260721T173509Z,4,2026-07-21T17:39:09.003076Z,2026-07-21T17:39:09.003206Z,BTC-USD,10,ok,,133020679810,2026-07-21T17:39:07.130313744Z,0.4433957,0.14003973,0.519947802964,66411.869999999995,66411.880000000005,66411.875,0.010000000009,0.001505754808,"[{""price"":66411.87,""size"":0.21386773,""num_orders"":8},{""price"":66410.68,""size"":0.04,""num_orders"":1},{""price"":66410.67,""size"":0.00752891,""num_orders"":1},{""price"":66410.55,""size"":0.04,""num_orders"":1},{""price"":66410.54,""size"":0.00752893,""num_orders"":1},{""price"":66410.23,""size"":0.04,""num_orders"":1},{""price"":66410.22,""size"":0.00527013,""num_orders"":1},{""price"":66410.01,""size"":0.04,""num_orders"":1},{""price"":66410.0,""size"":0.0092,""num_orders"":1},{""price"":66409.26,""size"":0.04,""num_orders"":1}]","[{""price"":66411.88,""size"":0.06269071,""num_orders"":4},{""price"":66412.01,""size"":0.00034545,""num_orders"":2},{""price"":66413.34,""size"":0.01505722,""num_orders"":2},{""price"":66413.67,""size"":0.00527013,""num_orders"":1},{""price"":66414.74,""size"":0.00014149,""num_orders"":1},{""price"":66415.21,""size"":0.00326305,""num_orders"":1},{""price"":66415.86,""size"":0.03764467,""num_orders"":1},{""price"":66415.91,""size"":0.00658766,""num_orders"":1},{""price"":66415.94,""size"":0.00752835,""num_orders"":1},{""price"":66415.98,""size"":0.001511,""num_orders"":1}]"
btc_usd_d10_20260721T173509Z,5,2026-07-21T17:40:09.003076Z,2026-07-21T17:40:09.003231Z,BTC-USD,10,ok,,133020714136,2026-07-21T17:40:08.029264220Z,2.36287259,0.34716522,0.743793080142,66410.190000000002,66410.199999999997,66410.195000000007,0.009999999995,0.001505792897,"[{""price"":66410.19,""size"":0.23124772,""num_orders"":8},{""price"":66408.87,""size"":0.04,""num_orders"":1},{""price"":66408.86,""size"":0.01505824,""num_orders"":2},{""price"":66408.21,""size"":0.04,""num_orders"":1},{""price"":66408.2,""size"":0.09036753,""num_orders"":1},{""price"":66408.01,""size"":0.04,""num_orders"":1},{""price"":66408.0,""size"":1.5092,""num_orders"":3},{""price"":66407.01,""size"":0.00446338,""num_orders"":1},{""price"":66406.86,""size"":1.7e-05,""num_orders"":1},{""price"":66406.54,""size"":0.39251872,""num_orders"":1}]","[{""price"":66410.2,""size"":0.10065151,""num_orders"":4},{""price"":66411.53,""size"":0.01505762,""num_orders"":2},{""price"":66411.86,""size"":0.00527027,""num_orders"":1},{""price"":66412.97,""size"":0.00148402,""num_orders"":1},{""price"":66414.0,""size"":0.0101,""num_orders"":1},{""price"":66414.1,""size"":0.00658784,""num_orders"":1},{""price"":66415.81,""size"":0.04,""num_orders"":1},{""price"":66415.82,""size"":0.09036753,""num_orders"":1},{""price"":66415.83,""size"":0.04,""num_orders"":1},{""price"":66415.84,""size"":0.03764643,""num_orders"":1}]"
btc_usd_d10_20260721T173509Z,6,2026-07-21T17:41:09.003076Z,2026-07-21T17:41:09.003210Z,BTC-USD,10,ok,,133020770460,2026-07-21T17:41:08.648422423Z,0.34237805,0.34713016,-0.00689202816,66438,66438.009999999995,66438.005000000005,0.009999999995,0.001505162594,"[{""price"":66438.0,""size"":0.02001125,""num_orders"":2},{""price"":66436.83,""size"":1.688e-05,""num_orders"":1},{""price"":66436.8,""size"":0.0183445,""num_orders"":1},{""price"":66436.79,""size"":0.02765874,""num_orders"":1},{""price"":66436.67,""size"":0.01505192,""num_orders"":2},{""price"":66436.23,""size"":0.09036753,""num_orders"":1},{""price"":66436.22,""size"":0.12041623,""num_orders"":1},{""price"":66436.0,""size"":0.009,""num_orders"":1},{""price"":66435.54,""size"":0.001511,""num_orders"":1},{""price"":66434.81,""size"":0.04,""num_orders"":1}]","[{""price"":66438.01,""size"":0.06688904,""num_orders"":3},{""price"":66438.97,""size"":0.00393008,""num_orders"":1},{""price"":66439.34,""size"":0.01505132,""num_orders"":2},{""price"":66439.67,""size"":0.00526806,""num_orders"":1},{""price"":66440.0,""size"":0.009,""num_orders"":1},{""price"":66441.54,""size"":0.04,""num_orders"":1},{""price"":66441.55,""size"":0.12040658,""num_orders"":1},{""price"":66441.91,""size"":0.04,""num_orders"":1},{""price"":66441.92,""size"":0.00658508,""num_orders"":1},{""price"":66441.99,""size"":0.04,""num_orders"":1}]"
btc_usd_d10_20260721T173509Z,7,2026-07-21T17:42:09.003076Z,2026-07-21T17:42:09.003213Z,BTC-USD,10,ok,,133020796079,2026-07-21T17:42:08.099058991Z,0.40078961,0.43251821,-0.038075485719,66433.490000000005,66433.5,66433.494999999995,0.009999999995,0.001505264776,"[{""price"":66433.49,""size"":0.07258007,""num_orders"":6},{""price"":66432.16,""size"":0.01505296,""num_orders"":2},{""price"":66431.83,""size"":0.00526842,""num_orders"":1},{""price"":66430.0,""size"":0.0082,""num_orders"":1},{""price"":66429.58,""size"":0.00658553,""num_orders"":1},{""price"":66428.91,""size"":0.02480048,""num_orders"":2},{""price"":66428.03,""size"":0.04,""num_orders"":1},{""price"":66428.02,""size"":0.18010215,""num_orders"":1},{""price"":66428.01,""size"":0.04,""num_orders"":1},{""price"":66428.0,""size"":0.0082,""num_orders"":1}]","[{""price"":66433.5,""size"":0.10763219,""num_orders"":5},{""price"":66433.68,""size"":0.12042084,""num_orders"":1},{""price"":66434.02,""size"":0.03763567,""num_orders"":1},{""price"":66434.83,""size"":0.01505234,""num_orders"":2},{""price"":66435.16,""size"":0.00526842,""num_orders"":1},{""price"":66436.0,""size"":0.0086,""num_orders"":1},{""price"":66436.22,""size"":0.00752422,""num_orders"":1},{""price"":66436.23,""size"":0.09036753,""num_orders"":1},{""price"":66436.82,""size"":0.04,""num_orders"":1},{""price"":66436.83,""size"":1.7e-05,""num_orders"":1}]"
btc_usd_d10_20260721T173509Z,8,2026-07-21T17:43:09.003076Z,2026-07-21T17:43:09.003205Z,BTC-USD,10,ok,,133020823225,2026-07-21T17:43:06.529166570Z,0.45743563,0.36664585,0.110170877763,66450.779999999999,66450.789999999994,66450.785000000003,0.009999999995,0.001504873117,"[{""price"":66450.78,""size"":0.17488723,""num_orders"":4},{""price"":66450.0,""size"":0.0147,""num_orders"":1},{""price"":66449.13,""size"":0.00526701,""num_orders"":1},{""price"":66448.01,""size"":0.04,""num_orders"":1},{""price"":66448.0,""size"":0.0147,""num_orders"":1},{""price"":66447.78,""size"":0.04,""num_orders"":1},{""price"":66447.77,""size"":0.1203953,""num_orders"":1},{""price"":66446.99,""size"":0.00090232,""num_orders"":1},{""price"":66446.89,""size"":0.04,""num_orders"":1},{""price"":66446.88,""size"":0.00658377,""num_orders"":1}]","[{""price"":66450.79,""size"":0.07148908,""num_orders"":5},{""price"":66452.71,""size"":0.12038637,""num_orders"":1},{""price"":66453.48,""size"":1.7e-05,""num_orders"":1},{""price"":66454.0,""size"":0.0147,""num_orders"":1},{""price"":66454.46,""size"":5.82e-05,""num_orders"":1},{""price"":66454.64,""size"":0.12038286,""num_orders"":1},{""price"":66454.65,""size"":0.00038328,""num_orders"":1},{""price"":66454.78,""size"":9.405e-05,""num_orders"":1},{""price"":66454.97,""size"":0.03762401,""num_orders"":1},{""price"":66455.1,""size"":0.001511,""num_orders"":1}]"
btc_usd_d10_20260721T173509Z,9,2026-07-21T17:44:09.003076Z,2026-07-21T17:44:09.003220Z,BTC-USD,10,ok,,133020865675,2026-07-21T17:44:07.045264976Z,1.20944965,0.5772244,0.353855953748,66451.639999999999,66451.649999999994,66451.64499999999,0.009999999995,0.001504853641,"[{""price"":66451.64,""size"":0.09172177,""num_orders"":2},{""price"":66450.95,""size"":0.01061683,""num_orders"":1},{""price"":66450.94,""size"":0.02806807,""num_orders"":1},{""price"":66450.54,""size"":0.00061353,""num_orders"":1},{""price"":66450.53,""size"":0.1203903,""num_orders"":1},{""price"":66450.45,""size"":0.03762391,""num_orders"":1},{""price"":66450.15,""size"":1.7e-05,""num_orders"":1},{""price"":66450.13,""size"":0.09036753,""num_orders"":1},{""price"":66450.0,""size"":0.79072771,""num_orders"":2},{""price"":66449.95,""size"":0.039303,""num_orders"":1}]","[{""price"":66451.65,""size"":0.0051975,""num_orders"":1},{""price"":66452.99,""size"":0.00752412,""num_orders"":1},{""price"":66453.34,""size"":0.00526701,""num_orders"":1},{""price"":66455.59,""size"":0.00658376,""num_orders"":1},{""price"":66455.75,""size"":0.18010215,""num_orders"":1},{""price"":66456.0,""size"":0.0113,""num_orders"":1},{""price"":66456.7,""size"":0.09036753,""num_orders"":1},{""price"":66457.18,""size"":0.12037827,""num_orders"":1},{""price"":66457.88,""size"":0.15047126,""num_orders"":1},{""price"":66458.78,""size"":3.28e-05,""num_orders"":1}]"
btc_usd_d10_20260721T173509Z,10,2026-07-21T17:45:09.003076Z,2026-07-21T17:45:09.003233Z,BTC-USD,10,ok,,133020896305,2026-07-21T17:45:07.190346576Z,0.80136527,0.29180773,0.466127081441,66464.820000000007,66464.830000000002,66464.825000000012,0.009999999995,0.001504555228,"[{""price"":66464.82,""size"":0.03906581,""num_orders"":2},{""price"":66464.81,""size"":0.12036444,""num_orders"":1},{""price"":66464.44,""size"":0.00105475,""num_orders"":1},{""price"":66464.36,""size"":0.09036753,""num_orders"":1},{""price"":66464.0,""size"":0.0107,""num_orders"":1},{""price"":66463.59,""size"":0.03761186,""num_orders"":1},{""price"":66463.16,""size"":0.00526594,""num_orders"":1},{""price"":66462.55,""size"":0.18010215,""num_orders"":1},{""price"":66462.54,""size"":0.19646423,""num_orders"":1},{""price"":66462.53,""size"":0.12036856,""num_orders"":1}]","[{""price"":66464.83,""size"":0.05271568,""num_orders"":5},{""price"":66466.79,""size"":0.04122318,""num_orders"":2},{""price"":66466.8,""size"":1.7e-05,""num_orders"":1},{""price"":66468.0,""size"":0.0107,""num_orders"":1},{""price"":66468.26,""size"":5.82e-05,""num_orders"":1},{""price"":66469.56,""size"":0.04,""num_orders"":1},{""price"":66469.57,""size"":0.12787835,""num_orders"":2},{""price"":66469.81,""size"":0.00789832,""num_orders"":1},{""price"":66470.0,""size"":0.0113,""num_orders"":1},{""price"":66470.13,""size"":1.7e-05,""num_orders"":1}]"
btc_usd_d10_20260721T173509Z,11,2026-07-21T17:46:09.003076Z,2026-07-21T17:46:09.003206Z,BTC-USD,10,ok,,133020932741,2026-07-21T17:46:06.619868587Z,0.46113282,0.7874919,-0.261374834866,66453.809999999998,66453.820000000007,66453.815000000002,0.010000000009,0.001504804504,"[{""price"":66453.81,""size"":0.00526668,""num_orders"":1},{""price"":66453.12,""size"":0.12048193,""num_orders"":2},{""price"":66452.03,""size"":0.09036753,""num_orders"":1},{""price"":66452.0,""size"":0.013,""num_orders"":1},{""price"":66451.56,""size"":0.00658335,""num_orders"":1},{""price"":66450.49,""size"":0.0150488,""num_orders"":2},{""price"":66450.16,""size"":0.04,""num_orders"":1},{""price"":66450.15,""size"":1.7e-05,""num_orders"":1},{""price"":66450.03,""size"":0.04,""num_orders"":1},{""price"":66450.02,""size"":0.13036753,""num_orders"":2}]","[{""price"":66453.82,""size"":0.09806633,""num_orders"":5},{""price"":66457.16,""size"":0.03761915,""num_orders"":1},{""price"":66458.03,""size"":0.12037674,""num_orders"":1},{""price"":66458.78,""size"":0.09036753,""num_orders"":1},{""price"":66458.79,""size"":0.19999905,""num_orders"":2},{""price"":66460.14,""size"":1.7e-05,""num_orders"":1},{""price"":66460.2,""size"":0.00012037,""num_orders"":1},{""price"":66460.79,""size"":0.09036753,""num_orders"":1},{""price"":66460.93,""size"":9.404e-05,""num_orders"":1},{""price"":66461.01,""size"":0.15046416,""num_orders"":1}]"
btc_usd_d10_20260721T173509Z,12,2026-07-21T17:47:09.003076Z,2026-07-21T17:47:09.003208Z,BTC-USD,10,ok,,133021003287,2026-07-21T17:47:06.045213776Z,1.05754988,3.05034672,-0.485113680807,66208.460000000006,66219.020000000004,66213.740000000005,10.559999999998,1.594835150529,"[{""price"":66208.46,""size"":0.0379,""num_orders"":1},{""price"":66207.46,""size"":0.18127813,""num_orders"":1},{""price"":66205.39,""size"":0.00755225,""num_orders"":1},{""price"":66202.08,""size"":0.18127813,""num_orders"":1},{""price"":66201.95,""size"":0.18123672,""num_orders"":1},{""price"":66199.01,""size"":0.18123672,""num_orders"":1},{""price"":66196.78,""size"":0.18127813,""num_orders"":1},{""price"":66195.54,""size"":0.10554,""num_orders"":1},{""price"":66193.74,""size"":1.7e-05,""num_orders"":1},{""price"":66193.02,""size"":0.0002328,""num_orders"":1}]","[{""price"":66219.02,""size"":0.0379,""num_orders"":1},{""price"":66220.02,""size"":0.04,""num_orders"":1},{""price"":66220.03,""size"":3.473e-05,""num_orders"":1},{""price"":66222.98,""size"":0.18127813,""num_orders"":1},{""price"":66222.99,""size"":0.15053252,""num_orders"":1},{""price"":66223.0,""size"":0.5,""num_orders"":1},{""price"":66224.0,""size"":1.0099,""num_orders"":2},{""price"":66224.44,""size"":0.12080134,""num_orders"":1},{""price"":66225.0,""size"":1.0,""num_orders"":1},{""price"":66226.0,""size"":0.0099,""num_orders"":1}]"
btc_usd_d10_20260721T173509Z,13,2026-07-21T17:48:09.003076Z,2026-07-21T17:48:09.003206Z,BTC-USD,10,ok,,133021093612,2026-07-21T17:48:08.102649267Z,0.52838961,0.28770775,0.29491807203,66169.899999999994,66170,66169.949999999997,0.100000000006,0.015112600207,"[{""price"":66169.9,""size"":0.07554893,""num_orders"":1},{""price"":66168.83,""size"":0.01511286,""num_orders"":2},{""price"":66167.99,""size"":0.00528948,""num_orders"":1},{""price"":66166.33,""size"":0.00528948,""num_orders"":1},{""price"":66166.0,""size"":0.0214,""num_orders"":1},{""price"":66164.94,""size"":0.12090995,""num_orders"":1},{""price"":66164.12,""size"":0.07554893,""num_orders"":1},{""price"":66164.1,""size"":0.00661185,""num_orders"":1},{""price"":66164.0,""size"":0.0214,""num_orders"":1},{""price"":66163.14,""size"":0.18127813,""num_orders"":1}]","[{""price"":66170.0,""size"":0.1014,""num_orders"":3},{""price"":66170.43,""size"":1.7e-05,""num_orders"":1},{""price"":66172.0,""size"":0.0214,""num_orders"":1},{""price"":66173.24,""size"":0.01511184,""num_orders"":2},{""price"":66173.76,""size"":1.7e-05,""num_orders"":1},{""price"":66174.0,""size"":0.0197,""num_orders"":1},{""price"":66176.0,""size"":0.0197,""num_orders"":1},{""price"":66176.35,""size"":0.09064491,""num_orders"":1},{""price"":66177.09,""size"":1.7e-05,""num_orders"":1},{""price"":66178.0,""size"":0.0197,""num_orders"":1}]"
btc_usd_d10_20260721T173509Z,14,2026-07-21T17:49:09.003076Z,2026-07-21T17:49:09.003208Z,BTC-USD,10,ok,,133021146577,2026-07-21T17:49:08.177090005Z,0.41172147,0.35388413,0.07554456237,66223.699999999997,66223.710000000006,66223.705000000002,0.010000000009,0.001510033304,"[{""price"":66223.7,""size"":0.06,""num_orders"":2},{""price"":66222.98,""size"":0.07561881,""num_orders"":2},{""price"":66222.37,""size"":0.01510064,""num_orders"":2},{""price"":66220.38,""size"":0.01236266,""num_orders"":2},{""price"":66220.37,""size"":0.00010193,""num_orders"":1},{""price"":66220.35,""size"":0.00359698,""num_orders"":1},{""price"":66218.8,""size"":0.1208116,""num_orders"":1},{""price"":66218.42,""size"":0.00528539,""num_orders"":1},{""price"":66218.03,""size"":0.09064491,""num_orders"":1},{""price"":66218.02,""size"":0.02819855,""num_orders"":1}]","[{""price"":66223.71,""size"":0.125613,""num_orders"":2},{""price"":66224.0,""size"":0.0116,""num_orders"":1},{""price"":66225.04,""size"":0.01510002,""num_orders"":2},{""price"":66225.68,""size"":9.437e-05,""num_orders"":1},{""price"":66225.74,""size"":0.12079895,""num_orders"":1},{""price"":66226.0,""size"":0.0116,""num_orders"":1},{""price"":66226.9,""size"":0.001511,""num_orders"":1},{""price"":66227.0,""size"":0.00754979,""num_orders"":1},{""price"":66227.04,""size"":1.7e-05,""num_orders"":1},{""price"":66227.23,""size"":0.06,""num_orders"":2}]"
btc_usd_d10_20260721T173509Z,15,2026-07-21T17:50:09.003076Z,2026-07-21T17:50:09.003203Z,BTC-USD,10,ok,,133021191704,2026-07-21T17:50:06.187050671Z,0.69228653,0.64191732,0.037752259522,66280.080000000002,66280.320000000007,66280.200000000012,0.240000000005,0.036209908842,"[{""price"":66280.08,""size"":0.06,""num_orders"":2},{""price"":66279.3,""size"":0.12070131,""num_orders"":1},{""price"":66278.0,""size"":0.0109,""num_orders"":1},{""price"":66277.71,""size"":0.09064491,""num_orders"":1},{""price"":66276.41,""size"":0.12070659,""num_orders"":1},{""price"":66276.01,""size"":0.00528081,""num_orders"":1},{""price"":66276.0,""size"":0.0109,""num_orders"":1},{""price"":66275.63,""size"":0.18127813,""num_orders"":1},{""price"":66275.62,""size"":0.09064491,""num_orders"":1},{""price"":66274.65,""size"":0.00122987,""num_orders"":1}]","[{""price"":66280.32,""size"":1.7e-05,""num_orders"":1},{""price"":66283.65,""size"":1.7e-05,""num_orders"":1},{""price"":66284.21,""size"":0.0379,""num_orders"":1},{""price"":66285.21,""size"":0.18127813,""num_orders"":1},{""price"":66285.22,""size"":0.09064491,""num_orders"":1},{""price"":66285.29,""size"":0.12069044,""num_orders"":1},{""price"":66286.98,""size"":1.7e-05,""num_orders"":1},{""price"":66287.73,""size"":0.09064491,""num_orders"":1},{""price"":66288.12,""size"":0.12068528,""num_orders"":1},{""price"":66289.56,""size"":2.265e-05,""num_orders"":1}]"
btc_usd_d10_20260721T173509Z,16,2026-07-21T17:51:09.003076Z,2026-07-21T17:51:09.003266Z,BTC-USD,10,ok,,133021241924,2026-07-21T17:51:07.684859742Z,0.61669853,0.4075587,0.204186823265,66263.669999999998,66263.679999999993,66263.674999999988,0.009999999995,0.001509122456,"[{""price"":66263.67,""size"":0.09086284,""num_orders"":4},{""price"":66262.73,""size"":0.07554893,""num_orders"":1},{""price"":66262.34,""size"":0.01509152,""num_orders"":2},{""price"":66262.02,""size"":0.1207328,""num_orders"":1},{""price"":66260.99,""size"":0.12073467,""num_orders"":1},{""price"":66260.52,""size"":0.18127813,""num_orders"":1},{""price"":66260.51,""size"":0.0020676,""num_orders"":1},{""price"":66260.34,""size"":1.7e-05,""num_orders"":1},{""price"":66260.0,""size"":0.01,""num_orders"":1},{""price"":66259.81,""size"":0.00036504,""num_orders"":1}]","[{""price"":66263.68,""size"":0.07394434,""num_orders"":3},{""price"":66264.0,""size"":0.0084,""num_orders"":1},{""price"":66265.01,""size"":0.01509092,""num_orders"":2},{""price"":66265.34,""size"":0.00528192,""num_orders"":1},{""price"":66266.0,""size"":0.0084,""num_orders"":1},{""price"":66267.58,""size"":0.00660241,""num_orders"":1},{""price"":66268.0,""size"":0.0084,""num_orders"":1},{""price"":66268.81,""size"":0.12072045,""num_orders"":1},{""price"":66269.78,""size"":0.04,""num_orders"":1},{""price"":66269.79,""size"":0.12071866,""num_orders"":1}]"
btc_usd_d10_20260721T173509Z,17,2026-07-21T17:52:09.003076Z,2026-07-21T17:52:09.003225Z,BTC-USD,10,ok,,133021300228,2026-07-21T17:52:07.047032064Z,1.13664111,0.35371657,0.525326604819,66252.470000000001,66253.190000000002,66252.830000000002,0.720000000001,0.108674603032,"[{""price"":66252.47,""size"":0.09064491,""num_orders"":1},{""price"":66252.0,""size"":0.00017552,""num_orders"":1},{""price"":66251.72,""size"":0.02332205,""num_orders"":1},{""price"":66250.93,""size"":0.01509412,""num_orders"":2},{""price"":66250.35,""size"":1.7e-05,""num_orders"":1},{""price"":66250.05,""size"":0.09064491,""num_orders"":1},{""price"":66250.04,""size"":0.07554893,""num_orders"":1},{""price"":66250.01,""size"":0.18127813,""num_orders"":1},{""price"":66250.0,""size"":0.65840454,""num_orders"":2},{""price"":66249.72,""size"":0.001511,""num_orders"":1}]","[{""price"":66253.19,""size"":0.0379,""num_orders"":1},{""price"":66254.0,""size"":0.008,""num_orders"":1},{""price"":66255.89,""size"":0.0052827,""num_orders"":1},{""price"":66255.9,""size"":0.12074397,""num_orders"":1},{""price"":66257.55,""size"":0.0052827,""num_orders"":1},{""price"":66257.56,""size"":0.04,""num_orders"":1},{""price"":66257.62,""size"":0.12074083,""num_orders"":1},{""price"":66258.0,""size"":0.008,""num_orders"":1},{""price"":66258.5,""size"":0.001163,""num_orders"":1},{""price"":66259.79,""size"":0.00660337,""num_orders"":1}]"
btc_usd_d10_20260721T173509Z,18,2026-07-21T17:53:09.003076Z,2026-07-21T17:53:09.003227Z,BTC-USD,10,ok,,133021349999,2026-07-21T17:53:07.030866382Z,0.36419154,0.54474363,-0.198641328842,66187.080000000002,66187.089999999997,66187.084999999992,0.009999999995,0.001510868774,"[{""price"":66187.08,""size"":0.10088073,""num_orders"":3},{""price"":66186.0,""size"":0.0088,""num_orders"":1},{""price"":66185.75,""size"":0.015109,""num_orders"":2},{""price"":66185.0,""size"":0.01,""num_orders"":1},{""price"":66184.61,""size"":0.09064491,""num_orders"":1},{""price"":66184.6,""size"":0.12087403,""num_orders"":1},{""price"":66184.52,""size"":0.001511,""num_orders"":1},{""price"":66184.0,""size"":0.0088,""num_orders"":1},{""price"":66183.75,""size"":1.7e-05,""num_orders"":1},{""price"":66182.45,""size"":0.00755487,""num_orders"":1}]","[{""price"":66187.09,""size"":0.0379,""num_orders"":1},{""price"":66187.78,""size"":0.00882029,""num_orders"":1},{""price"":66188.42,""size"":0.01510838,""num_orders"":2},{""price"":66188.78,""size"":0.00267385,""num_orders"":1},{""price"":66189.45,""size"":0.00528798,""num_orders"":1},{""price"":66191.27,""size"":0.15107732,""num_orders"":1},{""price"":66191.68,""size"":0.00660998,""num_orders"":1},{""price"":66193.61,""size"":0.15107199,""num_orders"":1},{""price"":66194.77,""size"":0.09064491,""num_orders"":1},{""price"":66194.78,""size"":0.07554893,""num_orders"":1}]"
btc_usd_d10_20260721T173509Z,19,2026-07-21T17:54:09.003076Z,2026-07-21T17:54:09.003226Z,BTC-USD,10,ok,,133021395907,2026-07-21T17:54:08.046186656Z,0.55362072,0.29904668,0.29856194807,66194.539999999994,66194.550000000003,66194.544999999998,0.010000000009,0.001510698504,"[{""price"":66194.54,""size"":0.14482916,""num_orders"":3},{""price"":66194.28,""size"":0.00314201,""num_orders"":1},{""price"":66193.64,""size"":0.03,""num_orders"":1},{""price"":66193.62,""size"":0.03,""num_orders"":1},{""price"":66192.68,""size"":0.12085928,""num_orders"":1},{""price"":66192.09,""size"":5.788e-05,""num_orders"":1},{""price"":66192.0,""size"":0.0088,""num_orders"":1},{""price"":66191.9,""size"":0.00528748,""num_orders"":1},{""price"":66190.83,""size"":0.08,""num_orders"":2},{""price"":66190.82,""size"":0.13064491,""num_orders"":2}]","[{""price"":66194.55,""size"":0.06793117,""num_orders"":3},{""price"":66194.89,""size"":9.442e-05,""num_orders"":1},{""price"":66196.21,""size"":0.01548427,""num_orders"":2},{""price"":66197.07,""size"":1.7e-05,""num_orders"":1},{""price"":66198.0,""size"":0.0088,""num_orders"":1},{""price"":66200.0,""size"":0.0088,""num_orders"":1},{""price"":66200.4,""size"":1.7e-05,""num_orders"":1},{""price"":66200.82,""size"":0.001511,""num_orders"":1},{""price"":66201.66,""size"":0.12084289,""num_orders"":1},{""price"":66202.47,""size"":0.07554893,""num_orders"":1}]"
btc_usd_d10_20260721T173509Z,20,2026-07-21T17:55:09.003076Z,2026-07-21T17:55:09.003180Z,BTC-USD,10,ok,,133021441225,2026-07-21T17:55:07.038911447Z,0.61628692,0.14262692,0.624128820737,66167.229999999996,66167.240000000005,66167.235000000001,0.010000000009,0.001511322033,"[{""price"":66167.23,""size"":0.12090572,""num_orders"":1},{""price"":66167.1,""size"":1.7e-05,""num_orders"":1},{""price"":66166.02,""size"":0.09064491,""num_orders"":1},{""price"":66166.01,""size"":0.07554893,""num_orders"":1},{""price"":66165.94,""size"":0.18127813,""num_orders"":1},{""price"":66165.93,""size"":0.12090813,""num_orders"":1},{""price"":66165.9,""size"":0.01511352,""num_orders"":2},{""price"":66165.8,""size"":0.00035958,""num_orders"":1},{""price"":66165.0,""size"":0.01,""num_orders"":1},{""price"":66164.96,""size"":0.001511,""num_orders"":1}]","[{""price"":66167.24,""size"":0.01191191,""num_orders"":1},{""price"":66168.01,""size"":0.03778767,""num_orders"":1},{""price"":66168.23,""size"":0.00075566,""num_orders"":1},{""price"":66168.57,""size"":0.01511292,""num_orders"":2},{""price"":66169.26,""size"":0.00528959,""num_orders"":1},{""price"":66170.0,""size"":0.0088,""num_orders"":1},{""price"":66171.13,""size"":0.00661203,""num_orders"":1},{""price"":66172.0,""size"":0.0088,""num_orders"":1},{""price"":66172.31,""size"":0.04,""num_orders"":1},{""price"":66172.32,""size"":0.00755714,""num_orders"":1}]"
btc_usd_d10_20260721T173509Z,21,2026-07-21T17:56:09.003076Z,2026-07-21T17:56:09.003207Z,BTC-USD,10,ok,,133021484292,2026-07-21T17:56:06.603268510Z,0.68300036,0.19212807,0.560914573419,66184.009999999995,66184.020000000004,66184.014999999999,0.010000000009,0.001510938859,"[{""price"":66184.01,""size"":0.09064484,""num_orders"":1},{""price"":66184.0,""size"":0.0107,""num_orders"":1},{""price"":66182.68,""size"":0.0151097,""num_orders"":2},{""price"":66182.0,""size"":0.0107,""num_orders"":1},{""price"":66181.81,""size"":0.1510989,""num_orders"":1},{""price"":66181.58,""size"":0.09064491,""num_orders"":1},{""price"":66181.42,""size"":0.25682706,""num_orders"":2},{""price"":66181.41,""size"":0.0572226,""num_orders"":1},{""price"":66180.42,""size"":1.7e-05,""num_orders"":1},{""price"":66180.41,""size"":3.535e-05,""num_orders"":1}]","[{""price"":66184.02,""size"":0.09723355,""num_orders"":3},{""price"":66185.35,""size"":0.01510908,""num_orders"":2},{""price"":66187.03,""size"":0.00528823,""num_orders"":1},{""price"":66188.0,""size"":0.0107,""num_orders"":1},{""price"":66188.62,""size"":0.0377764,""num_orders"":1},{""price"":66188.71,""size"":0.00015571,""num_orders"":3},{""price"":66189.62,""size"":0.00755498,""num_orders"":1},{""price"":66190.0,""size"":0.0107,""num_orders"":1},{""price"":66190.17,""size"":0.001,""num_orders"":1},{""price"":66190.21,""size"":0.00661012,""num_orders"":1}]"
btc_usd_d10_20260721T173509Z,22,2026-07-21T17:57:09.003076Z,2026-07-21T17:57:09.003279Z,BTC-USD,10,ok,,133021520203,2026-07-21T17:57:06.130912774Z,0.79317529,0.18943505,0.614424879754,66161.990000000005,66162,66161.994999999995,0.009999999995,0.001511441726,"[{""price"":66161.99,""size"":0.09040916,""num_orders"":3},{""price"":66161.96,""size"":0.07554893,""num_orders"":1},{""price"":66161.95,""size"":0.12091541,""num_orders"":1},{""price"":66160.9,""size"":0.18127813,""num_orders"":1},{""price"":66160.66,""size"":0.01511472,""num_orders"":2},{""price"":66160.47,""size"":0.00061638,""num_orders"":1},{""price"":66160.44,""size"":0.02749614,""num_orders"":1},{""price"":66158.79,""size"":0.04,""num_orders"":1},{""price"":66158.78,""size"":0.15115151,""num_orders"":1},{""price"":66158.01,""size"":0.09064491,""num_orders"":1}]","[{""price"":66162.0,""size"":0.067122,""num_orders"":3},{""price"":66163.33,""size"":0.01511412,""num_orders"":2},{""price"":66163.66,""size"":0.00529004,""num_orders"":1},{""price"":66164.92,""size"":0.00311107,""num_orders"":1},{""price"":66165.89,""size"":0.00661255,""num_orders"":1},{""price"":66166.0,""size"":0.0112,""num_orders"":1},{""price"":66166.32,""size"":0.01600001,""num_orders"":1},{""price"":66166.91,""size"":0.03778525,""num_orders"":1},{""price"":66167.32,""size"":0.01600001,""num_orders"":1},{""price"":66168.0,""size"":0.0112,""num_orders"":1}]"
btc_usd_d10_20260721T173509Z,23,2026-07-21T17:58:09.003076Z,2026-07-21T17:58:09.003213Z,BTC-USD,10,ok,,133021564712,2026-07-21T17:58:07.190338855Z,0.67419431,3.3603218,-0.665786780066,66120.470000000001,66120.479999999996,66120.475000000006,0.009999999995,0.001512390828,"[{""price"":66120.47,""size"":0.12628456,""num_orders"":2},{""price"":66120.23,""size"":0.00075619,""num_orders"":1},{""price"":66119.21,""size"":0.18127813,""num_orders"":1},{""price"":66119.14,""size"":0.01512422,""num_orders"":2},{""price"":66118.81,""size"":0.00529336,""num_orders"":1},{""price"":66118.48,""size"":0.09064491,""num_orders"":1},{""price"":66118.0,""size"":0.0214,""num_orders"":1},{""price"":66116.87,""size"":0.15124731,""num_orders"":1},{""price"":66116.58,""size"":0.0066167,""num_orders"":1},{""price"":66116.26,""size"":0.07554893,""num_orders"":1}]","[{""price"":66120.48,""size"":3.23400212,""num_orders"":12},{""price"":66121.81,""size"":0.0151236,""num_orders"":2},{""price"":66122.0,""size"":0.0214,""num_orders"":1},{""price"":66123.75,""size"":0.03781173,""num_orders"":1},{""price"":66123.81,""size"":1.7e-05,""num_orders"":1},{""price"":66124.0,""size"":0.0214,""num_orders"":1},{""price"":66124.07,""size"":0.00756183,""num_orders"":1},{""price"":66125.77,""size"":9.452e-05,""num_orders"":1},{""price"":66125.84,""size"":0.001511,""num_orders"":1},{""price"":66126.0,""size"":0.0214,""num_orders"":1}]"
btc_usd_d10_20260721T173509Z,24,2026-07-21T17:59:09.003076Z,2026-07-21T17:59:09.003209Z,BTC-USD,10,ok,,133021609514,2026-07-21T17:59:06.183885826Z,0.53713693,0.25762045,0.351700389369,66138.339999999997,66138.350000000006,66138.345000000001,0.010000000009,0.001511982196,"[{""price"":66138.34,""size"":0.14628465,""num_orders"":4},{""price"":66138.08,""size"":0.12095905,""num_orders"":1},{""price"":66137.29,""size"":0.01740027,""num_orders"":1},{""price"":66137.13,""size"":1.7e-05,""num_orders"":1},{""price"":66137.01,""size"":0.01512012,""num_orders"":2},{""price"":66136.68,""size"":0.00529193,""num_orders"":1},{""price"":66135.42,""size"":0.04,""num_orders"":1},{""price"":66135.41,""size"":0.12096393,""num_orders"":1},{""price"":66135.3,""size"":0.03779698,""num_orders"":1},{""price"":66135.0,""size"":0.033303,""num_orders"":1}]","[{""price"":66138.35,""size"":0.08346354,""num_orders"":3},{""price"":66139.68,""size"":0.01511952,""num_orders"":2},{""price"":66140.02,""size"":0.00529193,""num_orders"":1},{""price"":66142.0,""size"":0.0204,""num_orders"":1},{""price"":66142.25,""size"":0.00661492,""num_orders"":1},{""price"":66142.32,""size"":9.449e-05,""num_orders"":1},{""price"":66143.02,""size"":0.09064491,""num_orders"":1},{""price"":66143.31,""size"":0.01549665,""num_orders"":2},{""price"":66143.64,""size"":9.449e-05,""num_orders"":1},{""price"":66144.0,""size"":0.0204,""num_orders"":1}]"
btc_usd_d10_20260721T173509Z,25,2026-07-21T18:00:09.003076Z,2026-07-21T18:00:09.003212Z,BTC-USD,10,ok,,133021661927,2026-07-21T18:00:07.630036313Z,0.51973613,0.42351735,0.102007341653,66173.130000000005,66173.139999999999,66173.135000000009,0.009999999995,0.001511187281,"[{""price"":66173.13,""size"":0.02226,""num_orders"":1},{""price"":66173.07,""size"":0.12089508,""num_orders"":1},{""price"":66172.0,""size"":0.0122,""num_orders"":1},{""price"":66171.56,""size"":0.09064491,""num_orders"":1},{""price"":66171.55,""size"":0.12089786,""num_orders"":1},{""price"":66170.0,""size"":0.0122,""num_orders"":1},{""price"":66169.98,""size"":1.178e-05,""num_orders"":1},{""price"":66168.44,""size"":0.09064491,""num_orders"":1},{""price"":66168.0,""size"":0.0122,""num_orders"":1},{""price"":66167.3,""size"":0.03778159,""num_orders"":1}]","[{""price"":66173.14,""size"":0.07413351,""num_orders"":6},{""price"":66173.76,""size"":1.7e-05,""num_orders"":1},{""price"":66174.8,""size"":0.00528915,""num_orders"":1},{""price"":66176.0,""size"":0.0122,""num_orders"":1},{""price"":66176.14,""size"":0.00276162,""num_orders"":1},{""price"":66177.03,""size"":0.00661144,""num_orders"":1},{""price"":66177.22,""size"":0.03778159,""num_orders"":1},{""price"":66178.0,""size"":0.0128,""num_orders"":1},{""price"":66178.49,""size"":0.18127813,""num_orders"":1},{""price"":66178.5,""size"":0.09064491,""num_orders"":1}]"
btc_usd_d10_20260721T173509Z,26,2026-07-21T18:01:09.003076Z,2026-07-21T18:01:09.003211Z,BTC-USD,10,ok,,133021722485,2026-07-21T18:01:08.130933266Z,0.43061071,0.70562404,-0.242039182484,66123.809999999998,66123.820000000007,66123.815000000002,0.010000000009,0.001512314438,"[{""price"":66123.81,""size"":1.692e-05,""num_orders"":1},{""price"":66122.51,""size"":0.0006111,""num_orders"":1},{""price"":66121.82,""size"":0.12098879,""num_orders"":1},{""price"":66120.48,""size"":1.7e-05,""num_orders"":1},{""price"":66120.06,""size"":0.09064491,""num_orders"":1},{""price"":66120.05,""size"":0.15124003,""num_orders"":1},{""price"":66120.0,""size"":0.01,""num_orders"":1},{""price"":66119.32,""size"":0.001511,""num_orders"":1},{""price"":66118.85,""size"":0.00756214,""num_orders"":1},{""price"":66118.76,""size"":0.04801882,""num_orders"":1}]","[{""price"":66123.82,""size"":0.11231676,""num_orders"":4},{""price"":66124.0,""size"":0.0085,""num_orders"":1},{""price"":66125.65,""size"":0.00529309,""num_orders"":1},{""price"":66126.0,""size"":0.0085,""num_orders"":1},{""price"":66127.15,""size"":0.0007443,""num_orders"":3},{""price"":66127.88,""size"":0.00965828,""num_orders"":2},{""price"":66127.99,""size"":0.12097752,""num_orders"":1},{""price"":66128.25,""size"":0.16771105,""num_orders"":1},{""price"":66128.26,""size"":0.18127813,""num_orders"":1},{""price"":66128.92,""size"":0.09064491,""num_orders"":1}]"
btc_usd_d10_20260721T173509Z,27,2026-07-21T18:02:09.003076Z,2026-07-21T18:02:09.003222Z,BTC-USD,10,ok,,133021794210,2026-07-21T18:02:08.535051079Z,0.43156639,0.47709343,-0.050103502981,66120.470000000001,66120.479999999996,66120.475000000006,0.009999999995,0.001512390828,"[{""price"":66120.47,""size"":0.06689207,""num_orders"":7},{""price"":66120.0,""size"":0.0085,""num_orders"":1},{""price"":66119.94,""size"":0.05602259,""num_orders"":1},{""price"":66119.21,""size"":0.0175586,""num_orders"":1},{""price"":66118.98,""size"":0.12099399,""num_orders"":1},{""price"":66118.94,""size"":0.05602259,""num_orders"":1},{""price"":66118.81,""size"":0.00529336,""num_orders"":1},{""price"":66118.32,""size"":0.09064491,""num_orders"":1},{""price"":66118.0,""size"":0.0085,""num_orders"":1},{""price"":66117.32,""size"":0.00113828,""num_orders"":1}]","[{""price"":66120.48,""size"":0.00016928,""num_orders"":4},{""price"":66123.81,""size"":1.7e-05,""num_orders"":1},{""price"":66124.45,""size"":9.452e-05,""num_orders"":1},{""price"":66125.44,""size"":0.00756139,""num_orders"":1},{""price"":66125.77,""size"":9.452e-05,""num_orders"":1},{""price"":66126.6,""size"":0.09064491,""num_orders"":1},{""price"":66127.09,""size"":0.01550046,""num_orders"":2},{""price"":66127.14,""size"":1.7e-05,""num_orders"":1},{""price"":66128.75,""size"":0.02,""num_orders"":1},{""price"":66128.77,""size"":0.34299435,""num_orders"":3}]"
btc_usd_d10_20260721T173509Z,28,2026-07-21T18:03:09.003076Z,2026-07-21T18:03:09.003200Z,BTC-USD,10,ok,,133021855811,2026-07-21T18:03:08.845680270Z,0.61524816,0.43736653,0.168990259864,66100.5,66100.509999999995,66100.505000000005,0.009999999995,0.001512847745,"[{""price"":66100.5,""size"":0.12135229,""num_orders"":5},{""price"":66100.3,""size"":0.12139314,""num_orders"":2},{""price"":66100.0,""size"":0.0081,""num_orders"":1},{""price"":66099.38,""size"":0.00150909,""num_orders"":1},{""price"":66099.26,""size"":5.491e-05,""num_orders"":1},{""price"":66098.01,""size"":0.09064491,""num_orders"":1},{""price"":66098.0,""size"":0.0081,""num_orders"":1},{""price"":66097.17,""size"":1.7e-05,""num_orders"":1},{""price"":66096.78,""size"":0.14304217,""num_orders"":1},{""price"":66096.77,""size"":0.12103465,""num_orders"":1}]","[{""price"":66100.51,""size"":0.08409056,""num_orders"":3},{""price"":66102.17,""size"":0.00529496,""num_orders"":1},{""price"":66103.12,""size"":0.002681,""num_orders"":1},{""price"":66103.85,""size"":0.2,""num_orders"":1},{""price"":66104.4,""size"":0.0066187,""num_orders"":1},{""price"":66105.47,""size"":0.00794185,""num_orders"":1},{""price"":66105.79,""size"":0.02,""num_orders"":1},{""price"":66105.8,""size"":9.455e-05,""num_orders"":1},{""price"":66105.81,""size"":0.09064491,""num_orders"":1},{""price"":66105.82,""size"":0.02,""num_orders"":1}]"
btc_usd_d10_20260721T173509Z,29,2026-07-21T18:04:09.003076Z,2026-07-21T18:04:09.003211Z,BTC-USD,10,ok,,133021911829,2026-07-21T18:04:07.168099362Z,1.00076463,0.4844787,0.347610333992,66119.990000000005,66120,66119.994999999995,0.009999999995,0.001512401807,"[{""price"":66119.99,""size"":0.15186909,""num_orders"":5},{""price"":66119.25,""size"":0.1209935,""num_orders"":1},{""price"":66118.66,""size"":0.01512432,""num_orders"":2},{""price"":66117.15,""size"":1.7e-05,""num_orders"":1},{""price"":66116.08,""size"":0.02,""num_orders"":1},{""price"":66116.07,""size"":0.02,""num_orders"":1},{""price"":66116.06,""size"":0.001511,""num_orders"":1},{""price"":66116.01,""size"":0.02,""num_orders"":1},{""price"":66116.0,""size"":0.5,""num_orders"":1},{""price"":66115.82,""size"":0.15124972,""num_orders"":1}]","[{""price"":66120.0,""size"":0.07618236,""num_orders"":3},{""price"":66121.06,""size"":0.09064491,""num_orders"":1},{""price"":66121.33,""size"":0.01512372,""num_orders"":2},{""price"":66121.66,""size"":0.0052934,""num_orders"":1},{""price"":66122.0,""size"":0.0093,""num_orders"":1},{""price"":66123.05,""size"":0.09064491,""num_orders"":1},{""price"":66123.89,""size"":0.00661675,""num_orders"":1},{""price"":66124.0,""size"":0.0093,""num_orders"":1},{""price"":66124.15,""size"":9.452e-05,""num_orders"":1},{""price"":66124.62,""size"":0.18127813,""num_orders"":1}]"
btc_usd_d10_20260721T173509Z,30,2026-07-21T18:05:09.003076Z,2026-07-21T18:05:09.003206Z,BTC-USD,10,ok,,133021966850,2026-07-21T18:05:06.546268771Z,0.50310823,0.20195513,0.427129130636,66190.419999999998,66190.429999999993,66190.424999999988,0.009999999995,0.001510792535,"[{""price"":66190.42,""size"":0.1694185,""num_orders"":6},{""price"":66190.27,""size"":5.82e-05,""num_orders"":1},{""price"":66190.0,""size"":0.0102,""num_orders"":1},{""price"":66189.94,""size"":0.00530013,""num_orders"":1},{""price"":66189.1,""size"":0.12086582,""num_orders"":1},{""price"":66188.76,""size"":0.00528777,""num_orders"":1},{""price"":66188.56,""size"":0.00038328,""num_orders"":1},{""price"":66188.0,""size"":0.0102,""num_orders"":1},{""price"":66187.58,""size"":0.0001164,""num_orders"":1},{""price"":66187.36,""size"":0.18127813,""num_orders"":1}]","[{""price"":66190.43,""size"":0.05364939,""num_orders"":2},{""price"":66191.52,""size"":4.891e-05,""num_orders"":2},{""price"":66193.74,""size"":1.7e-05,""num_orders"":1},{""price"":66194.0,""size"":0.0102,""num_orders"":1},{""price"":66194.3,""size"":0.001511,""num_orders"":1},{""price"":66194.4,""size"":9.442e-05,""num_orders"":1},{""price"":66194.77,""size"":0.12085547,""num_orders"":1},{""price"":66194.94,""size"":0.00793112,""num_orders"":1},{""price"":66195.28,""size"":9.442e-05,""num_orders"":1},{""price"":66195.39,""size"":0.0075534,""num_orders"":1}]"
btc_usd_d10_20260721T173509Z,31,2026-07-21T18:06:09.003076Z,2026-07-21T18:06:09.003173Z,BTC-USD,10,ok,,133022024834,2026-07-21T18:06:08.046570465Z,0.79640067,0.39116179,0.341235845397,66233.660000000003,66233.669999999998,66233.665000000008,0.009999999995,0.001509806228,"[{""price"":66233.66,""size"":0.24213115,""num_orders"":5},{""price"":66232.0,""size"":0.00528432,""num_orders"":1},{""price"":66230.62,""size"":0.12079004,""num_orders"":1},{""price"":66230.37,""size"":0.00037337,""num_orders"":2},{""price"":66230.12,""size"":0.09064491,""num_orders"":1},{""price"":66230.0,""size"":0.0102,""num_orders"":1},{""price"":66229.77,""size"":0.0066054,""num_orders"":1},{""price"":66228.46,""size"":0.15099248,""num_orders"":1},{""price"":66228.01,""size"":0.09064491,""num_orders"":1},{""price"":66228.0,""size"":0.07873409,""num_orders"":2}]","[{""price"":66233.67,""size"":0.0446551,""num_orders"":2},{""price"":66235.33,""size"":0.00528432,""num_orders"":1},{""price"":66235.63,""size"":0.07554893,""num_orders"":1},{""price"":66235.97,""size"":0.12078031,""num_orders"":1},{""price"":66236.62,""size"":0.09064491,""num_orders"":1},{""price"":66237.56,""size"":0.0066054,""num_orders"":1},{""price"":66237.64,""size"":9.436e-05,""num_orders"":1},{""price"":66238.64,""size"":0.00754846,""num_orders"":1},{""price"":66238.96,""size"":0.02,""num_orders"":1},{""price"":66239.11,""size"":0.02,""num_orders"":1}]"
btc_usd_d10_20260721T173509Z,32,2026-07-21T18:07:09.003076Z,2026-07-21T18:07:09.003258Z,BTC-USD,10,ok,,133022085926,2026-07-21T18:07:06.623906504Z,0.71559452,0.19835653,0.565936206321,66262.229999999996,66262.240000000005,66262.235000000001,0.010000000009,0.001509155254,"[{""price"":66262.23,""size"":0.29778805,""num_orders"":7},{""price"":66262.0,""size"":0.0102,""num_orders"":1},{""price"":66261.27,""size"":0.12073416,""num_orders"":1},{""price"":66260.9,""size"":0.01509186,""num_orders"":2},{""price"":66260.51,""size"":0.12073554,""num_orders"":1},{""price"":66260.0,""size"":0.0102,""num_orders"":1},{""price"":66259.88,""size"":0.09064491,""num_orders"":1},{""price"":66258.01,""size"":0.02,""num_orders"":1},{""price"":66258.0,""size"":0.0102,""num_orders"":1},{""price"":66257.88,""size"":0.02,""num_orders"":1}]","[{""price"":66262.24,""size"":0.03544027,""num_orders"":2},{""price"":66263.57,""size"":0.01509124,""num_orders"":2},{""price"":66263.64,""size"":0.001,""num_orders"":1},{""price"":66263.9,""size"":0.00528204,""num_orders"":1},{""price"":66265.19,""size"":0.0170006,""num_orders"":1},{""price"":66266.0,""size"":0.0102,""num_orders"":1},{""price"":66266.13,""size"":0.09064491,""num_orders"":1},{""price"":66266.14,""size"":0.00660255,""num_orders"":1},{""price"":66266.19,""size"":0.0170006,""num_orders"":1},{""price"":66266.22,""size"":9.432e-05,""num_orders"":1}]"
btc_usd_d10_20260721T173509Z,33,2026-07-21T18:08:09.003076Z,2026-07-21T18:08:09.003221Z,BTC-USD,10,ok,,133022138394,2026-07-21T18:08:08.602900967Z,0.35593331,1.59337586,-0.634810818645,66267.059999999998,66267.070000000007,66267.065000000002,0.010000000009,0.001509045256,"[{""price"":66267.06,""size"":0.16362992,""num_orders"":6},{""price"":66267.0,""size"":1.7e-05,""num_orders"":1},{""price"":66266.02,""size"":0.001511,""num_orders"":1},{""price"":66265.0,""size"":0.01,""num_orders"":1},{""price"":66264.0,""size"":0.013,""num_orders"":1},{""price"":66263.67,""size"":1.7e-05,""num_orders"":1},{""price"":66263.36,""size"":0.07554893,""num_orders"":1},{""price"":66263.35,""size"":0.09064491,""num_orders"":1},{""price"":66262.76,""size"":0.001511,""num_orders"":1},{""price"":66262.17,""size"":5.355e-05,""num_orders"":1}]","[{""price"":66267.07,""size"":0.1012832,""num_orders"":5},{""price"":66267.49,""size"":0.12072284,""num_orders"":1},{""price"":66268.73,""size"":0.00528165,""num_orders"":1},{""price"":66268.77,""size"":0.02,""num_orders"":1},{""price"":66270.73,""size"":0.02,""num_orders"":1},{""price"":66270.74,""size"":0.56500911,""num_orders"":3},{""price"":66270.75,""size"":0.3017909,""num_orders"":1},{""price"":66270.97,""size"":0.00660207,""num_orders"":1},{""price"":66271.17,""size"":0.15089519,""num_orders"":1},{""price"":66271.37,""size"":0.3017909,""num_orders"":1}]"
btc_usd_d10_20260721T173509Z,34,2026-07-21T18:09:09.003076Z,2026-07-21T18:09:09.003207Z,BTC-USD,10,ok,,133022180344,2026-07-21T18:09:08.596480028Z,0.5410285,0.59568116,-0.048079700493,66261.440000000002,66261.449999999997,66261.445000000007,0.009999999995,0.001509173245,"[{""price"":66261.44,""size"":0.20034201,""num_orders"":4},{""price"":66260.77,""size"":0.00075458,""num_orders"":1},{""price"":66260.01,""size"":0.09064491,""num_orders"":1},{""price"":66260.0,""size"":0.013,""num_orders"":1},{""price"":66259.78,""size"":0.0052821,""num_orders"":1},{""price"":66258.18,""size"":0.00660256,""num_orders"":1},{""price"":66258.01,""size"":0.09064491,""num_orders"":1},{""price"":66258.0,""size"":0.013,""num_orders"":1},{""price"":66257.83,""size"":0.12074043,""num_orders"":1},{""price"":66257.01,""size"":1.7e-05,""num_orders"":1}]","[{""price"":66261.45,""size"":0.0954569,""num_orders"":3},{""price"":66262.42,""size"":0.00384655,""num_orders"":2},{""price"":66264.0,""size"":0.013,""num_orders"":1},{""price"":66265.96,""size"":0.03772971,""num_orders"":1},{""price"":66266.0,""size"":0.013,""num_orders"":1},{""price"":66266.3,""size"":0.02,""num_orders"":1},{""price"":66266.31,""size"":0.18127813,""num_orders"":1},{""price"":66266.32,""size"":0.09064491,""num_orders"":1},{""price"":66266.33,""size"":0.12072496,""num_orders"":1},{""price"":66266.99,""size"":0.02,""num_orders"":1}]"
btc_usd_d10_20260721T173509Z,35,2026-07-21T18:10:09.003076Z,2026-07-21T18:10:09.003245Z,BTC-USD,10,ok,,133022228371,2026-07-21T18:10:07.040978458Z,0.20438075,1.23009812,-0.715045297251,66254.169999999998,66254.179999999993,66254.174999999988,0.009999999995,0.001509338845,"[{""price"":66254.17,""size"":0.14086436,""num_orders"":1},{""price"":66253.68,""size"":1.7e-05,""num_orders"":1},{""price"":66252.98,""size"":0.001511,""num_orders"":1},{""price"":66251.59,""size"":0.03773065,""num_orders"":1},{""price"":66251.2,""size"":2.263e-05,""num_orders"":1},{""price"":66251.08,""size"":5.367e-05,""num_orders"":1},{""price"":66250.35,""size"":1.7e-05,""num_orders"":1},{""price"":66250.0,""size"":0.0223,""num_orders"":2},{""price"":66249.72,""size"":0.001511,""num_orders"":1},{""price"":66249.17,""size"":0.00035344,""num_orders"":1}]","[{""price"":66254.18,""size"":0.20131776,""num_orders"":9},{""price"":66254.5,""size"":0.12074652,""num_orders"":1},{""price"":66255.84,""size"":0.00528268,""num_orders"":1},{""price"":66256.0,""size"":0.0123,""num_orders"":1},{""price"":66257.01,""size"":0.02,""num_orders"":1},{""price"":66257.02,""size"":0.02,""num_orders"":1},{""price"":66257.58,""size"":0.43778724,""num_orders"":1},{""price"":66257.59,""size"":0.14074088,""num_orders"":2},{""price"":66257.98,""size"":0.09064491,""num_orders"":1},{""price"":66257.99,""size"":0.18127813,""num_orders"":1}]"
btc_usd_d10_20260721T173509Z,36,2026-07-21T18:11:09.003076Z,2026-07-21T18:11:09.003211Z,BTC-USD,10,ok,,133022273317,2026-07-21T18:11:08.044662609Z,0.55325891,0.80915724,-0.187826847179,66255.610000000001,66255.619999999995,66255.614999999991,0.009999999995,0.001509306041,"[{""price"":66255.61,""size"":0.26172357,""num_orders"":10},{""price"":66255.46,""size"":0.07554893,""num_orders"":1},{""price"":66254.28,""size"":0.01509336,""num_orders"":2},{""price"":66253.95,""size"":0.00528257,""num_orders"":1},{""price"":66253.68,""size"":1.7e-05,""num_orders"":1},{""price"":66252.98,""size"":0.001511,""num_orders"":1},{""price"":66252.58,""size"":5.371e-05,""num_orders"":1},{""price"":66252.18,""size"":0.14459577,""num_orders"":1},{""price"":66252.03,""size"":0.037733,""num_orders"":1},{""price"":66252.0,""size"":0.0117,""num_orders"":1}]","[{""price"":66255.62,""size"":0.0202533,""num_orders"":1},{""price"":66256.0,""size"":0.0117,""num_orders"":1},{""price"":66256.95,""size"":0.01509276,""num_orders"":2},{""price"":66257.23,""size"":0.04422549,""num_orders"":1},{""price"":66257.52,""size"":0.12074101,""num_orders"":1},{""price"":66258.0,""size"":0.0117,""num_orders"":1},{""price"":66259.98,""size"":0.09064491,""num_orders"":1},{""price"":66259.99,""size"":0.18127813,""num_orders"":1},{""price"":66260.0,""size"":0.0117,""num_orders"":1},{""price"":66260.01,""size"":0.30182164,""num_orders"":1}]"
btc_usd_d10_20260721T173509Z,37,2026-07-21T18:12:09.003076Z,2026-07-21T18:12:09.003222Z,BTC-USD,10,ok,,133022303727,2026-07-21T18:12:07.177473314Z,1.50029586,0.47588626,0.518378134096,66265.660000000003,66265.669999999998,66265.665000000008,0.009999999995,0.001509077136,"[{""price"":66265.66,""size"":0.23079886,""num_orders"":10},{""price"":66264.43,""size"":0.22021912,""num_orders"":1},{""price"":66264.42,""size"":0.09064491,""num_orders"":1},{""price"":66264.41,""size"":0.12072844,""num_orders"":1},{""price"":66264.33,""size"":0.01509108,""num_orders"":2},{""price"":66264.0,""size"":0.02168176,""num_orders"":2},{""price"":66263.53,""size"":0.12073005,""num_orders"":1},{""price"":66262.12,""size"":0.4942078,""num_orders"":1},{""price"":66262.11,""size"":0.16619384,""num_orders"":2},{""price"":66262.1,""size"":0.02,""num_orders"":1}]","[{""price"":66265.67,""size"":0.00030821,""num_orders"":1},{""price"":66267.0,""size"":1.7e-05,""num_orders"":1},{""price"":66268.52,""size"":0.18127813,""num_orders"":1},{""price"":66268.53,""size"":0.259,""num_orders"":1},{""price"":66269.28,""size"":0.001511,""num_orders"":1},{""price"":66270.0,""size"":0.0164,""num_orders"":1},{""price"":66270.33,""size"":1.7e-05,""num_orders"":1},{""price"":66270.64,""size"":0.00792206,""num_orders"":1},{""price"":66272.3,""size"":0.00792186,""num_orders"":1},{""price"":66272.54,""size"":0.001511,""num_orders"":1}]"
btc_usd_d10_20260721T173509Z,38,2026-07-21T18:13:09.003076Z,2026-07-21T18:13:09.003210Z,BTC-USD,10,ok,,133022340544,2026-07-21T18:13:08.042573061Z,0.64004986,0.06439656,0.81717116257,66266.990000000005,66267,66266.994999999995,0.009999999995,0.001509046848,"[{""price"":66266.99,""size"":0.24355442,""num_orders"":5},{""price"":66266.95,""size"":0.00075453,""num_orders"":1},{""price"":66266.0,""size"":0.0214,""num_orders"":1},{""price"":66265.37,""size"":0.1207267,""num_orders"":1},{""price"":66265.04,""size"":0.02301161,""num_orders"":1},{""price"":66265.0,""size"":0.09064491,""num_orders"":1},{""price"":66264.01,""size"":0.07554893,""num_orders"":1},{""price"":66264.0,""size"":0.02139988,""num_orders"":1},{""price"":66263.87,""size"":0.03772706,""num_orders"":1},{""price"":66263.37,""size"":0.00528182,""num_orders"":1}]","[{""price"":66267.0,""size"":0.00017029,""num_orders"":3},{""price"":66268.6,""size"":0.01331,""num_orders"":1},{""price"":66268.61,""size"":0.00528174,""num_orders"":1},{""price"":66268.94,""size"":0.01331,""num_orders"":1},{""price"":66270.33,""size"":1.7e-05,""num_orders"":1},{""price"":66270.46,""size"":0.00792208,""num_orders"":1},{""price"":66270.85,""size"":0.00660217,""num_orders"":1},{""price"":66271.61,""size"":0.00038328,""num_orders"":1},{""price"":66271.67,""size"":0.001,""num_orders"":1},{""price"":66272.0,""size"":0.0164,""num_orders"":1}]"
btc_usd_d10_20260721T173509Z,39,2026-07-21T18:14:09.003076Z,2026-07-21T18:14:09.003212Z,BTC-USD,10,ok,,133022370501,2026-07-21T18:14:06.130585888Z,0.62516167,0.31368396,0.331766693104,66263.669999999998,66263.679999999993,66263.674999999988,0.009999999995,0.001509122456,"[{""price"":66263.67,""size"":0.32749292,""num_orders"":7},{""price"":66262.46,""size"":0.09064491,""num_orders"":1},{""price"":66262.45,""size"":0.12073201,""num_orders"":1},{""price"":66262.34,""size"":0.01509152,""num_orders"":2},{""price"":66262.01,""size"":0.00528187,""num_orders"":1},{""price"":66262.0,""size"":0.0193,""num_orders"":1},{""price"":66260.35,""size"":0.02,""num_orders"":1},{""price"":66260.34,""size"":1.615e-05,""num_orders"":1},{""price"":66260.31,""size"":0.02,""num_orders"":1},{""price"":66260.3,""size"":0.00660229,""num_orders"":1}]","[{""price"":66263.68,""size"":0.06690982,""num_orders"":4},{""price"":66265.0,""size"":5.262e-05,""num_orders"":1},{""price"":66265.01,""size"":0.01509092,""num_orders"":2},{""price"":66265.34,""size"":0.00528192,""num_orders"":1},{""price"":66265.53,""size"":0.00015714,""num_orders"":1},{""price"":66266.0,""size"":0.0184,""num_orders"":1},{""price"":66266.02,""size"":0.001511,""num_orders"":1},{""price"":66267.58,""size"":0.00660241,""num_orders"":1},{""price"":66268.0,""size"":0.0184,""num_orders"":1},{""price"":66268.18,""size"":0.18127813,""num_orders"":1}]"
btc_usd_d10_20260721T173509Z,40,2026-07-21T18:15:09.003076Z,2026-07-21T18:15:09.003206Z,BTC-USD,10,ok,,133022403148,2026-07-21T18:15:07.476116818Z,0.47423516,0.48951133,-0.015850817781,66242.119999999995,66242.130000000005,66242.125,0.010000000009,0.001509613408,"[{""price"":66242.12,""size"":0.15344114,""num_orders"":7},{""price"":66240.79,""size"":0.01509644,""num_orders"":2},{""price"":66240.36,""size"":0.04801562,""num_orders"":2},{""price"":66240.03,""size"":0.12077288,""num_orders"":1},{""price"":66240.0,""size"":0.015,""num_orders"":1},{""price"":66238.0,""size"":0.0158,""num_orders"":1},{""price"":66237.28,""size"":0.00034991,""num_orders"":1},{""price"":66237.15,""size"":0.01509726,""num_orders"":2},{""price"":66237.11,""size"":0.09064491,""num_orders"":1},{""price"":66237.03,""size"":1.7e-05,""num_orders"":1}]","[{""price"":66242.13,""size"":0.07949886,""num_orders"":5},{""price"":66242.4,""size"":0.00324511,""num_orders"":1},{""price"":66243.46,""size"":0.01509582,""num_orders"":2},{""price"":66243.78,""size"":0.00528365,""num_orders"":1},{""price"":66244.02,""size"":0.03774207,""num_orders"":1},{""price"":66245.38,""size"":0.02,""num_orders"":1},{""price"":66245.39,""size"":0.12076313,""num_orders"":1},{""price"":66245.85,""size"":0.02,""num_orders"":1},{""price"":66245.86,""size"":0.18127813,""num_orders"":1},{""price"":66246.01,""size"":0.00660456,""num_orders"":1}]"
btc_usd_d10_20260721T173509Z,41,2026-07-21T18:16:09.003076Z,2026-07-21T18:16:09.003213Z,BTC-USD,10,ok,,133022445575,2026-07-21T18:16:06.350044232Z,0.08698377,0.47259161,-0.68910794467,66231.259999999995,66232.429999999993,66231.845000000001,1.169999999998,0.176652182949,"[{""price"":66231.26,""size"":0.00034641,""num_orders"":1},{""price"":66230.37,""size"":1.7e-05,""num_orders"":1},{""price"":66230.16,""size"":0.001511,""num_orders"":1},{""price"":66230.0,""size"":0.0228,""num_orders"":2},{""price"":66228.0,""size"":0.0128,""num_orders"":1},{""price"":66227.09,""size"":0.0002455,""num_orders"":1},{""price"":66227.04,""size"":1.676e-05,""num_orders"":1},{""price"":66226.9,""size"":0.001511,""num_orders"":1},{""price"":66225.99,""size"":0.0377361,""num_orders"":1},{""price"":66225.0,""size"":0.01,""num_orders"":1}]","[{""price"":66232.43,""size"":0.0068,""num_orders"":1},{""price"":66234.43,""size"":0.01664147,""num_orders"":1},{""price"":66235.92,""size"":0.0377361,""num_orders"":1},{""price"":66236.0,""size"":0.0128,""num_orders"":1},{""price"":66236.1,""size"":0.00528426,""num_orders"":1},{""price"":66236.23,""size"":0.12077983,""num_orders"":1},{""price"":66236.25,""size"":0.09064491,""num_orders"":1},{""price"":66236.26,""size"":0.18127813,""num_orders"":1},{""price"":66237.04,""size"":6.109e-05,""num_orders"":1},{""price"":66238.32,""size"":0.00056582,""num_orders"":2}]"
btc_usd_d10_20260721T173509Z,42,2026-07-21T18:17:09.003076Z,2026-07-21T18:17:09.003226Z,BTC-USD,10,ok,,133022501705,2026-07-21T18:17:08.039872838Z,0.35635281,0.97448957,-0.464470300382,66227.039999999994,66227.050000000003,66227.044999999998,0.010000000009,0.00150995715,"[{""price"":66227.04,""size"":1.7e-05,""num_orders"":1},{""price"":66226.89,""size"":0.00051248,""num_orders"":1},{""price"":66226.6,""size"":0.09064491,""num_orders"":1},{""price"":66226.0,""size"":4.489e-05,""num_orders"":1},{""price"":66225.37,""size"":0.12079962,""num_orders"":1},{""price"":66225.0,""size"":0.01,""num_orders"":1},{""price"":66224.0,""size"":0.0134,""num_orders"":1},{""price"":66223.71,""size"":1.7e-05,""num_orders"":1},{""price"":66223.62,""size"":0.09064491,""num_orders"":1},{""price"":66223.36,""size"":0.030272,""num_orders"":1}]","[{""price"":66227.05,""size"":0.1840945,""num_orders"":5},{""price"":66228.21,""size"":0.04999169,""num_orders"":1},{""price"":66229.54,""size"":0.03909541,""num_orders"":2},{""price"":66231.21,""size"":0.00528465,""num_orders"":1},{""price"":66232.0,""size"":0.0128,""num_orders"":1},{""price"":66232.35,""size"":0.1207869,""num_orders"":1},{""price"":66233.91,""size"":0.00011372,""num_orders"":2},{""price"":66233.96,""size"":0.29039966,""num_orders"":2},{""price"":66233.97,""size"":0.09064491,""num_orders"":1},{""price"":66233.98,""size"":0.18127813,""num_orders"":1}]"
btc_usd_d10_20260721T173509Z,43,2026-07-21T18:18:09.003076Z,2026-07-21T18:18:09.003253Z,BTC-USD,10,ok,,133022537384,2026-07-21T18:18:06.543758020Z,0.57124183,0.3169896,0.286245477713,66225.419999999998,66225.839999999997,66225.630000000005,0.419999999998,0.063419555238,"[{""price"":66225.42,""size"":0.12079953,""num_orders"":1},{""price"":66225.41,""size"":0.00528496,""num_orders"":1},{""price"":66225.4,""size"":0.0921794,""num_orders"":2},{""price"":66224.57,""size"":0.031051,""num_orders"":1},{""price"":66224.07,""size"":0.01510024,""num_orders"":2},{""price"":66223.74,""size"":0.00528488,""num_orders"":1},{""price"":66223.51,""size"":0.05234029,""num_orders"":1},{""price"":66222.63,""size"":0.00755029,""num_orders"":1},{""price"":66222.38,""size"":0.15100633,""num_orders"":1},{""price"":66222.03,""size"":0.09064491,""num_orders"":1}]","[{""price"":66225.84,""size"":0.05063232,""num_orders"":1},{""price"":66225.86,""size"":0.03149305,""num_orders"":1},{""price"":66225.87,""size"":0.03240281,""num_orders"":1},{""price"":66225.88,""size"":0.03240281,""num_orders"":1},{""price"":66225.91,""size"":0.03240281,""num_orders"":1},{""price"":66225.92,""size"":0.03240281,""num_orders"":1},{""price"":66225.93,""size"":0.03240281,""num_orders"":1},{""price"":66226.26,""size"":0.03775068,""num_orders"":1},{""price"":66227.33,""size"":0.0150995,""num_orders"":2},{""price"":66229.64,""size"":0.02,""num_orders"":1}]"
btc_usd_d10_20260721T173509Z,44,2026-07-21T18:19:09.003076Z,2026-07-21T18:19:09.003240Z,BTC-USD,10,ok,,133022570210,2026-07-21T18:19:06.026254938Z,0.46575102,0.14964942,0.513651891442,66233.699999999997,66233.710000000006,66233.705000000002,0.010000000009,0.001509805319,"[{""price"":66233.7,""size"":0.09968104,""num_orders"":5},{""price"":66233.18,""size"":0.12078537,""num_orders"":1},{""price"":66232.75,""size"":0.06301969,""num_orders"":3},{""price"":66232.17,""size"":0.09064491,""num_orders"":1},{""price"":66232.16,""size"":0.02916618,""num_orders"":1},{""price"":66232.04,""size"":0.00528431,""num_orders"":1},{""price"":66232.0,""size"":0.0179,""num_orders"":1},{""price"":66231.88,""size"":0.03774152,""num_orders"":1},{""price"":66230.37,""size"":1.7e-05,""num_orders"":1},{""price"":66230.16,""size"":0.001511,""num_orders"":1}]","[{""price"":66233.71,""size"":0.06809681,""num_orders"":3},{""price"":66235.37,""size"":0.00528431,""num_orders"":1},{""price"":66236.0,""size"":0.017,""num_orders"":1},{""price"":66237.6,""size"":0.00660539,""num_orders"":1},{""price"":66238.0,""size"":0.017,""num_orders"":1},{""price"":66238.36,""size"":9.436e-05,""num_orders"":1},{""price"":66239.22,""size"":0.00792582,""num_orders"":1},{""price"":66239.35,""size"":0.00754838,""num_orders"":1},{""price"":66239.37,""size"":0.02,""num_orders"":1},{""price"":66239.67,""size"":9.435e-05,""num_orders"":1}]"
btc_usd_d10_20260721T173509Z,45,2026-07-21T18:20:09.003076Z,2026-07-21T18:20:09.003223Z,BTC-USD,10,ok,,133022614052,2026-07-21T18:20:08.130398426Z,0.82096078,0.34937167,0.40295311815,66203.729999999996,66203.740000000005,66203.735000000001,0.010000000009,0.001510488798,"[{""price"":66203.73,""size"":0.24718279,""num_orders"":6},{""price"":66202.4,""size"":0.0151052,""num_orders"":2},{""price"":66202.1,""size"":0.09064491,""num_orders"":1},{""price"":66202.09,""size"":0.18907737,""num_orders"":1},{""price"":66202.06,""size"":0.12084215,""num_orders"":1},{""price"":66202.0,""size"":0.0132,""num_orders"":1},{""price"":66200.86,""size"":0.031015,""num_orders"":1},{""price"":66200.4,""size"":1.7e-05,""num_orders"":1},{""price"":66200.09,""size"":0.09064491,""num_orders"":1},{""price"":66200.0,""size"":0.02323145,""num_orders"":4}]","[{""price"":66203.74,""size"":0.01150407,""num_orders"":1},{""price"":66205.07,""size"":0.01510458,""num_orders"":2},{""price"":66205.4,""size"":0.00528671,""num_orders"":1},{""price"":66207.63,""size"":0.00660838,""num_orders"":1},{""price"":66208.01,""size"":0.00062159,""num_orders"":3},{""price"":66208.38,""size"":0.037762,""num_orders"":1},{""price"":66211.44,""size"":0.09064491,""num_orders"":1},{""price"":66211.45,""size"":0.04711593,""num_orders"":1},{""price"":66212.0,""size"":0.0139,""num_orders"":1},{""price"":66212.29,""size"":0.1208235,""num_orders"":1}]"
btc_usd_d10_20260721T173509Z,46,2026-07-21T18:21:09.003076Z,2026-07-21T18:21:09.003234Z,BTC-USD,10,ok,,133022651293,2026-07-21T18:21:06.335256918Z,0.38230564,0.56467254,-0.192577721273,66210.389999999999,66210.399999999994,66210.39499999999,0.009999999995,0.001510336858,"[{""price"":66210.39,""size"":0.20848214,""num_orders"":4},{""price"":66210.0,""size"":0.0131,""num_orders"":1},{""price"":66209.06,""size"":0.01510368,""num_orders"":2},{""price"":66208.31,""size"":0.02,""num_orders"":1},{""price"":66208.3,""size"":0.09064491,""num_orders"":1},{""price"":66208.0,""size"":0.0131,""num_orders"":1},{""price"":66207.73,""size"":0.00034691,""num_orders"":1},{""price"":66207.34,""size"":0.001511,""num_orders"":1},{""price"":66207.07,""size"":0.02,""num_orders"":1},{""price"":66207.06,""size"":1.7e-05,""num_orders"":1}]","[{""price"":66210.4,""size"":0.06528617,""num_orders"":3},{""price"":66211.73,""size"":0.01510306,""num_orders"":2},{""price"":66212.06,""size"":0.00528617,""num_orders"":1},{""price"":66214.29,""size"":0.00660772,""num_orders"":1},{""price"":66215.21,""size"":0.03775751,""num_orders"":1},{""price"":66216.03,""size"":0.12081668,""num_orders"":1},{""price"":66217.18,""size"":9.439e-05,""num_orders"":1},{""price"":66217.19,""size"":0.06400567,""num_orders"":1},{""price"":66218.1,""size"":0.24178683,""num_orders"":2},{""price"":66218.11,""size"":0.00792834,""num_orders"":1}]"
btc_usd_d10_20260721T173509Z,47,2026-07-21T18:22:09.003076Z,2026-07-21T18:22:09.003244Z,BTC-USD,10,ok,,133022683559,2026-07-21T18:22:08.542879455Z,1.07161043,0.07418365,0.870511374958,66216.839999999997,66216.850000000006,66216.845000000001,0.010000000009,0.001510189742,"[{""price"":66216.84,""size"":0.39728161,""num_orders"":8},{""price"":66216.14,""size"":0.00075509,""num_orders"":1},{""price"":66216.0,""size"":0.0131,""num_orders"":1},{""price"":66215.18,""size"":0.00528566,""num_orders"":1},{""price"":66214.61,""size"":0.24273866,""num_orders"":1},{""price"":66214.6,""size"":0.18127813,""num_orders"":1},{""price"":66214.59,""size"":0.12081929,""num_orders"":1},{""price"":66214.0,""size"":0.0131,""num_orders"":1},{""price"":66213.71,""size"":0.09064491,""num_orders"":1},{""price"":66212.95,""size"":0.00660708,""num_orders"":1}]","[{""price"":66216.85,""size"":0.00018329,""num_orders"":1},{""price"":66217.05,""size"":1.7e-05,""num_orders"":1},{""price"":66220.38,""size"":1.7e-05,""num_orders"":1},{""price"":66220.76,""size"":0.0377605,""num_orders"":1},{""price"":66220.82,""size"":9.438e-05,""num_orders"":1},{""price"":66221.71,""size"":0.00015554,""num_orders"":3},{""price"":66221.82,""size"":0.01547828,""num_orders"":2},{""price"":66222.15,""size"":9.438e-05,""num_orders"":1},{""price"":66222.17,""size"":0.00038328,""num_orders"":1},{""price"":66223.46,""size"":0.02,""num_orders"":1}]"
btc_usd_d10_20260721T173509Z,48,2026-07-21T18:23:09.003076Z,2026-07-21T18:23:09.003200Z,BTC-USD,10,ok,,133022728427,2026-07-21T18:23:07.031782911Z,0.57873517,0.34282748,0.255986600585,66258.679999999993,66258.690000000002,66258.684999999998,0.010000000009,0.001509236111,"[{""price"":66258.68,""size"":0.07893614,""num_orders"":4},{""price"":66258.0,""size"":0.0101,""num_orders"":1},{""price"":66257.85,""size"":0.09064491,""num_orders"":1},{""price"":66257.84,""size"":0.12074041,""num_orders"":1},{""price"":66257.02,""size"":0.00528232,""num_orders"":1},{""price"":66256.0,""size"":0.0107,""num_orders"":1},{""price"":66255.28,""size"":0.00075461,""num_orders"":1},{""price"":66255.07,""size"":0.09064491,""num_orders"":1},{""price"":66255.06,""size"":0.02,""num_orders"":1},{""price"":66255.05,""size"":0.15093187,""num_orders"":1}]","[{""price"":66258.69,""size"":0.02572203,""num_orders"":4},{""price"":66261.76,""size"":5.82e-05,""num_orders"":1},{""price"":66261.85,""size"":0.03773092,""num_orders"":1},{""price"":66262.7,""size"":0.02,""num_orders"":1},{""price"":66262.71,""size"":0.09064491,""num_orders"":1},{""price"":66262.72,""size"":0.12073153,""num_orders"":1},{""price"":66263.66,""size"":0.00792289,""num_orders"":1},{""price"":66263.67,""size"":1.7e-05,""num_orders"":1},{""price"":66263.98,""size"":0.02,""num_orders"":1},{""price"":66264.58,""size"":0.02,""num_orders"":1}]"
btc_usd_d10_20260721T173509Z,49,2026-07-21T18:24:09.003076Z,2026-07-21T18:24:09.003208Z,BTC-USD,10,ok,,133022768635,2026-07-21T18:24:07.163912750Z,0.38562074,0.66839807,-0.268284899014,66258.679999999993,66258.690000000002,66258.684999999998,0.010000000009,0.001509236111,"[{""price"":66258.68,""size"":0.02361163,""num_orders"":3},{""price"":66257.01,""size"":1.7e-05,""num_orders"":1},{""price"":66256.29,""size"":0.00035858,""num_orders"":1},{""price"":66256.05,""size"":0.02,""num_orders"":1},{""price"":66256.04,""size"":0.09064491,""num_orders"":1},{""price"":66256.03,""size"":0.12074371,""num_orders"":1},{""price"":66256.0,""size"":0.0096,""num_orders"":1},{""price"":66255.0,""size"":0.01,""num_orders"":1},{""price"":66254.04,""size"":0.02,""num_orders"":1},{""price"":66254.03,""size"":0.09064491,""num_orders"":1}]","[{""price"":66258.69,""size"":0.07452387,""num_orders"":3},{""price"":66260.71,""size"":0.00528231,""num_orders"":1},{""price"":66260.75,""size"":0.00395693,""num_orders"":1},{""price"":66261.16,""size"":0.12073439,""num_orders"":1},{""price"":66261.99,""size"":0.09064491,""num_orders"":1},{""price"":66262.0,""size"":0.18127813,""num_orders"":1},{""price"":66262.28,""size"":0.0569954,""num_orders"":1},{""price"":66262.67,""size"":0.03773434,""num_orders"":1},{""price"":66262.95,""size"":0.00660288,""num_orders"":1},{""price"":66264.04,""size"":0.09064491,""num_orders"":1}]"
btc_usd_d10_20260721T173509Z,50,2026-07-21T18:25:09.003076Z,2026-07-21T18:25:09.003221Z,BTC-USD,10,ok,,133022817179,2026-07-21T18:25:07.129765782Z,0.33760934,0.72902247,-0.366961800999,66191.580000000002,66191.589999999997,66191.584999999992,0.009999999995,0.001510766058,"[{""price"":66191.58,""size"":0.10708437,""num_orders"":5},{""price"":66191.08,""size"":0.03,""num_orders"":3},{""price"":66190.25,""size"":0.01510796,""num_orders"":2},{""price"":66188.6,""size"":0.1210893,""num_orders"":2},{""price"":66188.0,""size"":0.02415773,""num_orders"":1},{""price"":66187.08,""size"":1.7e-05,""num_orders"":1},{""price"":66186.0,""size"":0.0101,""num_orders"":1},{""price"":66185.15,""size"":0.02,""num_orders"":1},{""price"":66185.14,""size"":5.298e-05,""num_orders"":1},{""price"":66185.0,""size"":0.01,""num_orders"":1}]","[{""price"":66191.59,""size"":0.06754026,""num_orders"":2},{""price"":66192.92,""size"":0.01510736,""num_orders"":2},{""price"":66193.25,""size"":0.00528768,""num_orders"":1},{""price"":66194.0,""size"":0.0101,""num_orders"":1},{""price"":66195.38,""size"":0.09064491,""num_orders"":1},{""price"":66195.48,""size"":0.0066096,""num_orders"":1},{""price"":66197.07,""size"":1.7e-05,""num_orders"":1},{""price"":66197.31,""size"":0.02,""num_orders"":1},{""price"":66197.32,""size"":0.42307075,""num_orders"":2},{""price"":66197.78,""size"":0.09064491,""num_orders"":1}]"
btc_usd_d10_20260721T173509Z,51,2026-07-21T18:26:09.003076Z,2026-07-21T18:26:09.003217Z,BTC-USD,10,ok,,133022861354,2026-07-21T18:26:07.046634795Z,0.43766975,0.75921419,-0.268651311338,66189.119999999995,66189.130000000005,66189.125,0.010000000009,0.00151082221,"[{""price"":66189.12,""size"":0.00032452,""num_orders"":1},{""price"":66188.13,""size"":0.12086759,""num_orders"":1},{""price"":66187.95,""size"":0.0007554,""num_orders"":1},{""price"":66187.55,""size"":0.01510858,""num_orders"":2},{""price"":66186.88,""size"":0.15108732,""num_orders"":1},{""price"":66186.0,""size"":0.01,""num_orders"":1},{""price"":66184.64,""size"":0.03777043,""num_orders"":1},{""price"":66184.52,""size"":0.001511,""num_orders"":1},{""price"":66184.0,""size"":0.0096,""num_orders"":1},{""price"":66183.76,""size"":0.09064491,""num_orders"":1}]","[{""price"":66189.13,""size"":0.0979,""num_orders"":3},{""price"":66189.99,""size"":0.06891338,""num_orders"":1},{""price"":66190.0,""size"":0.0095,""num_orders"":1},{""price"":66191.3,""size"":0.00528788,""num_orders"":1},{""price"":66192.0,""size"":0.01,""num_orders"":1},{""price"":66192.51,""size"":0.09064491,""num_orders"":1},{""price"":66193.53,""size"":0.00660985,""num_orders"":1},{""price"":66193.8,""size"":0.02,""num_orders"":1},{""price"":66193.81,""size"":0.26908004,""num_orders"":1},{""price"":66193.82,""size"":0.18127813,""num_orders"":1}]"
btc_usd_d10_20260721T173509Z,52,2026-07-21T18:27:09.003076Z,2026-07-21T18:27:09.003236Z,BTC-USD,10,ok,,133022905247,2026-07-21T18:27:07.630619719Z,0.35288212,0.4817615,-0.154412466485,66174,66174.009999999995,66174.005000000005,0.009999999995,0.001511167413,"[{""price"":66174.0,""size"":0.02230281,""num_orders"":2},{""price"":66173.85,""size"":0.01280281,""num_orders"":1},{""price"":66173.78,""size"":0.02426189,""num_orders"":2},{""price"":66173.76,""size"":1.7e-05,""num_orders"":1},{""price"":66173.52,""size"":0.01511178,""num_orders"":2},{""price"":66173.23,""size"":0.00528901,""num_orders"":1},{""price"":66173.1,""size"":0.00024239,""num_orders"":1},{""price"":66172.9,""size"":0.09064491,""num_orders"":1},{""price"":66172.86,""size"":0.031089,""num_orders"":1},{""price"":66172.34,""size"":0.15112052,""num_orders"":1}]","[{""price"":66174.01,""size"":0.06,""num_orders"":2},{""price"":66176.0,""size"":0.0095,""num_orders"":1},{""price"":66176.96,""size"":0.14663752,""num_orders"":1},{""price"":66176.97,""size"":0.09064491,""num_orders"":1},{""price"":66178.0,""size"":0.0095,""num_orders"":1},{""price"":66178.96,""size"":0.09064491,""num_orders"":1},{""price"":66179.24,""size"":0.03777822,""num_orders"":1},{""price"":66180.0,""size"":0.0095,""num_orders"":1},{""price"":66180.12,""size"":0.00755594,""num_orders"":1},{""price"":66181.33,""size"":0.02,""num_orders"":1}]"
btc_usd_d10_20260721T173509Z,53,2026-07-21T18:28:09.003076Z,2026-07-21T18:28:09.003210Z,BTC-USD,10,ok,,133022961521,2026-07-21T18:28:07.546016496Z,0.56719755,0.04988941,0.838306711262,66177.080000000002,66177.089999999997,66177.084999999992,0.009999999995,0.001511097081,"[{""price"":66177.08,""size"":0.2478825,""num_orders"":7},{""price"":66177.02,""size"":0.00075554,""num_orders"":1},{""price"":66176.0,""size"":0.0105,""num_orders"":1},{""price"":66175.75,""size"":0.01511128,""num_orders"":2},{""price"":66175.42,""size"":0.00528883,""num_orders"":1},{""price"":66175.32,""size"":0.09064491,""num_orders"":1},{""price"":66175.12,""size"":0.03777506,""num_orders"":1},{""price"":66174.12,""size"":0.00151117,""num_orders"":1},{""price"":66173.79,""size"":0.15111722,""num_orders"":1},{""price"":66173.19,""size"":0.00661104,""num_orders"":1}]","[{""price"":66177.09,""size"":1.7e-05,""num_orders"":1},{""price"":66178.63,""size"":0.00755721,""num_orders"":1},{""price"":66178.72,""size"":0.00793306,""num_orders"":1},{""price"":66179.87,""size"":0.01511034,""num_orders"":2},{""price"":66180.42,""size"":1.7e-05,""num_orders"":1},{""price"":66181.06,""size"":9.444e-05,""num_orders"":1},{""price"":66181.26,""size"":0.001511,""num_orders"":1},{""price"":66182.0,""size"":0.01,""num_orders"":1},{""price"":66182.05,""size"":0.00755492,""num_orders"":1},{""price"":66182.38,""size"":9.444e-05,""num_orders"":1}]"
btc_usd_d10_20260721T173509Z,54,2026-07-21T18:29:09.003076Z,2026-07-21T18:29:09.003220Z,BTC-USD,10,ok,,133022998480,2026-07-21T18:29:06.829064831Z,0.44274588,0.5566586,-0.113980597726,66198.699999999997,66198.710000000006,66198.705000000002,0.010000000009,0.00151060357,"[{""price"":66198.7,""size"":0.08408641,""num_orders"":8},{""price"":66198.69,""size"":0.02120281,""num_orders"":1},{""price"":66198.68,""size"":0.02195811,""num_orders"":2},{""price"":66198.67,""size"":0.02120281,""num_orders"":1},{""price"":66198.66,""size"":0.02120281,""num_orders"":1},{""price"":66198.55,""size"":0.12084856,""num_orders"":1},{""price"":66197.37,""size"":0.01510634,""num_orders"":2},{""price"":66197.26,""size"":0.12085092,""num_orders"":1},{""price"":66197.04,""size"":0.00528711,""num_orders"":1},{""price"":66196.0,""size"":0.011,""num_orders"":1}]","[{""price"":66198.71,""size"":0.07359782,""num_orders"":4},{""price"":66199.93,""size"":0.00047361,""num_orders"":3},{""price"":66199.98,""size"":0.02,""num_orders"":1},{""price"":66199.99,""size"":0.20487133,""num_orders"":1},{""price"":66200.0,""size"":0.2282415,""num_orders"":1},{""price"":66200.04,""size"":0.01510574,""num_orders"":2},{""price"":66200.28,""size"":0.00755349,""num_orders"":1},{""price"":66200.37,""size"":0.00528711,""num_orders"":1},{""price"":66200.4,""size"":1.7e-05,""num_orders"":1},{""price"":66200.82,""size"":0.001511,""num_orders"":1}]"
btc_usd_d10_20260721T173509Z,55,2026-07-21T18:30:09.003076Z,2026-07-21T18:30:09.003233Z,BTC-USD,10,ok,,133023026587,2026-07-21T18:30:07.030505311Z,0.41319047,0.47846036,-0.073201176743,66195.029999999999,66195.039999999994,66195.035000000003,0.009999999995,0.001510687319,"[{""price"":66195.03,""size"":0.24868079,""num_orders"":7},{""price"":66193.74,""size"":0.01881021,""num_orders"":2},{""price"":66193.7,""size"":0.01510718,""num_orders"":2},{""price"":66193.38,""size"":0.02,""num_orders"":1},{""price"":66193.37,""size"":0.0052874,""num_orders"":1},{""price"":66193.34,""size"":0.03776521,""num_orders"":1},{""price"":66193.2,""size"":0.00010637,""num_orders"":1},{""price"":66192.32,""size"":0.02,""num_orders"":1},{""price"":66192.31,""size"":0.02743331,""num_orders"":1},{""price"":66192.01,""size"":0.02,""num_orders"":1}]","[{""price"":66195.04,""size"":0.081304,""num_orders"":5},{""price"":66196.37,""size"":0.01510656,""num_orders"":2},{""price"":66196.7,""size"":0.0052874,""num_orders"":1},{""price"":66198.0,""size"":0.0115,""num_orders"":1},{""price"":66198.93,""size"":0.00660925,""num_orders"":1},{""price"":66199.37,""size"":0.02608906,""num_orders"":1},{""price"":66199.38,""size"":0.02691305,""num_orders"":2},{""price"":66200.0,""size"":0.0115,""num_orders"":1},{""price"":66200.55,""size"":0.09064491,""num_orders"":1},{""price"":66200.56,""size"":0.20350613,""num_orders"":1}]"
btc_usd_d10_20260721T173509Z,56,2026-07-21T18:31:09.003076Z,2026-07-21T18:31:09.003210Z,BTC-USD,10,ok,,133023072882,2026-07-21T18:31:06.665963965Z,0.62486147,0.42540213,0.189913598834,66163.770000000004,66163.779999999999,66163.774999999994,0.009999999995,0.001511401064,"[{""price"":66163.77,""size"":0.13430938,""num_orders"":9},{""price"":66163.43,""size"":0.12091269,""num_orders"":1},{""price"":66162.44,""size"":0.01511432,""num_orders"":2},{""price"":66160.44,""size"":1.7e-05,""num_orders"":1},{""price"":66160.19,""size"":0.09064491,""num_orders"":1},{""price"":66160.01,""size"":0.0756869,""num_orders"":2},{""price"":66160.0,""size"":0.0204,""num_orders"":2},{""price"":66159.38,""size"":0.15115013,""num_orders"":1},{""price"":66158.81,""size"":0.01511514,""num_orders"":2},{""price"":66158.44,""size"":0.001511,""num_orders"":1}]","[{""price"":66163.78,""size"":0.06,""num_orders"":2},{""price"":66163.99,""size"":0.04664625,""num_orders"":2},{""price"":66164.0,""size"":0.0104,""num_orders"":1},{""price"":66164.89,""size"":0.0050581,""num_orders"":1},{""price"":66165.11,""size"":0.0151137,""num_orders"":2},{""price"":66165.44,""size"":0.0052899,""num_orders"":1},{""price"":66165.53,""size"":0.03778718,""num_orders"":1},{""price"":66166.0,""size"":0.0104,""num_orders"":1},{""price"":66167.31,""size"":0.14406209,""num_orders"":2},{""price"":66167.32,""size"":0.09064491,""num_orders"":1}]"
btc_usd_d10_20260721T173509Z,57,2026-07-21T18:32:09.003076Z,2026-07-21T18:32:09.003184Z,BTC-USD,10,ok,,133023121703,2026-07-21T18:32:08.629264413Z,0.39942204,0.47278333,-0.084110110443,66115.050000000003,66115.059999999998,66115.054999999993,0.009999999995,0.001512514811,"[{""price"":66115.05,""size"":0.12889635,""num_orders"":11},{""price"":66115.04,""size"":0.03,""num_orders"":1},{""price"":66115.02,""size"":0.03,""num_orders"":1},{""price"":66114.83,""size"":0.12100157,""num_orders"":1},{""price"":66114.0,""size"":0.0099,""num_orders"":1},{""price"":66113.39,""size"":0.0052938,""num_orders"":1},{""price"":66112.66,""size"":0.03781307,""num_orders"":1},{""price"":66112.0,""size"":0.0099,""num_orders"":1},{""price"":66111.17,""size"":0.02,""num_orders"":1},{""price"":66111.16,""size"":0.00661725,""num_orders"":1}]","[{""price"":66115.06,""size"":0.0652938,""num_orders"":3},{""price"":66116.72,""size"":0.0052938,""num_orders"":1},{""price"":66118.0,""size"":0.0099,""num_orders"":1},{""price"":66118.95,""size"":0.00661725,""num_orders"":1},{""price"":66120.0,""size"":0.0099,""num_orders"":1},{""price"":66120.02,""size"":0.00039693,""num_orders"":1},{""price"":66120.48,""size"":1.7e-05,""num_orders"":1},{""price"":66121.94,""size"":0.02,""num_orders"":1},{""price"":66121.95,""size"":0.25981562,""num_orders"":1},{""price"":66121.96,""size"":0.09554893,""num_orders"":2}]"
btc_usd_d10_20260721T173509Z,58,2026-07-21T18:33:09.003076Z,2026-07-21T18:33:09.003240Z,BTC-USD,10,ok,,133023182534,2026-07-21T18:33:06.839039062Z,0.82657611,0.6479032,0.121176952968,66122.5,66122.509999999995,66122.505000000005,0.009999999995,0.001512344397,"[{""price"":66122.5,""size"":0.15170071,""num_orders"":5},{""price"":66122.0,""size"":0.0193,""num_orders"":1},{""price"":66120.84,""size"":0.0052932,""num_orders"":1},{""price"":66120.0,""size"":0.0193,""num_orders"":1},{""price"":66118.61,""size"":0.0066165,""num_orders"":1},{""price"":66118.31,""size"":0.19197992,""num_orders"":1},{""price"":66118.3,""size"":0.2720895,""num_orders"":2},{""price"":66118.0,""size"":0.0193,""num_orders"":1},{""price"":66117.74,""size"":0.02,""num_orders"":1},{""price"":66117.73,""size"":0.12099628,""num_orders"":1}]","[{""price"":66122.51,""size"":0.28178791,""num_orders"":4},{""price"":66123.22,""size"":0.12098625,""num_orders"":1},{""price"":66123.81,""size"":1.7e-05,""num_orders"":1},{""price"":66125.83,""size"":0.007549,""num_orders"":1},{""price"":66125.84,""size"":0.001511,""num_orders"":1},{""price"":66125.88,""size"":0.12098138,""num_orders"":1},{""price"":66126.0,""size"":0.0193,""num_orders"":1},{""price"":66126.48,""size"":9.452e-05,""num_orders"":1},{""price"":66126.82,""size"":0.02,""num_orders"":1},{""price"":66126.83,""size"":0.07567614,""num_orders"":1}]"
btc_usd_d10_20260721T173509Z,59,2026-07-21T18:34:09.003076Z,2026-07-21T18:34:09.003205Z,BTC-USD,10,ok,,133023226089,2026-07-21T18:34:06.337130516Z,0.77584874,0.71633741,0.039881974511,66170.949999999997,66170.960000000006,66170.955000000002,0.010000000009,0.001511237069,"[{""price"":66170.95,""size"":0.09787388,""num_orders"":5},{""price"":66170.01,""size"":0.01927672,""num_orders"":1},{""price"":66170.0,""size"":0.0135,""num_orders"":1},{""price"":66169.29,""size"":0.00528932,""num_orders"":1},{""price"":66168.0,""size"":0.0135,""num_orders"":1},{""price"":66166.56,""size"":0.41776337,""num_orders"":3},{""price"":66166.55,""size"":0.18127813,""num_orders"":1},{""price"":66166.53,""size"":0.00661171,""num_orders"":1},{""price"":66166.33,""size"":0.00075561,""num_orders"":1},{""price"":66166.02,""size"":0.02,""num_orders"":1}]","[{""price"":66170.96,""size"":0.14254327,""num_orders"":2},{""price"":66171.14,""size"":0.016919,""num_orders"":1},{""price"":66173.75,""size"":0.04296659,""num_orders"":1},{""price"":66173.76,""size"":1.7e-05,""num_orders"":1},{""price"":66174.0,""size"":0.0135,""num_orders"":1},{""price"":66174.74,""size"":0.001511,""num_orders"":1},{""price"":66174.76,""size"":0.09081137,""num_orders"":1},{""price"":66174.78,""size"":0.18127813,""num_orders"":1},{""price"":66174.8,""size"":0.07567614,""num_orders"":1},{""price"":66174.81,""size"":0.15111491,""num_orders"":1}]"
btc_usd_d10_20260721T194011Z,0,2026-07-21T19:40:11.586006Z,2026-07-21T19:40:11.586041Z,BTC-USD,10,ok,,133025778341,2026-07-21T19:40:11.540095200Z,0.56034681,0.61480458,-0.046341067596,66450.320000000007,66450.330000000002,66450.325000000012,0.009999999995,0.001504883534,"[{""price"":66450.32,""size"":0.28183535,""num_orders"":5},{""price"":66448.99,""size"":0.01504914,""num_orders"":2},{""price"":66448.66,""size"":0.00526709,""num_orders"":1},{""price"":66448.0,""size"":0.0204,""num_orders"":1},{""price"":66446.88,""size"":0.04,""num_orders"":1},{""price"":66446.87,""size"":0.09081137,""num_orders"":1},{""price"":66446.42,""size"":0.04,""num_orders"":1},{""price"":66446.41,""size"":0.00658386,""num_orders"":1},{""price"":66446.01,""size"":0.04,""num_orders"":1},{""price"":66446.0,""size"":0.0204,""num_orders"":1}]","[{""price"":66450.33,""size"":0.18039067,""num_orders"":3},{""price"":66451.66,""size"":0.01504854,""num_orders"":2},{""price"":66451.95,""size"":0.15048469,""num_orders"":1},{""price"":66452.66,""size"":4.156e-05,""num_orders"":2},{""price"":66453.99,""size"":0.04,""num_orders"":1},{""price"":66454.0,""size"":0.0204,""num_orders"":1},{""price"":66454.52,""size"":0.04,""num_orders"":1},{""price"":66454.53,""size"":0.09081137,""num_orders"":1},{""price"":66455.14,""size"":0.04,""num_orders"":1},{""price"":66455.15,""size"":0.03762775,""num_orders"":1}]"
btc_usd_d10_20260721T194011Z,1,2026-07-21T19:41:11.586006Z,2026-07-21T19:41:11.586138Z,BTC-USD,10,ok,,133025801876,2026-07-21T19:41:10.341843994Z,0.46722401,1.01574487,-0.369880222975,66442.779999999999,66442.789999999994,66442.785000000003,0.009999999995,0.00150505431,"[{""price"":66442.78,""size"":0.26772082,""num_orders"":7},{""price"":66442.06,""size"":0.014,""num_orders"":1},{""price"":66441.45,""size"":0.01505084,""num_orders"":2},{""price"":66440.76,""size"":0.00526771,""num_orders"":1},{""price"":66440.0,""size"":0.0193,""num_orders"":1},{""price"":66438.52,""size"":0.04,""num_orders"":1},{""price"":66438.51,""size"":0.00658464,""num_orders"":1},{""price"":66438.01,""size"":0.04,""num_orders"":1},{""price"":66438.0,""size"":0.0193,""num_orders"":1},{""price"":66437.81,""size"":0.04,""num_orders"":1}]","[{""price"":66442.79,""size"":0.16431171,""num_orders"":5},{""price"":66444.12,""size"":0.01505024,""num_orders"":2},{""price"":66444.16,""size"":0.06,""num_orders"":2},{""price"":66444.37,""size"":0.00752538,""num_orders"":1},{""price"":66444.45,""size"":0.00526769,""num_orders"":1},{""price"":66445.03,""size"":0.15050035,""num_orders"":1},{""price"":66445.15,""size"":0.301,""num_orders"":1},{""price"":66445.29,""size"":0.09081137,""num_orders"":1},{""price"":66445.3,""size"":0.18127813,""num_orders"":1},{""price"":66445.31,""size"":0.04,""num_orders"":1}]"
btc_usd_d10_20260721T194011Z,2,2026-07-21T19:42:11.586006Z,2026-07-21T19:42:11.586136Z,BTC-USD,10,ok,,133025828549,2026-07-21T19:42:09.059002663Z,0.54902958,1.19494235,-0.370368787988,66453.470000000001,66453.479999999996,66453.475000000006,0.009999999995,0.001504812201,"[{""price"":66453.47,""size"":0.12092957,""num_orders"":6},{""price"":66453.42,""size"":0.130818,""num_orders"":1},{""price"":66452.14,""size"":0.01504842,""num_orders"":2},{""price"":66452.0,""size"":0.0193,""num_orders"":1},{""price"":66451.84,""size"":0.001511,""num_orders"":1},{""price"":66451.65,""size"":0.00526685,""num_orders"":1},{""price"":66450.31,""size"":0.04,""num_orders"":1},{""price"":66450.3,""size"":0.09081137,""num_orders"":1},{""price"":66450.01,""size"":0.04,""num_orders"":1},{""price"":66450.0,""size"":0.08534437,""num_orders"":2}]","[{""price"":66453.48,""size"":0.68459993,""num_orders"":8},{""price"":66454.81,""size"":0.01504782,""num_orders"":2},{""price"":66455.1,""size"":0.001511,""num_orders"":1},{""price"":66455.14,""size"":0.00526684,""num_orders"":1},{""price"":66455.26,""size"":0.06,""num_orders"":2},{""price"":66456.33,""size"":0.04,""num_orders"":1},{""price"":66456.34,""size"":0.30099267,""num_orders"":1},{""price"":66456.48,""size"":0.04,""num_orders"":1},{""price"":66456.49,""size"":0.00752409,""num_orders"":1},{""price"":66456.56,""size"":0.04,""num_orders"":1}]"
btc_usd_d10_20260721T194011Z,3,2026-07-21T19:43:11.586006Z,2026-07-21T19:43:11.586139Z,BTC-USD,10,ok,,133025859838,2026-07-21T19:43:10.159259754Z,0.69276587,1.03036427,-0.195921591854,66430.169999999998,66430.179999999993,66430.174999999988,0.009999999995,0.001505340005,"[{""price"":66430.17,""size"":0.2259093,""num_orders"":7},{""price"":66430.0,""size"":0.0203,""num_orders"":1},{""price"":66428.84,""size"":0.03763496,""num_orders"":1},{""price"":66428.0,""size"":0.0203,""num_orders"":1},{""price"":66427.78,""size"":0.09081137,""num_orders"":1},{""price"":66426.84,""size"":1.7e-05,""num_orders"":1},{""price"":66426.0,""size"":0.0203,""num_orders"":1},{""price"":66425.76,""size"":0.001511,""num_orders"":1},{""price"":66425.33,""size"":0.04,""num_orders"":1},{""price"":66425.32,""size"":0.23598224,""num_orders"":1}]","[{""price"":66430.18,""size"":0.09526869,""num_orders"":4},{""price"":66430.2,""size"":0.03,""num_orders"":1},{""price"":66430.36,""size"":0.14,""num_orders"":3},{""price"":66431.84,""size"":0.00526869,""num_orders"":1},{""price"":66432.83,""size"":2.077e-05,""num_orders"":1},{""price"":66432.96,""size"":0.12042216,""num_orders"":1},{""price"":66433.79,""size"":0.18127813,""num_orders"":1},{""price"":66433.8,""size"":0.1505258,""num_orders"":1},{""price"":66433.92,""size"":0.30099417,""num_orders"":1},{""price"":66434.09,""size"":0.00658586,""num_orders"":1}]"
btc_usd_d10_20260721T194011Z,4,2026-07-21T19:44:11.586006Z,2026-07-21T19:44:11.586100Z,BTC-USD,10,ok,,133025886011,2026-07-21T19:44:09.844521477Z,0.44349509,0.97949441,-0.376671310646,66436.830000000002,66436.839999999997,66436.834999999992,0.009999999995,0.001505189101,"[{""price"":66436.83,""size"":0.10270519,""num_orders"":4},{""price"":66435.54,""size"":0.001511,""num_orders"":1},{""price"":66435.5,""size"":0.0150522,""num_orders"":2},{""price"":66435.0,""size"":0.01,""num_orders"":1},{""price"":66434.4,""size"":0.09081137,""num_orders"":1},{""price"":66434.0,""size"":0.0203,""num_orders"":1},{""price"":66433.5,""size"":1.7e-05,""num_orders"":1},{""price"":66432.28,""size"":0.001511,""num_orders"":1},{""price"":66432.07,""size"":0.18127813,""num_orders"":1},{""price"":66432.06,""size"":0.0203092,""num_orders"":1}]","[{""price"":66436.84,""size"":0.13763912,""num_orders"":4},{""price"":66437.85,""size"":0.00121472,""num_orders"":1},{""price"":66438.17,""size"":0.01505158,""num_orders"":2},{""price"":66438.18,""size"":0.12715251,""num_orders"":1},{""price"":66438.19,""size"":0.12041267,""num_orders"":1},{""price"":66439.25,""size"":0.09257311,""num_orders"":1},{""price"":66439.72,""size"":0.30100586,""num_orders"":1},{""price"":66439.99,""size"":0.00752515,""num_orders"":1},{""price"":66440.15,""size"":0.04,""num_orders"":1},{""price"":66440.16,""size"":0.13691969,""num_orders"":1}]"
btc_usd_d10_20260721T194011Z,5,2026-07-21T19:45:11.586006Z,2026-07-21T19:45:11.586141Z,BTC-USD,10,ok,,133025906803,2026-07-21T19:45:09.275494247Z,0.13339889,0.63843595,-0.654333069495,66429.100000000006,66429.110000000001,66429.10500000001,0.009999999995,0.001505364252,"[{""price"":66429.1,""size"":0.00508599,""num_orders"":1},{""price"":66429.08,""size"":1.93e-05,""num_orders"":1},{""price"":66428.0,""size"":0.03845697,""num_orders"":2},{""price"":66427.77,""size"":0.01505394,""num_orders"":2},{""price"":66427.43,""size"":0.00526875,""num_orders"":1},{""price"":66426.84,""size"":1.7e-05,""num_orders"":1},{""price"":66426.0,""size"":0.0214,""num_orders"":1},{""price"":66425.76,""size"":0.001511,""num_orders"":1},{""price"":66425.18,""size"":0.00658594,""num_orders"":1},{""price"":66425.01,""size"":0.04,""num_orders"":1}]","[{""price"":66429.11,""size"":0.15679435,""num_orders"":4},{""price"":66429.23,""size"":0.0022778,""num_orders"":1},{""price"":66429.86,""size"":0.03764169,""num_orders"":1},{""price"":66430.44,""size"":0.01505334,""num_orders"":2},{""price"":66430.76,""size"":0.04,""num_orders"":1},{""price"":66430.77,""size"":0.00526877,""num_orders"":1},{""price"":66430.99,""size"":0.04,""num_orders"":1},{""price"":66431.0,""size"":0.28,""num_orders"":3},{""price"":66431.99,""size"":0.04,""num_orders"":1},{""price"":66432.0,""size"":0.0214,""num_orders"":1}]"
btc_usd_d10_20260721T194011Z,6,2026-07-21T19:46:11.586006Z,2026-07-21T19:46:11.586137Z,BTC-USD,10,ok,,133025925907,2026-07-21T19:46:11.024016608Z,0.45389849,0.69282642,-0.208356797621,66417.570000000007,66417.580000000002,66417.575000000012,0.009999999995,0.001505625581,"[{""price"":66417.57,""size"":0.23813155,""num_orders"":10},{""price"":66416.85,""size"":0.13452559,""num_orders"":2},{""price"":66416.24,""size"":0.01505656,""num_orders"":2},{""price"":66416.0,""size"":0.0214,""num_orders"":1},{""price"":66415.98,""size"":0.001511,""num_orders"":1},{""price"":66415.91,""size"":0.00526968,""num_orders"":1},{""price"":66415.0,""size"":0.01,""num_orders"":1},{""price"":66414.0,""size"":0.0214,""num_orders"":1},{""price"":66413.66,""size"":0.00658711,""num_orders"":1},{""price"":66413.52,""size"":1.7e-05,""num_orders"":1}]","[{""price"":66417.58,""size"":0.15149374,""num_orders"":5},{""price"":66418.66,""size"":0.12,""num_orders"":2},{""price"":66418.93,""size"":0.01505594,""num_orders"":2},{""price"":66419.22,""size"":0.00075281,""num_orders"":1},{""price"":66419.24,""size"":0.001511,""num_orders"":1},{""price"":66419.26,""size"":0.00526971,""num_orders"":1},{""price"":66420.09,""size"":0.03764753,""num_orders"":1},{""price"":66420.52,""size"":0.03,""num_orders"":1},{""price"":66420.54,""size"":0.02999929,""num_orders"":2},{""price"":66421.07,""size"":0.3010964,""num_orders"":1}]"
btc_usd_d10_20260721T194011Z,7,2026-07-21T19:47:11.586006Z,2026-07-21T19:47:11.586138Z,BTC-USD,10,ok,,133025954589,2026-07-21T19:47:09.047764621Z,0.51381975,0.44608584,0.070563095689,66442.279999999999,66442.289999999994,66442.285000000003,0.009999999995,0.001505065636,"[{""price"":66442.28,""size"":0.12727967,""num_orders"":5},{""price"":66440.95,""size"":0.01505096,""num_orders"":2},{""price"":66440.62,""size"":0.00526772,""num_orders"":1},{""price"":66440.17,""size"":0.04,""num_orders"":1},{""price"":66440.16,""size"":0.040017,""num_orders"":2},{""price"":66440.15,""size"":0.1448044,""num_orders"":1},{""price"":66440.01,""size"":0.04,""num_orders"":1},{""price"":66440.0,""size"":0.0214,""num_orders"":1},{""price"":66439.04,""size"":0.04,""num_orders"":1},{""price"":66439.03,""size"":0.04,""num_orders"":1}]","[{""price"":66442.29,""size"":0.08491627,""num_orders"":3},{""price"":66443.64,""size"":0.01505034,""num_orders"":2},{""price"":66443.96,""size"":0.00526776,""num_orders"":1},{""price"":66445.01,""size"":0.00063191,""num_orders"":1},{""price"":66445.43,""size"":0.09081137,""num_orders"":1},{""price"":66446.0,""size"":0.0214,""num_orders"":1},{""price"":66446.21,""size"":0.0065847,""num_orders"":1},{""price"":66446.82,""size"":0.00014536,""num_orders"":2},{""price"":66447.89,""size"":0.04,""num_orders"":1},{""price"":66447.9,""size"":0.18127813,""num_orders"":1}]"
btc_usd_d10_20260721T194011Z,8,2026-07-21T19:48:11.586006Z,2026-07-21T19:48:11.586143Z,BTC-USD,10,ok,,133025991498,2026-07-21T19:48:09.341015874Z,0.60356382,0.87794574,-0.185204285823,66449.279999999999,66449.289999999994,66449.285000000003,0.009999999995,0.001504907087,"[{""price"":66449.28,""size"":0.21915164,""num_orders"":10},{""price"":66449.26,""size"":0.03,""num_orders"":1},{""price"":66448.58,""size"":0.001511,""num_orders"":1},{""price"":66448.06,""size"":0.00373976,""num_orders"":1},{""price"":66448.0,""size"":0.00024801,""num_orders"":1},{""price"":66447.99,""size"":0.01504936,""num_orders"":2},{""price"":66446.02,""size"":0.04,""num_orders"":1},{""price"":66446.01,""size"":0.13081137,""num_orders"":2},{""price"":66446.0,""size"":0.12305268,""num_orders"":2},{""price"":66445.33,""size"":0.04,""num_orders"":1}]","[{""price"":66449.29,""size"":0.41462025,""num_orders"":7},{""price"":66450.53,""size"":0.00275651,""num_orders"":1},{""price"":66450.62,""size"":0.01504876,""num_orders"":2},{""price"":66450.93,""size"":0.03762997,""num_orders"":1},{""price"":66450.99,""size"":0.00526722,""num_orders"":1},{""price"":66451.84,""size"":0.001511,""num_orders"":1},{""price"":66451.87,""size"":0.08983944,""num_orders"":1},{""price"":66451.88,""size"":0.15048483,""num_orders"":1},{""price"":66453.18,""size"":0.04,""num_orders"":1},{""price"":66453.19,""size"":0.12078776,""num_orders"":1}]"
btc_usd_d10_20260721T194011Z,9,2026-07-21T19:49:11.586006Z,2026-07-21T19:49:11.586145Z,BTC-USD,10,ok,,133026022798,2026-07-21T19:49:11.183862776Z,0.18980697,0.30917858,-0.239228590888,66477.190000000002,66477.199999999997,66477.195000000007,0.009999999995,0.001504275262,"[{""price"":66477.19,""size"":0.0271754,""num_orders"":1},{""price"":66477.18,""size"":0.03,""num_orders"":1},{""price"":66476.3,""size"":0.01565349,""num_orders"":1},{""price"":66476.29,""size"":0.0382718,""num_orders"":1},{""price"":66476.26,""size"":0.03,""num_orders"":1},{""price"":66474.96,""size"":0.00074313,""num_orders"":1},{""price"":66474.32,""size"":0.00526505,""num_orders"":1},{""price"":66474.0,""size"":0.0209,""num_orders"":1},{""price"":66473.77,""size"":0.0008981,""num_orders"":1},{""price"":66472.0,""size"":0.0209,""num_orders"":1}]","[{""price"":66477.2,""size"":0.00526499,""num_orders"":1},{""price"":66477.32,""size"":0.03761679,""num_orders"":1},{""price"":66477.4,""size"":0.03985918,""num_orders"":1},{""price"":66477.47,""size"":0.00037777,""num_orders"":1},{""price"":66477.84,""size"":0.04193212,""num_orders"":1},{""price"":66478.82,""size"":0.15042386,""num_orders"":1},{""price"":66478.86,""size"":0.00526499,""num_orders"":1},{""price"":66479.61,""size"":0.00752188,""num_orders"":1},{""price"":66480.0,""size"":0.0209,""num_orders"":1},{""price"":66480.12,""size"":1.7e-05,""num_orders"":1}]"
btc_usd_d10_20260721T194011Z,10,2026-07-21T19:50:11.586006Z,2026-07-21T19:50:11.586148Z,BTC-USD,10,ok,,133026066931,2026-07-21T19:50:10.037468780Z,0.88649528,0.6025314,0.190704359978,66424.589999999997,66424.600000000006,66424.595000000001,0.010000000009,0.001505466463,"[{""price"":66424.59,""size"":0.55859252,""num_orders"":11},{""price"":66424.58,""size"":0.03,""num_orders"":1},{""price"":66424.56,""size"":0.03,""num_orders"":1},{""price"":66424.52,""size"":0.11740281,""num_orders"":3},{""price"":66424.51,""size"":0.03740281,""num_orders"":1},{""price"":66424.0,""size"":0.0198,""num_orders"":1},{""price"":66423.18,""size"":0.01505498,""num_orders"":2},{""price"":66422.0,""size"":0.0198,""num_orders"":1},{""price"":66420.0,""size"":0.0208,""num_orders"":1},{""price"":66419.39,""size"":0.03764216,""num_orders"":1}]","[{""price"":66424.6,""size"":0.01043185,""num_orders"":1},{""price"":66425.13,""size"":0.12796456,""num_orders"":2},{""price"":66425.85,""size"":0.01505438,""num_orders"":2},{""price"":66428.99,""size"":0.15053669,""num_orders"":1},{""price"":66429.35,""size"":0.03764216,""num_orders"":1},{""price"":66430.0,""size"":0.0198,""num_orders"":1},{""price"":66430.39,""size"":0.18127813,""num_orders"":1},{""price"":66432.0,""size"":0.0198,""num_orders"":1},{""price"":66432.84,""size"":0.04,""num_orders"":1},{""price"":66432.85,""size"":2.363e-05,""num_orders"":1}]"
btc_usd_d10_20260721T194011Z,11,2026-07-21T19:51:11.586006Z,2026-07-21T19:51:11.586142Z,BTC-USD,10,ok,,133026115291,2026-07-21T19:51:09.177431765Z,0.52814538,0.87515437,-0.247280732431,66456.800000000003,66456.809999999998,66456.804999999993,0.009999999995,0.001504736798,"[{""price"":66456.8,""size"":0.14249026,""num_orders"":5},{""price"":66456.78,""size"":0.03,""num_orders"":1},{""price"":66456.0,""size"":0.017,""num_orders"":1},{""price"":66455.47,""size"":0.01504768,""num_orders"":2},{""price"":66455.14,""size"":0.00526657,""num_orders"":1},{""price"":66454.01,""size"":0.04006274,""num_orders"":2},{""price"":66454.0,""size"":0.017,""num_orders"":1},{""price"":66453.09,""size"":0.04,""num_orders"":1},{""price"":66453.08,""size"":0.18127813,""num_orders"":1},{""price"":66452.9,""size"":0.04,""num_orders"":1}]","[{""price"":66456.81,""size"":0.17131979,""num_orders"":3},{""price"":66457.99,""size"":0.09081137,""num_orders"":1},{""price"":66458.13,""size"":0.07567614,""num_orders"":1},{""price"":66458.14,""size"":0.01504706,""num_orders"":2},{""price"":66458.66,""size"":0.01331,""num_orders"":1},{""price"":66458.67,""size"":0.00752451,""num_orders"":1},{""price"":66458.81,""size"":0.15046914,""num_orders"":1},{""price"":66460.0,""size"":0.017,""num_orders"":1},{""price"":66460.14,""size"":1.7e-05,""num_orders"":1},{""price"":66460.42,""size"":0.33397936,""num_orders"":2}]"
btc_usd_d10_20260721T194011Z,12,2026-07-21T19:52:11.586006Z,2026-07-21T19:52:11.586150Z,BTC-USD,10,ok,,133026160380,2026-07-21T19:52:10.544177285Z,0.53552091,0.66737039,-0.109610469375,66466.479999999996,66466.490000000005,66466.485000000001,0.010000000009,0.001504517654,"[{""price"":66466.48,""size"":0.05465648,""num_orders"":3},{""price"":66465.06,""size"":0.0150455,""num_orders"":2},{""price"":66464.75,""size"":0.09081137,""num_orders"":1},{""price"":66464.74,""size"":0.00526581,""num_orders"":1},{""price"":66464.71,""size"":0.00075225,""num_orders"":1},{""price"":66464.0,""size"":0.0169,""num_orders"":1},{""price"":66462.76,""size"":0.04,""num_orders"":1},{""price"":66462.75,""size"":0.09081137,""num_orders"":1},{""price"":66462.74,""size"":0.18127813,""num_orders"":1},{""price"":66462.73,""size"":0.04,""num_orders"":1}]","[{""price"":66466.49,""size"":0.12562721,""num_orders"":2},{""price"":66467.44,""size"":0.12035969,""num_orders"":1},{""price"":66467.82,""size"":0.01504488,""num_orders"":2},{""price"":66468.17,""size"":0.00526589,""num_orders"":1},{""price"":66468.89,""size"":0.03762118,""num_orders"":1},{""price"":66470.0,""size"":0.0169,""num_orders"":1},{""price"":66470.12,""size"":0.27280218,""num_orders"":2},{""price"":66470.13,""size"":0.027167,""num_orders"":2},{""price"":66470.42,""size"":0.00658236,""num_orders"":1},{""price"":66470.5,""size"":0.04,""num_orders"":1}]"
btc_usd_d10_20260721T194011Z,13,2026-07-21T19:53:11.586006Z,2026-07-21T19:53:11.586134Z,BTC-USD,10,ok,,133026189624,2026-07-21T19:53:10.038609334Z,2.06711239,0.39197776,0.681200984031,66439.619999999995,66439.630000000005,66439.625,0.010000000009,0.001505125896,"[{""price"":66439.62,""size"":0.16932633,""num_orders"":7},{""price"":66438.29,""size"":0.01505156,""num_orders"":2},{""price"":66437.1,""size"":0.04,""num_orders"":1},{""price"":66437.09,""size"":0.04593739,""num_orders"":1},{""price"":66436.28,""size"":0.04,""num_orders"":1},{""price"":66436.27,""size"":0.04598574,""num_orders"":2},{""price"":66436.02,""size"":0.04,""num_orders"":1},{""price"":66436.01,""size"":0.13081137,""num_orders"":2},{""price"":66436.0,""size"":1.5,""num_orders"":2},{""price"":66435.01,""size"":0.04,""num_orders"":1}]","[{""price"":66439.63,""size"":0.08433411,""num_orders"":3},{""price"":66439.64,""size"":0.03,""num_orders"":1},{""price"":66439.66,""size"":0.03,""num_orders"":1},{""price"":66440.0,""size"":0.0216,""num_orders"":1},{""price"":66440.13,""size"":0.15051144,""num_orders"":1},{""price"":66440.17,""size"":0.01682461,""num_orders"":1},{""price"":66440.48,""size"":0.00075256,""num_orders"":1},{""price"":66440.96,""size"":0.01505096,""num_orders"":2},{""price"":66441.16,""size"":0.03763614,""num_orders"":1},{""price"":66441.29,""size"":0.00526794,""num_orders"":1}]"
btc_usd_d10_20260721T194011Z,14,2026-07-21T19:54:11.586006Z,2026-07-21T19:54:11.586141Z,BTC-USD,10,ok,,133026221007,2026-07-21T19:54:09.653273710Z,0.53284567,0.56993599,-0.033633421143,66437.990000000005,66438,66437.994999999995,0.009999999995,0.001505162821,"[{""price"":66437.99,""size"":0.27461219,""num_orders"":6},{""price"":66436.66,""size"":0.01505194,""num_orders"":2},{""price"":66435.98,""size"":0.00526809,""num_orders"":1},{""price"":66434.09,""size"":0.09081137,""num_orders"":1},{""price"":66434.08,""size"":0.00658508,""num_orders"":1},{""price"":66434.01,""size"":0.04,""num_orders"":1},{""price"":66434.0,""size"":0.0205,""num_orders"":1},{""price"":66433.51,""size"":0.04,""num_orders"":1},{""price"":66433.5,""size"":1.7e-05,""num_orders"":1},{""price"":66432.29,""size"":0.04,""num_orders"":1}]","[{""price"":66438.0,""size"":0.19760356,""num_orders"":5},{""price"":66439.32,""size"":0.04,""num_orders"":1},{""price"":66439.33,""size"":0.01505132,""num_orders"":2},{""price"":66439.41,""size"":0.04,""num_orders"":1},{""price"":66439.42,""size"":0.15051305,""num_orders"":1},{""price"":66439.66,""size"":0.00526806,""num_orders"":1},{""price"":66439.99,""size"":0.04,""num_orders"":1},{""price"":66440.0,""size"":0.0215,""num_orders"":1},{""price"":66440.09,""size"":0.04,""num_orders"":1},{""price"":66440.1,""size"":0.02,""num_orders"":1}]"
btc_usd_d10_20260721T194011Z,15,2026-07-21T19:55:11.586006Z,2026-07-21T19:55:11.586142Z,BTC-USD,10,ok,,133026266427,2026-07-21T19:55:11.047724956Z,0.58229659,0.54633315,0.031864692844,66433.559999999998,66433.570000000007,66433.565000000002,0.010000000009,0.001505263192,"[{""price"":66433.56,""size"":0.12012407,""num_orders"":5},{""price"":66433.54,""size"":0.03,""num_orders"":1},{""price"":66432.23,""size"":0.01505294,""num_orders"":2},{""price"":66431.9,""size"":0.00526842,""num_orders"":1},{""price"":66430.0,""size"":0.0175,""num_orders"":1},{""price"":66429.93,""size"":0.09081137,""num_orders"":1},{""price"":66429.91,""size"":0.07567614,""num_orders"":1},{""price"":66429.9,""size"":0.18127813,""num_orders"":1},{""price"":66429.65,""size"":0.00658552,""num_orders"":1},{""price"":66428.01,""size"":0.04,""num_orders"":1}]","[{""price"":66433.57,""size"":0.20018832,""num_orders"":4},{""price"":66433.86,""size"":0.12042052,""num_orders"":1},{""price"":66434.0,""size"":0.0175,""num_orders"":1},{""price"":66434.58,""size"":0.03763886,""num_orders"":1},{""price"":66434.9,""size"":0.01505232,""num_orders"":2},{""price"":66436.0,""size"":0.0175,""num_orders"":1},{""price"":66436.09,""size"":0.12041647,""num_orders"":1},{""price"":66437.56,""size"":9.407e-05,""num_orders"":1},{""price"":66438.0,""size"":0.0175,""num_orders"":1},{""price"":66438.23,""size"":2.259e-05,""num_orders"":1}]"
btc_usd_d10_20260721T194011Z,16,2026-07-21T19:56:11.586006Z,2026-07-21T19:56:11.586140Z,BTC-USD,10,ok,,133026302343,2026-07-21T19:56:09.015847947Z,0.42828048,1.36116997,-0.521327366175,66420.660000000003,66420.669999999998,66420.665000000008,0.009999999995,0.001505555537,"[{""price"":66420.66,""size"":0.16095519,""num_orders"":6},{""price"":66420.65,""size"":0.02970281,""num_orders"":1},{""price"":66420.64,""size"":0.02970281,""num_orders"":1},{""price"":66420.63,""size"":0.02970281,""num_orders"":1},{""price"":66420.62,""size"":0.02970281,""num_orders"":1},{""price"":66420.61,""size"":0.02970281,""num_orders"":1},{""price"":66420.6,""size"":0.02970281,""num_orders"":1},{""price"":66420.59,""size"":0.02970281,""num_orders"":1},{""price"":66420.58,""size"":0.02970281,""num_orders"":1},{""price"":66420.57,""size"":0.02970281,""num_orders"":1}]","[{""price"":66420.67,""size"":0.04274191,""num_orders"":2},{""price"":66420.8,""size"":0.00107051,""num_orders"":1},{""price"":66421.18,""size"":0.04,""num_orders"":1},{""price"":66421.19,""size"":0.12044349,""num_orders"":1},{""price"":66421.2,""size"":0.14,""num_orders"":3},{""price"":66422.32,""size"":0.04,""num_orders"":1},{""price"":66422.33,""size"":0.00526944,""num_orders"":1},{""price"":66422.58,""size"":0.04,""num_orders"":1},{""price"":66422.59,""size"":0.78109344,""num_orders"":2},{""price"":66422.6,""size"":0.15055118,""num_orders"":1}]"
btc_usd_d10_20260721T194011Z,17,2026-07-21T19:57:11.586006Z,2026-07-21T19:57:11.586126Z,BTC-USD,10,ok,,133026340412,2026-07-21T19:57:10.041211587Z,0.35777815,0.58111168,-0.23786979352,66414.470000000001,66414.479999999996,66414.475000000006,0.009999999995,0.001505695858,"[{""price"":66414.47,""size"":0.15578776,""num_orders"":8},{""price"":66414.44,""size"":0.03000281,""num_orders"":1},{""price"":66414.43,""size"":0.03000281,""num_orders"":1},{""price"":66414.42,""size"":0.03000281,""num_orders"":1},{""price"":66414.41,""size"":0.03000281,""num_orders"":1},{""price"":66413.99,""size"":0.01506455,""num_orders"":1},{""price"":66413.14,""size"":0.01505726,""num_orders"":2},{""price"":66412.81,""size"":0.00526993,""num_orders"":1},{""price"":66410.58,""size"":0.04,""num_orders"":1},{""price"":66410.57,""size"":0.00658741,""num_orders"":1}]","[{""price"":66414.48,""size"":0.13365316,""num_orders"":3},{""price"":66414.97,""size"":0.04,""num_orders"":1},{""price"":66414.98,""size"":0.09081137,""num_orders"":1},{""price"":66415.75,""size"":0.04,""num_orders"":1},{""price"":66415.76,""size"":0.12409049,""num_orders"":7},{""price"":66415.8,""size"":0.04,""num_orders"":1},{""price"":66415.81,""size"":0.01505666,""num_orders"":2},{""price"":66415.99,""size"":0.04,""num_orders"":1},{""price"":66416.0,""size"":0.0175,""num_orders"":1},{""price"":66416.13,""size"":0.04,""num_orders"":1}]"
btc_usd_d10_20260721T194011Z,18,2026-07-21T19:58:11.586006Z,2026-07-21T19:58:11.586140Z,BTC-USD,10,ok,,133026378136,2026-07-21T19:58:10.611714340Z,0.51368794,0.70644906,-0.157983177299,66396.300000000003,66396.309999999998,66396.304999999993,0.009999999995,0.001506107907,"[{""price"":66396.3,""size"":0.09927369,""num_orders"":4},{""price"":66394.97,""size"":0.01506138,""num_orders"":2},{""price"":66394.0,""size"":0.0183,""num_orders"":1},{""price"":66392.0,""size"":0.0193,""num_orders"":1},{""price"":66391.32,""size"":0.0150622,""num_orders"":2},{""price"":66390.02,""size"":0.2720895,""num_orders"":2},{""price"":66390.01,""size"":0.04,""num_orders"":1},{""price"":66390.0,""size"":0.0193,""num_orders"":1},{""price"":66389.66,""size"":0.01506258,""num_orders"":2},{""price"":66389.33,""size"":0.00023859,""num_orders"":1}]","[{""price"":66396.31,""size"":0.20354817,""num_orders"":4},{""price"":66396.65,""size"":0.00187045,""num_orders"":1},{""price"":66396.87,""size"":1.7e-05,""num_orders"":1},{""price"":66397.5,""size"":0.15060808,""num_orders"":1},{""price"":66397.64,""size"":0.01506078,""num_orders"":2},{""price"":66397.97,""size"":0.00527137,""num_orders"":1},{""price"":66398.0,""size"":0.0183,""num_orders"":1},{""price"":66398.39,""size"":0.09081137,""num_orders"":1},{""price"":66398.41,""size"":0.06,""num_orders"":2},{""price"":66398.43,""size"":0.16096184,""num_orders"":1}]"
btc_usd_d10_20260721T194011Z,19,2026-07-21T19:59:11.586006Z,2026-07-21T19:59:11.586126Z,BTC-USD,10,ok,,133026414388,2026-07-21T19:59:10.344736335Z,0.43737253,0.76438636,-0.27211267811,66400.410000000003,66400.419999999998,66400.415000000008,0.009999999995,0.001506014683,"[{""price"":66400.41,""size"":0.13291069,""num_orders"":2},{""price"":66398.01,""size"":0.03010281,""num_orders"":1},{""price"":66398.0,""size"":0.04790229,""num_orders"":3},{""price"":66396.87,""size"":1.7e-05,""num_orders"":1},{""price"":66396.0,""size"":0.0174,""num_orders"":1},{""price"":66395.0,""size"":0.01,""num_orders"":1},{""price"":66394.62,""size"":0.09081137,""num_orders"":1},{""price"":66394.0,""size"":0.0174,""num_orders"":1},{""price"":66393.54,""size"":1.7e-05,""num_orders"":1},{""price"":66392.61,""size"":0.09081137,""num_orders"":1}]","[{""price"":66400.42,""size"":0.21893767,""num_orders"":2},{""price"":66401.79,""size"":0.02,""num_orders"":1},{""price"":66402.15,""size"":0.05893443,""num_orders"":1},{""price"":66402.16,""size"":0.09081137,""num_orders"":1},{""price"":66402.99,""size"":0.00790627,""num_orders"":1},{""price"":66403.32,""size"":9.412e-05,""num_orders"":1},{""price"":66403.42,""size"":0.00753107,""num_orders"":1},{""price"":66404.15,""size"":0.26183047,""num_orders"":1},{""price"":66404.16,""size"":0.09081137,""num_orders"":1},{""price"":66404.65,""size"":0.00752959,""num_orders"":1}]"
btc_usd_d10_20260721T194011Z,20,2026-07-21T20:00:11.586006Z,2026-07-21T20:00:11.586138Z,BTC-USD,10,ok,,133026521660,2026-07-21T20:00:11.104845340Z,0.43444543,0.90481336,-0.351215115041,66391.539999999994,66391.550000000003,66391.544999999998,0.010000000009,0.001506215891,"[{""price"":66391.54,""size"":0.02540278,""num_orders"":1},{""price"":66391.53,""size"":0.02540281,""num_orders"":1},{""price"":66391.52,""size"":0.04240281,""num_orders"":1},{""price"":66388.18,""size"":0.04,""num_orders"":1},{""price"":66388.17,""size"":0.04,""num_orders"":1},{""price"":66388.16,""size"":0.04,""num_orders"":1},{""price"":66388.14,""size"":0.08,""num_orders"":2},{""price"":66388.13,""size"":0.08,""num_orders"":2},{""price"":66388.12,""size"":0.04,""num_orders"":1},{""price"":66388.11,""size"":0.02123703,""num_orders"":1}]","[{""price"":66391.55,""size"":0.08010194,""num_orders"":3},{""price"":66391.98,""size"":0.11025311,""num_orders"":1},{""price"":66392.0,""size"":0.019,""num_orders"":1},{""price"":66392.62,""size"":0.18127813,""num_orders"":1},{""price"":66393.63,""size"":0.00527173,""num_orders"":1},{""price"":66394.0,""size"":0.019,""num_orders"":1},{""price"":66394.38,""size"":0.16648751,""num_orders"":2},{""price"":66394.39,""size"":0.15061514,""num_orders"":1},{""price"":66395.87,""size"":0.00658967,""num_orders"":1},{""price"":66396.73,""size"":0.16621613,""num_orders"":1}]"
btc_usd_d10_20260721T194011Z,21,2026-07-21T20:01:11.586006Z,2026-07-21T20:01:11.586100Z,BTC-USD,10,ok,,133026591632,2026-07-21T20:01:09.335873637Z,1.18090258,0.67187755,0.274735799331,66332.339999999997,66334,66333.169999999998,1.660000000003,0.25025187248,"[{""price"":66332.34,""size"":0.0586771,""num_orders"":4},{""price"":66332.2,""size"":0.00946674,""num_orders"":1},{""price"":66330.98,""size"":0.09214031,""num_orders"":1},{""price"":66330.97,""size"":0.1206073,""num_orders"":1},{""price"":66330.92,""size"":0.03373157,""num_orders"":1},{""price"":66330.01,""size"":0.37302709,""num_orders"":1},{""price"":66329.51,""size"":0.09081137,""num_orders"":1},{""price"":66328.87,""size"":0.1507639,""num_orders"":1},{""price"":66328.65,""size"":0.18127813,""num_orders"":1},{""price"":66328.62,""size"":0.07039907,""num_orders"":1}]","[{""price"":66334.0,""size"":0.05578478,""num_orders"":4},{""price"":66336.0,""size"":0.0257,""num_orders"":1},{""price"":66336.98,""size"":0.12059639,""num_orders"":1},{""price"":66337.99,""size"":0.18127813,""num_orders"":1},{""price"":66338.0,""size"":0.0257,""num_orders"":1},{""price"":66340.0,""size"":0.0257,""num_orders"":1},{""price"":66340.26,""size"":1.7e-05,""num_orders"":1},{""price"":66340.56,""size"":0.12058988,""num_orders"":1},{""price"":66341.89,""size"":0.09081137,""num_orders"":1},{""price"":66342.0,""size"":0.0257,""num_orders"":1}]"
btc_usd_d10_20260721T194011Z,22,2026-07-21T20:02:11.586006Z,2026-07-21T20:02:11.586104Z,BTC-USD,10,ok,,133026628635,2026-07-21T20:02:11.047475691Z,0.39579522,0.80164158,-0.338929252884,66368.419999999998,66368.429999999993,66368.424999999988,0.009999999995,0.001506740592,"[{""price"":66368.42,""size"":0.0972285,""num_orders"":5},{""price"":66367.09,""size"":0.01706734,""num_orders"":3},{""price"":66366.74,""size"":0.09081137,""num_orders"":1},{""price"":66366.4,""size"":0.00527362,""num_orders"":1},{""price"":66366.0,""size"":0.0221,""num_orders"":1},{""price"":66364.68,""size"":0.09081137,""num_orders"":1},{""price"":66364.16,""size"":0.00659202,""num_orders"":1},{""price"":66364.0,""size"":0.0244,""num_orders"":1},{""price"":66363.82,""size"":0.001511,""num_orders"":1},{""price"":66363.24,""size"":0.04,""num_orders"":1}]","[{""price"":66368.43,""size"":0.15469762,""num_orders"":2},{""price"":66369.73,""size"":0.00527362,""num_orders"":1},{""price"":66369.76,""size"":0.0150671,""num_orders"":2},{""price"":66370.28,""size"":0.35504745,""num_orders"":1},{""price"":66370.29,""size"":0.15066984,""num_orders"":1},{""price"":66370.66,""size"":0.09081137,""num_orders"":1},{""price"":66371.97,""size"":0.00659202,""num_orders"":1},{""price"":66371.99,""size"":0.00018839,""num_orders"":2},{""price"":66372.0,""size"":0.0232,""num_orders"":1},{""price"":66372.41,""size"":9.417e-05,""num_orders"":1}]"
btc_usd_d10_20260721T194011Z,23,2026-07-21T20:03:11.586006Z,2026-07-21T20:03:11.586150Z,BTC-USD,10,ok,,133026668903,2026-07-21T20:03:10.345220592Z,0.8760889,0.42604622,0.345619032225,66381.990000000005,66382,66381.994999999995,0.009999999995,0.001506432579,"[{""price"":66381.99,""size"":0.10318527,""num_orders"":6},{""price"":66381.98,""size"":0.03,""num_orders"":1},{""price"":66381.96,""size"":0.03,""num_orders"":1},{""price"":66380.67,""size"":0.19840215,""num_orders"":2},{""price"":66380.66,""size"":0.18127813,""num_orders"":1},{""price"":66380.33,""size"":0.00527251,""num_orders"":1},{""price"":66380.21,""size"":0.09081137,""num_orders"":1},{""price"":66380.0,""size"":0.0187,""num_orders"":1},{""price"":66378.77,""size"":0.14276333,""num_orders"":1},{""price"":66378.76,""size"":0.07567614,""num_orders"":1}]","[{""price"":66382.0,""size"":9.415e-05,""num_orders"":1},{""price"":66383.33,""size"":0.00753201,""num_orders"":1},{""price"":66383.4,""size"":0.12051206,""num_orders"":1},{""price"":66383.55,""size"":1.7e-05,""num_orders"":1},{""price"":66384.65,""size"":9.415e-05,""num_orders"":1},{""price"":66385.65,""size"":0.00753175,""num_orders"":1},{""price"":66385.79,""size"":0.15063465,""num_orders"":1},{""price"":66386.88,""size"":1.7e-05,""num_orders"":1},{""price"":66387.03,""size"":0.10194815,""num_orders"":1},{""price"":66387.04,""size"":0.0376653,""num_orders"":1}]"
btc_usd_d10_20260721T194011Z,24,2026-07-21T20:04:11.586006Z,2026-07-21T20:04:11.586138Z,BTC-USD,10,ok,,133026694075,2026-07-21T20:04:09.039604155Z,0.43906367,0.84024275,-0.313591078516,66398,66398.009999999995,66398.005000000005,0.009999999995,0.001506069346,"[{""price"":66398.0,""size"":0.25881011,""num_orders"":6},{""price"":66397.94,""size"":0.00075303,""num_orders"":1},{""price"":66396.86,""size"":0.00081344,""num_orders"":1},{""price"":66396.67,""size"":0.01683481,""num_orders"":3},{""price"":66396.35,""size"":0.00527119,""num_orders"":1},{""price"":66396.0,""size"":0.01978074,""num_orders"":2},{""price"":66394.11,""size"":0.00658898,""num_orders"":1},{""price"":66394.0,""size"":0.0197,""num_orders"":1},{""price"":66392.98,""size"":0.09081137,""num_orders"":1},{""price"":66392.0,""size"":0.0197,""num_orders"":1}]","[{""price"":66398.01,""size"":0.38154133,""num_orders"":9},{""price"":66398.29,""size"":0.10479892,""num_orders"":1},{""price"":66399.34,""size"":0.0150604,""num_orders"":2},{""price"":66399.85,""size"":0.04,""num_orders"":1},{""price"":66399.86,""size"":0.12048218,""num_orders"":1},{""price"":66399.88,""size"":0.00753155,""num_orders"":1},{""price"":66400.2,""size"":1.7e-05,""num_orders"":1},{""price"":66400.87,""size"":0.04,""num_orders"":1},{""price"":66401.16,""size"":0.04,""num_orders"":1},{""price"":66401.17,""size"":0.09081137,""num_orders"":1}]"
btc_usd_d10_20260721T194011Z,25,2026-07-21T20:05:11.586006Z,2026-07-21T20:05:11.586136Z,BTC-USD,10,ok,,133026724115,2026-07-21T20:05:09.662678159Z,0.46953625,0.76169059,-0.237287176098,66406.970000000001,66406.979999999996,66406.975000000006,0.009999999995,0.001505865912,"[{""price"":66406.97,""size"":0.09346878,""num_orders"":4},{""price"":66406.57,""size"":0.09547544,""num_orders"":2},{""price"":66406.0,""size"":0.02325164,""num_orders"":2},{""price"":66405.64,""size"":0.01505896,""num_orders"":2},{""price"":66405.31,""size"":0.00527053,""num_orders"":1},{""price"":66404.51,""size"":0.09081137,""num_orders"":1},{""price"":66404.0,""size"":0.0244,""num_orders"":1},{""price"":66403.07,""size"":0.00658816,""num_orders"":1},{""price"":66402.0,""size"":0.0244,""num_orders"":1},{""price"":66401.2,""size"":0.09081137,""num_orders"":1}]","[{""price"":66406.98,""size"":0.21646418,""num_orders"":7},{""price"":66408.05,""size"":0.00752668,""num_orders"":1},{""price"":66408.06,""size"":0.21109367,""num_orders"":2},{""price"":66408.08,""size"":0.07567614,""num_orders"":1},{""price"":66408.11,""size"":0.15058403,""num_orders"":1},{""price"":66408.3,""size"":0.01505836,""num_orders"":2},{""price"":66408.64,""size"":0.00527053,""num_orders"":1},{""price"":66410.18,""size"":0.04,""num_orders"":1},{""price"":66410.19,""size"":1.7e-05,""num_orders"":1},{""price"":66410.45,""size"":0.04,""num_orders"":1}]"
btc_usd_d10_20260721T194011Z,26,2026-07-21T20:06:11.586006Z,2026-07-21T20:06:11.586148Z,BTC-USD,10,ok,,133026760777,2026-07-21T20:06:10.546576282Z,0.92346191,0.06776465,0.863271117352,66416.839999999997,66416.850000000006,66416.845000000001,0.010000000009,0.001505642132,"[{""price"":66416.84,""size"":0.3020895,""num_orders"":3},{""price"":66416.82,""size"":0.03,""num_orders"":1},{""price"":66414.44,""size"":0.00126458,""num_orders"":1},{""price"":66412.87,""size"":0.09081137,""num_orders"":1},{""price"":66411.25,""size"":0.12046151,""num_orders"":1},{""price"":66410.61,""size"":0.01016931,""num_orders"":1},{""price"":66410.27,""size"":0.07567614,""num_orders"":1},{""price"":66410.26,""size"":0.18127813,""num_orders"":1},{""price"":66410.25,""size"":0.09081137,""num_orders"":1},{""price"":66410.0,""size"":0.0209,""num_orders"":1}]","[{""price"":66416.85,""size"":1.7e-05,""num_orders"":1},{""price"":66420.0,""size"":0.0221,""num_orders"":1},{""price"":66420.18,""size"":1.7e-05,""num_orders"":1},{""price"":66420.7,""size"":9.41e-05,""num_orders"":1},{""price"":66421.03,""size"":0.00038328,""num_orders"":1},{""price"":66421.63,""size"":0.00790405,""num_orders"":1},{""price"":66421.69,""size"":0.00752766,""num_orders"":1},{""price"":66422.0,""size"":0.0221,""num_orders"":1},{""price"":66422.15,""size"":9.41e-05,""num_orders"":1},{""price"":66423.48,""size"":0.00752746,""num_orders"":1}]"
btc_usd_d10_20260721T194011Z,27,2026-07-21T20:07:11.586006Z,2026-07-21T20:07:11.586178Z,BTC-USD,10,ok,,133026792938,2026-07-21T20:07:10.036312253Z,0.67087658,0.57998043,0.072667098856,66408.889999999999,66408.899999999994,66408.89499999999,0.009999999995,0.001505822374,"[{""price"":66408.89,""size"":0.26261553,""num_orders"":6},{""price"":66408.02,""size"":0.09417506,""num_orders"":2},{""price"":66407.56,""size"":0.01505852,""num_orders"":2},{""price"":66407.23,""size"":0.00527024,""num_orders"":1},{""price"":66406.86,""size"":1.7e-05,""num_orders"":1},{""price"":66406.2,""size"":0.001511,""num_orders"":1},{""price"":66406.02,""size"":0.09081137,""num_orders"":1},{""price"":66406.0,""size"":0.0199,""num_orders"":1},{""price"":66405.94,""size"":0.18127813,""num_orders"":1},{""price"":66405.6,""size"":0.00023973,""num_orders"":1}]","[{""price"":66408.9,""size"":0.18848902,""num_orders"":4},{""price"":66410.23,""size"":0.01505792,""num_orders"":2},{""price"":66410.54,""size"":0.1227606,""num_orders"":1},{""price"":66410.55,""size"":0.12046278,""num_orders"":1},{""price"":66410.56,""size"":0.00527037,""num_orders"":1},{""price"":66411.81,""size"":0.06,""num_orders"":2},{""price"":66411.92,""size"":0.00752874,""num_orders"":1},{""price"":66412.0,""size"":0.0189,""num_orders"":1},{""price"":66412.72,""size"":0.001511,""num_orders"":1},{""price"":66412.79,""size"":0.04,""num_orders"":1}]"
btc_usd_d10_20260721T194011Z,28,2026-07-21T20:08:11.586006Z,2026-07-21T20:08:11.586145Z,BTC-USD,10,ok,,133026828156,2026-07-21T20:08:10.594010043Z,3.87253729,0.46913544,0.783891845759,66404.839999999997,66404.850000000006,66404.845000000001,0.010000000009,0.001505914216,"[{""price"":66404.84,""size"":0.23373369,""num_orders"":7},{""price"":66402.18,""size"":0.04422264,""num_orders"":2},{""price"":66402.01,""size"":0.04,""num_orders"":1},{""price"":66402.0,""size"":0.0179,""num_orders"":1},{""price"":66400.06,""size"":0.04,""num_orders"":1},{""price"":66400.05,""size"":0.09081137,""num_orders"":1},{""price"":66400.01,""size"":0.04,""num_orders"":1},{""price"":66400.0,""size"":2.5,""num_orders"":2},{""price"":66399.86,""size"":0.01506028,""num_orders"":2},{""price"":66399.01,""size"":0.85080931,""num_orders"":1}]","[{""price"":66404.85,""size"":0.20141995,""num_orders"":3},{""price"":66404.86,""size"":0.03,""num_orders"":1},{""price"":66404.88,""size"":0.03,""num_orders"":1},{""price"":66406.05,""size"":0.1505887,""num_orders"":1},{""price"":66406.38,""size"":0.00377345,""num_orders"":1},{""price"":66406.51,""size"":0.00527069,""num_orders"":1},{""price"":66407.39,""size"":0.024011,""num_orders"":1},{""price"":66408.0,""size"":0.0171,""num_orders"":1},{""price"":66408.75,""size"":0.00658837,""num_orders"":1},{""price"":66409.96,""size"":0.00038328,""num_orders"":1}]"
btc_usd_d10_20260721T194011Z,29,2026-07-21T20:09:11.586006Z,2026-07-21T20:09:11.586138Z,BTC-USD,10,ok,,133026854362,2026-07-21T20:09:10.803612949Z,2.06532822,0.53527624,0.588344749666,66407.039999999994,66407.050000000003,66407.044999999998,0.010000000009,0.001505864326,"[{""price"":66407.04,""size"":0.07179852,""num_orders"":4},{""price"":66406.0,""size"":0.02310349,""num_orders"":2},{""price"":66404.69,""size"":0.13152899,""num_orders"":2},{""price"":66404.0,""size"":0.53984983,""num_orders"":3},{""price"":66403.53,""size"":1.7e-05,""num_orders"":1},{""price"":66403.02,""size"":0.18127813,""num_orders"":1},{""price"":66402.94,""size"":0.001511,""num_orders"":1},{""price"":66402.06,""size"":0.00752989,""num_orders"":1},{""price"":66402.02,""size"":0.09081137,""num_orders"":1},{""price"":66402.0,""size"":1.0179,""num_orders"":2}]","[{""price"":66407.05,""size"":0.07057052,""num_orders"":3},{""price"":66407.18,""size"":0.1204689,""num_orders"":1},{""price"":66408.85,""size"":0.00527051,""num_orders"":1},{""price"":66409.99,""size"":0.04,""num_orders"":1},{""price"":66410.0,""size"":0.0218,""num_orders"":1},{""price"":66410.23,""size"":0.04,""num_orders"":1},{""price"":66410.24,""size"":0.00658824,""num_orders"":1},{""price"":66410.73,""size"":0.04,""num_orders"":1},{""price"":66410.74,""size"":0.15057807,""num_orders"":1},{""price"":66410.95,""size"":0.04,""num_orders"":1}]"
btc_usd_d10_20260721T194011Z,30,2026-07-21T20:10:11.586006Z,2026-07-21T20:10:11.586148Z,BTC-USD,10,ok,,133026875016,2026-07-21T20:10:09.535731734Z,0.34544385,0.59023155,-0.261616047617,66412.020000000004,66412.919999999998,66412.470000000001,0.899999999994,0.135516718471,"[{""price"":66412.02,""size"":0.0199538,""num_orders"":2},{""price"":66412.0,""size"":0.0257,""num_orders"":1},{""price"":66410.68,""size"":0.01505782,""num_orders"":2},{""price"":66410.36,""size"":0.00527009,""num_orders"":1},{""price"":66410.19,""size"":0.08,""num_orders"":2},{""price"":66410.18,""size"":0.06159777,""num_orders"":1},{""price"":66410.15,""size"":0.0187167,""num_orders"":1},{""price"":66410.14,""size"":0.0026363,""num_orders"":1},{""price"":66410.12,""size"":0.09081137,""num_orders"":1},{""price"":66410.0,""size"":0.0257,""num_orders"":1}]","[{""price"":66412.92,""size"":0.04,""num_orders"":1},{""price"":66413.12,""size"":0.08,""num_orders"":1},{""price"":66413.42,""size"":0.06,""num_orders"":2},{""price"":66413.52,""size"":1.7e-05,""num_orders"":1},{""price"":66414.25,""size"":0.015057,""num_orders"":2},{""price"":66414.97,""size"":0.04,""num_orders"":1},{""price"":66414.98,""size"":0.18127813,""num_orders"":1},{""price"":66414.99,""size"":0.15056842,""num_orders"":1},{""price"":66415.98,""size"":0.001511,""num_orders"":1},{""price"":66416.0,""size"":0.0218,""num_orders"":1}]"
btc_usd_d10_20260721T194011Z,31,2026-07-21T20:11:11.586006Z,2026-07-21T20:11:11.586142Z,BTC-USD,10,ok,,133026899305,2026-07-21T20:11:10.542383414Z,0.8176417,0.47783534,0.262302109191,66408.410000000003,66408.419999999998,66408.415000000008,0.009999999995,0.001505833258,"[{""price"":66408.41,""size"":0.41001049,""num_orders"":8},{""price"":66408.0,""size"":0.03026542,""num_orders"":2},{""price"":66407.68,""size"":0.00075291,""num_orders"":1},{""price"":66407.02,""size"":0.01505864,""num_orders"":2},{""price"":66406.36,""size"":0.00527041,""num_orders"":1},{""price"":66406.0,""size"":0.0257,""num_orders"":1},{""price"":66404.49,""size"":0.04,""num_orders"":1},{""price"":66404.48,""size"":0.19318444,""num_orders"":1},{""price"":66404.47,""size"":0.09081137,""num_orders"":1},{""price"":66404.12,""size"":0.00658802,""num_orders"":1}]","[{""price"":66408.42,""size"":0.12541374,""num_orders"":2},{""price"":66409.76,""size"":0.01505802,""num_orders"":2},{""price"":66409.96,""size"":0.00752875,""num_orders"":1},{""price"":66410.09,""size"":0.00527041,""num_orders"":1},{""price"":66411.22,""size"":0.15057698,""num_orders"":1},{""price"":66412.0,""size"":0.0257,""num_orders"":1},{""price"":66412.16,""size"":9.431e-05,""num_orders"":2},{""price"":66412.4,""size"":9.411e-05,""num_orders"":1},{""price"":66412.72,""size"":0.00809902,""num_orders"":2},{""price"":66412.75,""size"":0.14,""num_orders"":3}]"
btc_usd_d10_20260721T194011Z,32,2026-07-21T20:12:11.586006Z,2026-07-21T20:12:11.586142Z,BTC-USD,10,ok,,133026917744,2026-07-21T20:12:09.684458288Z,0.79347853,0.4912197,0.235276131734,66405.020000000004,66405.029999999999,66405.024999999994,0.009999999995,0.001505910132,"[{""price"":66405.02,""size"":0.31576578,""num_orders"":6},{""price"":66405.01,""size"":0.09225625,""num_orders"":2},{""price"":66404.0,""size"":0.0257,""num_orders"":1},{""price"":66403.69,""size"":0.0150594,""num_orders"":2},{""price"":66403.41,""size"":0.04,""num_orders"":1},{""price"":66403.4,""size"":0.09895064,""num_orders"":1},{""price"":66403.39,""size"":0.04,""num_orders"":1},{""price"":66403.38,""size"":0.12047578,""num_orders"":1},{""price"":66403.36,""size"":0.00527068,""num_orders"":1},{""price"":66403.02,""size"":0.04,""num_orders"":1}]","[{""price"":66405.03,""size"":0.05087168,""num_orders"":4},{""price"":66406.36,""size"":0.0150588,""num_orders"":2},{""price"":66406.69,""size"":0.00527068,""num_orders"":1},{""price"":66407.26,""size"":0.00021045,""num_orders"":1},{""price"":66407.96,""size"":0.24599174,""num_orders"":1},{""price"":66408.93,""size"":0.00658835,""num_orders"":1},{""price"":66409.46,""size"":0.001511,""num_orders"":1},{""price"":66409.52,""size"":0.14,""num_orders"":3},{""price"":66410.0,""size"":0.0257,""num_orders"":1},{""price"":66410.19,""size"":1.7e-05,""num_orders"":1}]"
btc_usd_d10_20260721T194011Z,33,2026-07-21T20:13:11.586006Z,2026-07-21T20:13:11.586146Z,BTC-USD,10,ok,,133026935687,2026-07-21T20:13:10.842068974Z,0.43864751,0.65665321,-0.199037301829,66405.309999999998,66405.320000000007,66405.315000000002,0.010000000009,0.001505903557,"[{""price"":66405.31,""size"":0.26488261,""num_orders"":5},{""price"":66404.0,""size"":0.02763119,""num_orders"":3},{""price"":66403.98,""size"":0.01505934,""num_orders"":2},{""price"":66403.69,""size"":0.00044907,""num_orders"":1},{""price"":66403.65,""size"":0.00527066,""num_orders"":1},{""price"":66403.36,""size"":0.00074408,""num_orders"":1},{""price"":66403.29,""size"":0.09081137,""num_orders"":1},{""price"":66402.94,""size"":0.001511,""num_orders"":1},{""price"":66402.11,""size"":0.00658819,""num_orders"":1},{""price"":66402.0,""size"":0.0257,""num_orders"":1}]","[{""price"":66405.32,""size"":0.18612312,""num_orders"":4},{""price"":66406.19,""size"":0.00208152,""num_orders"":2},{""price"":66406.2,""size"":0.001511,""num_orders"":1},{""price"":66406.65,""size"":0.01505874,""num_orders"":2},{""price"":66406.98,""size"":0.00527066,""num_orders"":1},{""price"":66407.22,""size"":0.04,""num_orders"":1},{""price"":66407.23,""size"":0.12046806,""num_orders"":1},{""price"":66407.26,""size"":0.00014837,""num_orders"":1},{""price"":66407.95,""size"":0.04,""num_orders"":1},{""price"":66407.96,""size"":0.24599174,""num_orders"":1}]"
btc_usd_d10_20260721T194011Z,34,2026-07-21T20:14:11.586006Z,2026-07-21T20:14:11.586135Z,BTC-USD,10,ok,,133026954807,2026-07-21T20:14:09.535740834Z,1.60535096,0.91447035,0.274178413865,66392.199999999997,66392.210000000006,66392.205000000002,0.010000000009,0.001506200918,"[{""price"":66392.2,""size"":0.3301501,""num_orders"":10},{""price"":66391.0,""size"":1.00136947,""num_orders"":2},{""price"":66390.87,""size"":0.01506232,""num_orders"":2},{""price"":66390.21,""size"":0.07239679,""num_orders"":2},{""price"":66390.0,""size"":0.0557,""num_orders"":2},{""price"":66389.88,""size"":0.00038077,""num_orders"":1},{""price"":66389.65,""size"":0.09081137,""num_orders"":1},{""price"":66388.0,""size"":0.0244,""num_orders"":1},{""price"":66387.22,""size"":0.01506314,""num_orders"":2},{""price"":66386.88,""size"":1.7e-05,""num_orders"":1}]","[{""price"":66392.21,""size"":0.06946833,""num_orders"":3},{""price"":66392.3,""size"":0.12049591,""num_orders"":1},{""price"":66393.53,""size"":0.04,""num_orders"":1},{""price"":66393.54,""size"":0.0150617,""num_orders"":2},{""price"":66393.67,""size"":0.04,""num_orders"":1},{""price"":66393.68,""size"":0.25800167,""num_orders"":1},{""price"":66393.97,""size"":0.12576461,""num_orders"":2},{""price"":66394.0,""size"":0.0244,""num_orders"":1},{""price"":66396.18,""size"":0.04,""num_orders"":1},{""price"":66396.19,""size"":0.18127813,""num_orders"":1}]"
btc_usd_d10_20260721T194011Z,35,2026-07-21T20:15:11.586006Z,2026-07-21T20:15:11.586156Z,BTC-USD,10,ok,,133026976988,2026-07-21T20:15:10.103058844Z,0.53675372,0.71992389,-0.145757486679,66370.809999999998,66370.820000000007,66370.815000000002,0.010000000009,0.001506686336,"[{""price"":66370.81,""size"":0.45190169,""num_orders"":10},{""price"":66370.23,""size"":0.0020595,""num_orders"":2},{""price"":66369.21,""size"":1.537e-05,""num_orders"":1},{""price"":66368.0,""size"":0.0001042,""num_orders"":1},{""price"":66367.08,""size"":0.001511,""num_orders"":1},{""price"":66366.9,""size"":1.7e-05,""num_orders"":1},{""price"":66366.0,""size"":0.0257,""num_orders"":1},{""price"":66365.83,""size"":0.015068,""num_orders"":2},{""price"":66365.51,""size"":0.04,""num_orders"":1},{""price"":66365.5,""size"":0.00037696,""num_orders"":1}]","[{""price"":66370.82,""size"":0.12879524,""num_orders"":5},{""price"":66372.31,""size"":0.04,""num_orders"":1},{""price"":66372.32,""size"":0.171,""num_orders"":1},{""price"":66372.48,""size"":0.0052734,""num_orders"":1},{""price"":66372.9,""size"":0.06,""num_orders"":2},{""price"":66373.47,""size"":0.04,""num_orders"":1},{""price"":66373.48,""size"":0.09081137,""num_orders"":1},{""price"":66373.49,""size"":0.00753307,""num_orders"":1},{""price"":66373.55,""size"":0.15066244,""num_orders"":1},{""price"":66374.0,""size"":0.02584837,""num_orders"":2}]"
btc_usd_d10_20260721T194011Z,36,2026-07-21T20:16:11.586006Z,2026-07-21T20:16:11.586143Z,BTC-USD,10,ok,,133027000775,2026-07-21T20:16:09.677592891Z,0.56281032,0.43106699,0.1325549227,66359.119999999995,66359.130000000005,66359.125,0.010000000009,0.001506951758,"[{""price"":66359.12,""size"":0.31835091,""num_orders"":7},{""price"":66357.79,""size"":0.01689653,""num_orders"":4},{""price"":66357.46,""size"":0.00527433,""num_orders"":1},{""price"":66356.92,""size"":0.00048422,""num_orders"":3},{""price"":66356.14,""size"":0.03,""num_orders"":1},{""price"":66356.12,""size"":0.03,""num_orders"":1},{""price"":66356.0,""size"":0.0244,""num_orders"":1},{""price"":66354.68,""size"":0.00659296,""num_orders"":1},{""price"":66354.28,""size"":0.04,""num_orders"":1},{""price"":66354.27,""size"":0.09081137,""num_orders"":1}]","[{""price"":66359.13,""size"":0.10619431,""num_orders"":3},{""price"":66359.99,""size"":0.12055458,""num_orders"":1},{""price"":66360.46,""size"":0.01506922,""num_orders"":2},{""price"":66360.56,""size"":0.001511,""num_orders"":1},{""price"":66360.74,""size"":0.12055321,""num_orders"":1},{""price"":66360.79,""size"":0.00527433,""num_orders"":1},{""price"":66361.57,""size"":0.023382,""num_orders"":1},{""price"":66362.0,""size"":0.0244,""num_orders"":1},{""price"":66362.49,""size"":0.00659296,""num_orders"":1},{""price"":66362.68,""size"":0.00753538,""num_orders"":1}]"
btc_usd_d10_20260721T194011Z,37,2026-07-21T20:17:11.586006Z,2026-07-21T20:17:11.586135Z,BTC-USD,10,ok,,133027020321,2026-07-21T20:17:10.618923433Z,0.53332852,0.54939258,-0.014836747894,66355.089999999997,66355.100000000006,66355.095000000001,0.010000000009,0.001507043281,"[{""price"":66355.09,""size"":0.28885772,""num_orders"":5},{""price"":66354.04,""size"":0.001511,""num_orders"":1},{""price"":66354.0,""size"":0.02466765,""num_orders"":2},{""price"":66353.76,""size"":0.01514473,""num_orders"":3},{""price"":66353.43,""size"":0.00527465,""num_orders"":1},{""price"":66352.01,""size"":0.04,""num_orders"":1},{""price"":66352.0,""size"":0.0232,""num_orders"":1},{""price"":66351.58,""size"":0.08807946,""num_orders"":2},{""price"":66351.19,""size"":0.00659331,""num_orders"":1},{""price"":66350.85,""size"":0.04,""num_orders"":1}]","[{""price"":66355.1,""size"":0.15584848,""num_orders"":5},{""price"":66355.56,""size"":0.14,""num_orders"":3},{""price"":66355.76,""size"":0.00753501,""num_orders"":1},{""price"":66356.43,""size"":0.01507012,""num_orders"":2},{""price"":66356.76,""size"":0.00527465,""num_orders"":1},{""price"":66356.95,""size"":0.00094494,""num_orders"":2},{""price"":66357.3,""size"":0.001511,""num_orders"":1},{""price"":66357.99,""size"":0.09081137,""num_orders"":1},{""price"":66358.0,""size"":0.0244,""num_orders"":1},{""price"":66358.08,""size"":0.10799701,""num_orders"":1}]"
btc_usd_d10_20260721T194011Z,38,2026-07-21T20:18:11.586006Z,2026-07-21T20:18:11.586146Z,BTC-USD,10,ok,,133027042719,2026-07-21T20:18:08.844952480Z,0.77557275,0.57140264,0.151576718859,66365.860000000001,66365.869999999995,66365.864999999991,0.009999999995,0.001506798713,"[{""price"":66365.86,""size"":0.31167103,""num_orders"":7},{""price"":66364.57,""size"":0.04380385,""num_orders"":2},{""price"":66364.56,""size"":0.14735727,""num_orders"":1},{""price"":66364.54,""size"":0.12081137,""num_orders"":2},{""price"":66364.53,""size"":0.0150683,""num_orders"":2},{""price"":66364.52,""size"":0.03,""num_orders"":1},{""price"":66364.2,""size"":0.00527379,""num_orders"":1},{""price"":66364.0,""size"":0.0244,""num_orders"":1},{""price"":66363.82,""size"":0.001511,""num_orders"":1},{""price"":66363.57,""size"":0.07567614,""num_orders"":1}]","[{""price"":66365.87,""size"":0.1922449,""num_orders"":5},{""price"":66367.08,""size"":0.001511,""num_orders"":1},{""price"":66367.2,""size"":0.01506768,""num_orders"":2},{""price"":66367.53,""size"":0.00527379,""num_orders"":1},{""price"":66367.61,""size"":0.12054073,""num_orders"":1},{""price"":66368.0,""size"":0.0244,""num_orders"":1},{""price"":66369.77,""size"":0.00659224,""num_orders"":1},{""price"":66369.85,""size"":9.417e-05,""num_orders"":1},{""price"":66369.99,""size"":0.18127813,""num_orders"":1},{""price"":66370.0,""size"":0.0244,""num_orders"":1}]"
btc_usd_d10_20260721T194011Z,39,2026-07-21T20:19:11.586006Z,2026-07-21T20:19:11.586142Z,BTC-USD,10,ok,,133027063525,2026-07-21T20:19:09.826654194Z,0.50315135,0.50914399,-0.00591985339,66363.570000000007,66363.580000000002,66363.575000000012,0.009999999995,0.001506850708,"[{""price"":66363.57,""size"":0.26670881,""num_orders"":5},{""price"":66363.55,""size"":2.977e-05,""num_orders"":1},{""price"":66362.24,""size"":0.01506882,""num_orders"":2},{""price"":66360.56,""size"":0.001511,""num_orders"":1},{""price"":66360.24,""size"":1.7e-05,""num_orders"":1},{""price"":66360.0,""size"":0.0357,""num_orders"":2},{""price"":66358.59,""size"":0.01506964,""num_orders"":2},{""price"":66358.02,""size"":0.04,""num_orders"":1},{""price"":66358.01,""size"":0.10334631,""num_orders"":1},{""price"":66358.0,""size"":0.0257,""num_orders"":1}]","[{""price"":66363.58,""size"":0.19280578,""num_orders"":10},{""price"":66363.92,""size"":0.09081137,""num_orders"":1},{""price"":66364.0,""size"":0.0257,""num_orders"":1},{""price"":66364.71,""size"":0.00180775,""num_orders"":1},{""price"":66364.91,""size"":0.0150682,""num_orders"":2},{""price"":66364.94,""size"":0.03767692,""num_orders"":1},{""price"":66365.24,""size"":0.00527397,""num_orders"":1},{""price"":66365.88,""size"":0.04,""num_orders"":1},{""price"":66365.89,""size"":0.06,""num_orders"":2},{""price"":66365.98,""size"":0.04,""num_orders"":1}]"
btc_usd_d10_20260721T194011Z,40,2026-07-21T20:20:11.586006Z,2026-07-21T20:20:11.586141Z,BTC-USD,10,ok,,133027082744,2026-07-21T20:20:09.322407653Z,2.28357839,0.31991092,0.754244491213,66360.240000000005,66360.25,66360.244999999995,0.009999999995,0.001506926322,"[{""price"":66360.24,""size"":0.05014853,""num_orders"":5},{""price"":66360.02,""size"":0.06991029,""num_orders"":1},{""price"":66360.01,""size"":0.09081137,""num_orders"":1},{""price"":66360.0,""size"":1.0244,""num_orders"":2},{""price"":66359.55,""size"":0.00075346,""num_orders"":1},{""price"":66359.05,""size"":0.01506954,""num_orders"":2},{""price"":66359.0,""size"":1.0,""num_orders"":1},{""price"":66358.72,""size"":0.0052742,""num_orders"":1},{""price"":66358.0,""size"":0.0257,""num_orders"":1},{""price"":66357.3,""size"":0.001511,""num_orders"":1}]","[{""price"":66360.25,""size"":0.07168557,""num_orders"":8},{""price"":66360.4,""size"":0.04025406,""num_orders"":9},{""price"":66360.66,""size"":0.12055336,""num_orders"":1},{""price"":66361.73,""size"":0.01506892,""num_orders"":2},{""price"":66362.06,""size"":0.00527423,""num_orders"":1},{""price"":66362.19,""size"":0.00115699,""num_orders"":1},{""price"":66362.24,""size"":6.79e-06,""num_orders"":1},{""price"":66363.82,""size"":0.001511,""num_orders"":1},{""price"":66363.99,""size"":0.04,""num_orders"":1},{""price"":66364.0,""size"":0.0244,""num_orders"":1}]"
btc_usd_d10_20260721T194011Z,41,2026-07-21T20:21:11.586006Z,2026-07-21T20:21:11.586147Z,BTC-USD,10,ok,,133027102063,2026-07-21T20:21:10.103906004Z,0.64103147,0.38153471,0.253770137401,66360.639999999999,66360.649999999994,66360.64499999999,0.009999999995,0.001506917239,"[{""price"":66360.64,""size"":0.06622405,""num_orders"":3},{""price"":66360.39,""size"":0.24477979,""num_orders"":1},{""price"":66360.38,""size"":0.09081136,""num_orders"":1},{""price"":66360.29,""size"":0.00075345,""num_orders"":1},{""price"":66360.0,""size"":0.0257,""num_orders"":1},{""price"":66359.14,""size"":0.01512553,""num_orders"":3},{""price"":66358.59,""size"":0.00527422,""num_orders"":1},{""price"":66358.21,""size"":0.09081137,""num_orders"":1},{""price"":66358.0,""size"":0.0257,""num_orders"":1},{""price"":66357.13,""size"":0.0758517,""num_orders"":2}]","[{""price"":66360.65,""size"":0.1217898,""num_orders"":9},{""price"":66361.05,""size"":0.00115807,""num_orders"":1},{""price"":66361.97,""size"":0.01506888,""num_orders"":2},{""price"":66362.12,""size"":0.00753495,""num_orders"":1},{""price"":66362.24,""size"":6.79e-06,""num_orders"":1},{""price"":66362.39,""size"":0.00527422,""num_orders"":1},{""price"":66363.56,""size"":0.04,""num_orders"":1},{""price"":66363.57,""size"":1.7e-05,""num_orders"":1},{""price"":66363.6,""size"":0.04,""num_orders"":1},{""price"":66363.61,""size"":0.150685,""num_orders"":1}]"
btc_usd_d10_20260721T194011Z,42,2026-07-21T20:22:11.586006Z,2026-07-21T20:22:11.586154Z,BTC-USD,10,ok,,133027125722,2026-07-21T20:22:10.563208707Z,2.31640954,1.05668326,0.373463273824,66343.600000000006,66343.610000000001,66343.60500000001,0.009999999995,0.001507304283,"[{""price"":66343.6,""size"":0.02507038,""num_orders"":2},{""price"":66343.46,""size"":0.09081137,""num_orders"":1},{""price"":66343.01,""size"":0.62459605,""num_orders"":1},{""price"":66343.0,""size"":1.0,""num_orders"":1},{""price"":66342.11,""size"":0.01507338,""num_orders"":2},{""price"":66342.0,""size"":0.0257,""num_orders"":1},{""price"":66341.95,""size"":0.00527556,""num_orders"":1},{""price"":66341.63,""size"":0.0001756,""num_orders"":1},{""price"":66340.24,""size"":0.34842907,""num_orders"":1},{""price"":66340.23,""size"":0.18127813,""num_orders"":1}]","[{""price"":66343.61,""size"":0.87437986,""num_orders"":3},{""price"":66343.62,""size"":0.00030806,""num_orders"":2},{""price"":66343.78,""size"":0.00121493,""num_orders"":1},{""price"":66343.89,""size"":0.12058383,""num_orders"":1},{""price"":66344.95,""size"":0.01507274,""num_orders"":2},{""price"":66345.27,""size"":0.00527557,""num_orders"":1},{""price"":66346.92,""size"":1.7e-05,""num_orders"":1},{""price"":66346.99,""size"":0.00659457,""num_orders"":1},{""price"":66347.92,""size"":0.0075367,""num_orders"":1},{""price"":66348.0,""size"":0.0257,""num_orders"":1}]"
btc_usd_d10_20260721T194011Z,43,2026-07-21T20:23:11.586006Z,2026-07-21T20:23:11.586149Z,BTC-USD,10,ok,,133027146137,2026-07-21T20:23:09.544130Z,0.80328012,1.25066836,-0.21781862805,66341.300000000003,66341.309999999998,66341.304999999993,0.009999999995,0.00150735654,"[{""price"":66341.3,""size"":0.06021849,""num_orders"":4},{""price"":66339.97,""size"":0.01507386,""num_orders"":2},{""price"":66338.0,""size"":0.0257,""num_orders"":1},{""price"":66337.34,""size"":0.09939304,""num_orders"":1},{""price"":66337.33,""size"":0.16648751,""num_orders"":2},{""price"":66336.0,""size"":0.0257,""num_orders"":1},{""price"":66335.02,""size"":0.04,""num_orders"":1},{""price"":66335.01,""size"":0.15101139,""num_orders"":1},{""price"":66335.0,""size"":0.0384177,""num_orders"":1},{""price"":66334.53,""size"":0.18127813,""num_orders"":1}]","[{""price"":66341.31,""size"":0.16712506,""num_orders"":5},{""price"":66342.0,""size"":0.0257,""num_orders"":1},{""price"":66342.25,""size"":0.1507335,""num_orders"":1},{""price"":66342.49,""size"":0.03769065,""num_orders"":1},{""price"":66342.64,""size"":0.01507326,""num_orders"":2},{""price"":66342.97,""size"":0.00527574,""num_orders"":1},{""price"":66343.59,""size"":1.7e-05,""num_orders"":1},{""price"":66343.6,""size"":0.04,""num_orders"":1},{""price"":66343.61,""size"":0.80874509,""num_orders"":1},{""price"":66343.62,""size"":0.00030806,""num_orders"":2}]"
btc_usd_d10_20260721T194011Z,44,2026-07-21T20:24:11.586006Z,2026-07-21T20:24:11.586153Z,BTC-USD,10,ok,,133027170395,2026-07-21T20:24:09.534489473Z,0.61476475,0.75057756,-0.099471618952,66336.320000000007,66336.330000000002,66336.325000000012,0.009999999995,0.0015074697,"[{""price"":66336.32,""size"":0.09889083,""num_orders"":3},{""price"":66335.92,""size"":0.00094736,""num_orders"":1},{""price"":66334.99,""size"":0.015075,""num_orders"":2},{""price"":66334.93,""size"":0.08517963,""num_orders"":1},{""price"":66334.92,""size"":0.02616807,""num_orders"":2},{""price"":66334.66,""size"":0.00527614,""num_orders"":1},{""price"":66334.3,""size"":0.09081137,""num_orders"":1},{""price"":66334.0,""size"":0.0257,""num_orders"":1},{""price"":66333.47,""size"":0.07567614,""num_orders"":1},{""price"":66333.45,""size"":0.19104021,""num_orders"":2}]","[{""price"":66336.33,""size"":0.3651248,""num_orders"":6},{""price"":66337.27,""size"":0.12059585,""num_orders"":1},{""price"":66337.66,""size"":0.0150744,""num_orders"":2},{""price"":66338.0,""size"":0.0257,""num_orders"":1},{""price"":66338.2,""size"":0.037692,""num_orders"":1},{""price"":66338.93,""size"":0.12059284,""num_orders"":1},{""price"":66340.0,""size"":0.0257,""num_orders"":1},{""price"":66340.26,""size"":3.46e-06,""num_orders"":1},{""price"":66341.25,""size"":0.04,""num_orders"":1},{""price"":66341.26,""size"":9.421e-05,""num_orders"":1}]"
btc_usd_d10_20260721T194011Z,45,2026-07-21T20:25:11.586006Z,2026-07-21T20:25:11.586135Z,BTC-USD,10,ok,,133027200473,2026-07-21T20:25:09.601497891Z,4.41810979,0.42673066,0.823841191716,66343,66343.009999999995,66343.005000000005,0.009999999995,0.001507317915,"[{""price"":66343.0,""size"":1.06522273,""num_orders"":5},{""price"":66342.44,""size"":0.03,""num_orders"":1},{""price"":66342.42,""size"":0.03,""num_orders"":1},{""price"":66342.13,""size"":0.00090522,""num_orders"":1},{""price"":66342.01,""size"":1.23101051,""num_orders"":1},{""price"":66342.0,""size"":1.05530159,""num_orders"":4},{""price"":66341.96,""size"":0.00037713,""num_orders"":1},{""price"":66341.34,""size"":0.00527561,""num_orders"":1},{""price"":66341.0,""size"":1.0,""num_orders"":1},{""price"":66340.26,""size"":1.7e-05,""num_orders"":1}]","[{""price"":66343.01,""size"":0.02838079,""num_orders"":1},{""price"":66344.33,""size"":0.0573,""num_orders"":1},{""price"":66344.34,""size"":0.06506158,""num_orders"":2},{""price"":66344.37,""size"":0.12058295,""num_orders"":1},{""price"":66345.0,""size"":0.00207539,""num_orders"":1},{""price"":66345.83,""size"":0.00753575,""num_orders"":1},{""price"":66346.0,""size"":0.0257,""num_orders"":1},{""price"":66346.98,""size"":0.04,""num_orders"":1},{""price"":66346.99,""size"":9.42e-05,""num_orders"":1},{""price"":66347.11,""size"":0.08,""num_orders"":2}]"
btc_usd_d10_20260721T194011Z,46,2026-07-21T20:26:11.586006Z,2026-07-21T20:26:11.586145Z,BTC-USD,10,ok,,133027226694,2026-07-21T20:26:09.627431332Z,1.14306875,0.46909449,0.418055841541,66349.529999999999,66349.539999999994,66349.535000000003,0.009999999995,0.001507169567,"[{""price"":66349.53,""size"":0.05338439,""num_orders"":2},{""price"":66349.49,""size"":0.00753585,""num_orders"":1},{""price"":66347.52,""size"":0.001511,""num_orders"":1},{""price"":66346.92,""size"":1.7e-05,""num_orders"":1},{""price"":66346.13,""size"":0.77132001,""num_orders"":2},{""price"":66346.0,""size"":0.0257,""num_orders"":1},{""price"":66345.0,""size"":0.01,""num_orders"":1},{""price"":66344.52,""size"":0.09081137,""num_orders"":1},{""price"":66344.26,""size"":0.001511,""num_orders"":1},{""price"":66344.02,""size"":0.18127813,""num_orders"":1}]","[{""price"":66349.54,""size"":0.06298378,""num_orders"":2},{""price"":66350.0,""size"":0.0257,""num_orders"":1},{""price"":66351.14,""size"":0.07243619,""num_orders"":2},{""price"":66352.0,""size"":0.0257,""num_orders"":1},{""price"":66352.8,""size"":0.00527502,""num_orders"":1},{""price"":66352.85,""size"":0.07567614,""num_orders"":1},{""price"":66353.45,""size"":0.09081137,""num_orders"":1},{""price"":66354.0,""size"":0.0257,""num_orders"":1},{""price"":66355.04,""size"":0.00659378,""num_orders"":1},{""price"":66355.71,""size"":0.07821821,""num_orders"":1}]"
btc_usd_d10_20260721T194011Z,47,2026-07-21T20:27:11.586006Z,2026-07-21T20:27:11.586144Z,BTC-USD,10,ok,,133027262003,2026-07-21T20:27:09.101550695Z,3.36151208,0.27950597,0.846468231598,66356.809999999998,66356.820000000007,66356.815000000002,0.010000000009,0.001507004218,"[{""price"":66356.81,""size"":0.08973246,""num_orders"":2},{""price"":66356.01,""size"":1.10181184,""num_orders"":2},{""price"":66356.0,""size"":1.0257,""num_orders"":2},{""price"":66355.48,""size"":0.01507034,""num_orders"":2},{""price"":66355.25,""size"":0.00081843,""num_orders"":1},{""price"":66355.15,""size"":0.00527451,""num_orders"":1},{""price"":66355.0,""size"":1.0,""num_orders"":1},{""price"":66354.5,""size"":0.09081137,""num_orders"":1},{""price"":66354.0,""size"":0.0257,""num_orders"":1},{""price"":66353.0,""size"":0.00659313,""num_orders"":1}]","[{""price"":66356.82,""size"":0.06,""num_orders"":2},{""price"":66356.91,""size"":0.00025816,""num_orders"":3},{""price"":66358.24,""size"":0.01506972,""num_orders"":2},{""price"":66358.86,""size"":0.12055662,""num_orders"":1},{""price"":66358.91,""size"":0.00499372,""num_orders"":1},{""price"":66360.24,""size"":1.7e-05,""num_orders"":1},{""price"":66360.56,""size"":0.001511,""num_orders"":1},{""price"":66360.8,""size"":9.418e-05,""num_orders"":1},{""price"":66361.26,""size"":0.03700557,""num_orders"":1},{""price"":66361.78,""size"":0.04,""num_orders"":1}]"
btc_usd_d10_20260721T194011Z,48,2026-07-21T20:28:11.586006Z,2026-07-21T20:28:11.586135Z,BTC-USD,10,ok,,133027290494,2026-07-21T20:28:09.601466484Z,4.34363194,0.26728687,0.884063510544,66358.899999999994,66358.910000000003,66358.904999999999,0.010000000009,0.001506956754,"[{""price"":66358.9,""size"":0.83752471,""num_orders"":9},{""price"":66358.57,""size"":0.12055714,""num_orders"":1},{""price"":66358.21,""size"":1.16868133,""num_orders"":2},{""price"":66358.2,""size"":0.05,""num_orders"":1},{""price"":66358.0,""size"":1.0257,""num_orders"":2},{""price"":66357.57,""size"":0.01506988,""num_orders"":2},{""price"":66357.24,""size"":0.00527434,""num_orders"":1},{""price"":66357.0,""size"":1.0,""num_orders"":1},{""price"":66356.38,""size"":0.12056112,""num_orders"":1},{""price"":66356.28,""size"":0.00026342,""num_orders"":1}]","[{""price"":66358.91,""size"":0.00381876,""num_orders"":3},{""price"":66360.24,""size"":0.01508626,""num_orders"":3},{""price"":66360.56,""size"":0.001511,""num_orders"":1},{""price"":66362.04,""size"":0.03767761,""num_orders"":1},{""price"":66362.09,""size"":0.0075347,""num_orders"":1},{""price"":66362.89,""size"":9.418e-05,""num_orders"":1},{""price"":66363.01,""size"":0.04099941,""num_orders"":1},{""price"":66363.08,""size"":0.03999928,""num_orders"":1},{""price"":66363.24,""size"":0.12054867,""num_orders"":1},{""price"":66363.57,""size"":1.7e-05,""num_orders"":1}]"
btc_usd_d10_20260721T194011Z,49,2026-07-21T20:29:11.586006Z,2026-07-21T20:29:11.586139Z,BTC-USD,10,ok,,133027323107,2026-07-21T20:29:10.547005300Z,3.21388995,0.29745686,0.830573921577,66356.899999999994,66356.910000000003,66356.904999999999,0.010000000009,0.001507002174,"[{""price"":66356.9,""size"":0.67613403,""num_orders"":7},{""price"":66356.88,""size"":0.03,""num_orders"":1},{""price"":66356.69,""size"":0.12056055,""num_orders"":1},{""price"":66356.45,""size"":0.00092157,""num_orders"":1},{""price"":66356.03,""size"":0.09081137,""num_orders"":1},{""price"":66356.02,""size"":1.17374147,""num_orders"":1},{""price"":66356.01,""size"":0.07567614,""num_orders"":1},{""price"":66356.0,""size"":1.0257,""num_orders"":2},{""price"":66355.55,""size"":0.01507032,""num_orders"":2},{""price"":66355.22,""size"":0.0052745,""num_orders"":1}]","[{""price"":66356.91,""size"":0.00024264,""num_orders"":3},{""price"":66358.92,""size"":0.01506956,""num_orders"":2},{""price"":66360.24,""size"":1.7e-05,""num_orders"":1},{""price"":66360.48,""size"":0.00753677,""num_orders"":1},{""price"":66360.89,""size"":9.418e-05,""num_orders"":1},{""price"":66361.89,""size"":0.01544562,""num_orders"":2},{""price"":66362.22,""size"":9.418e-05,""num_orders"":1},{""price"":66362.25,""size"":0.04,""num_orders"":1},{""price"":66362.26,""size"":0.18127813,""num_orders"":1},{""price"":66362.27,""size"":0.03767878,""num_orders"":1}]"
btc_usd_d10_20260721T194011Z,50,2026-07-21T20:30:11.586006Z,2026-07-21T20:30:11.586138Z,BTC-USD,10,ok,,133027346017,2026-07-21T20:30:10.631255691Z,6.27089788,0.50198522,0.851766164398,66380.020000000004,66380.029999999999,66380.024999999994,0.009999999995,0.001506477287,"[{""price"":66380.02,""size"":0.09081137,""num_orders"":1},{""price"":66380.01,""size"":1.21531016,""num_orders"":1},{""price"":66380.0,""size"":1.0,""num_orders"":1},{""price"":66379.0,""size"":1.0,""num_orders"":1},{""price"":66378.55,""size"":0.00527265,""num_orders"":1},{""price"":66378.0,""size"":0.0256321,""num_orders"":2},{""price"":66376.31,""size"":0.00659081,""num_orders"":1},{""price"":66376.03,""size"":0.09081137,""num_orders"":1},{""price"":66376.01,""size"":1.81076942,""num_orders"":2},{""price"":66376.0,""size"":1.0257,""num_orders"":2}]","[{""price"":66380.03,""size"":0.0253,""num_orders"":1},{""price"":66380.2,""size"":0.12051786,""num_orders"":1},{""price"":66380.21,""size"":0.09336425,""num_orders"":2},{""price"":66380.22,""size"":1.7e-05,""num_orders"":1},{""price"":66382.65,""size"":0.04,""num_orders"":1},{""price"":66382.66,""size"":0.01061683,""num_orders"":1},{""price"":66382.67,""size"":0.06,""num_orders"":2},{""price"":66382.87,""size"":0.15064128,""num_orders"":1},{""price"":66383.38,""size"":0.001511,""num_orders"":1},{""price"":66383.55,""size"":1.7e-05,""num_orders"":1}]"
btc_usd_d10_20260721T194011Z,51,2026-07-21T20:31:11.586006Z,2026-07-21T20:31:11.586155Z,BTC-USD,10,ok,,133027371459,2026-07-21T20:31:10.035205537Z,4.11049325,0.5135416,0.77788160485,66380.020000000004,66380.029999999999,66380.024999999994,0.009999999995,0.001506477287,"[{""price"":66380.02,""size"":0.35781968,""num_orders"":6},{""price"":66380.01,""size"":1.40809309,""num_orders"":3},{""price"":66380.0,""size"":1.0257,""num_orders"":2},{""price"":66379.01,""size"":0.09081137,""num_orders"":1},{""price"":66379.0,""size"":1.0,""num_orders"":1},{""price"":66378.69,""size"":0.01506508,""num_orders"":2},{""price"":66378.36,""size"":0.00527267,""num_orders"":1},{""price"":66378.32,""size"":0.00075323,""num_orders"":1},{""price"":66378.02,""size"":0.18127813,""num_orders"":1},{""price"":66378.0,""size"":0.0257,""num_orders"":1}]","[{""price"":66380.03,""size"":0.11751608,""num_orders"":6},{""price"":66381.36,""size"":0.01506446,""num_orders"":2},{""price"":66381.69,""size"":0.00527267,""num_orders"":1},{""price"":66382.18,""size"":0.12051428,""num_orders"":1},{""price"":66383.38,""size"":0.001511,""num_orders"":1},{""price"":66383.93,""size"":0.00659083,""num_orders"":1},{""price"":66384.0,""size"":0.0257,""num_orders"":1},{""price"":66384.34,""size"":9.415e-05,""num_orders"":1},{""price"":66384.93,""size"":0.04,""num_orders"":1},{""price"":66384.94,""size"":0.18127813,""num_orders"":1}]"
btc_usd_d10_20260721T194011Z,52,2026-07-21T20:32:11.586006Z,2026-07-21T20:32:11.586145Z,BTC-USD,10,ok,,133027394424,2026-07-21T20:32:10.545850562Z,2.20600353,0.77123261,0.481913712091,66384.880000000005,66384.889999999999,66384.885000000009,0.009999999995,0.001506366998,"[{""price"":66384.88,""size"":0.03544762,""num_orders"":3},{""price"":66384.0,""size"":1.02575846,""num_orders"":3},{""price"":66383.55,""size"":0.01506398,""num_orders"":2},{""price"":66383.19,""size"":0.00527228,""num_orders"":1},{""price"":66383.01,""size"":0.09081137,""num_orders"":1},{""price"":66383.0,""size"":1.0,""num_orders"":1},{""price"":66382.0,""size"":0.02569999,""num_orders"":1},{""price"":66381.97,""size"":0.00134249,""num_orders"":1},{""price"":66380.22,""size"":1.7e-05,""num_orders"":1},{""price"":66380.12,""size"":0.00659034,""num_orders"":1}]","[{""price"":66384.89,""size"":0.11578839,""num_orders"":7},{""price"":66384.94,""size"":0.12050926,""num_orders"":1},{""price"":66386.22,""size"":0.01506336,""num_orders"":2},{""price"":66386.55,""size"":0.00527228,""num_orders"":1},{""price"":66386.71,""size"":0.02,""num_orders"":1},{""price"":66387.03,""size"":0.04,""num_orders"":1},{""price"":66387.04,""size"":0.28049715,""num_orders"":1},{""price"":66387.05,""size"":0.12050544,""num_orders"":1},{""price"":66388.79,""size"":0.00659035,""num_orders"":1},{""price"":66388.86,""size"":0.04700638,""num_orders"":1}]"
btc_usd_d10_20260721T194011Z,53,2026-07-21T20:33:11.586006Z,2026-07-21T20:33:11.586144Z,BTC-USD,10,ok,,133027413230,2026-07-21T20:33:09.545555019Z,3.8609427,0.49886258,0.771153733728,66393.529999999999,66393.539999999994,66393.535000000003,0.009999999995,0.001506170743,"[{""price"":66393.53,""size"":0.37415504,""num_orders"":5},{""price"":66393.52,""size"":0.03,""num_orders"":1},{""price"":66393.5,""size"":0.03,""num_orders"":1},{""price"":66393.02,""size"":0.09081137,""num_orders"":1},{""price"":66393.01,""size"":1.28918955,""num_orders"":1},{""price"":66393.0,""size"":1.0,""num_orders"":1},{""price"":66392.01,""size"":0.00075308,""num_orders"":1},{""price"":66392.0,""size"":1.0257,""num_orders"":2},{""price"":66391.94,""size"":0.01506206,""num_orders"":2},{""price"":66391.6,""size"":0.0052716,""num_orders"":1}]","[{""price"":66393.54,""size"":0.12216342,""num_orders"":5},{""price"":66394.87,""size"":0.0150614,""num_orders"":2},{""price"":66396.76,""size"":2.26e-05,""num_orders"":1},{""price"":66396.87,""size"":1.7e-05,""num_orders"":1},{""price"":66396.93,""size"":0.00753204,""num_orders"":1},{""price"":66397.33,""size"":0.15060848,""num_orders"":1},{""price"":66397.52,""size"":9.413e-05,""num_orders"":1},{""price"":66398.0,""size"":0.0257,""num_orders"":1},{""price"":66398.16,""size"":0.14,""num_orders"":3},{""price"":66398.2,""size"":0.03766351,""num_orders"":1}]"
btc_usd_d10_20260721T194011Z,54,2026-07-21T20:34:11.586006Z,2026-07-21T20:34:11.586158Z,BTC-USD,10,ok,,133027437191,2026-07-21T20:34:09.063075221Z,5.25420446,0.94661317,0.694681177069,66382,66382.009999999995,66382.005000000005,0.009999999995,0.001506432352,"[{""price"":66382.0,""size"":0.05791146,""num_orders"":4},{""price"":66381.02,""size"":0.04,""num_orders"":1},{""price"":66381.01,""size"":0.64538256,""num_orders"":1},{""price"":66381.0,""size"":1.0,""num_orders"":1},{""price"":66380.67,""size"":0.01506462,""num_orders"":2},{""price"":66380.02,""size"":0.18127813,""num_orders"":1},{""price"":66380.01,""size"":1.26316769,""num_orders"":1},{""price"":66380.0,""size"":1.0257,""num_orders"":2},{""price"":66379.0,""size"":1.0,""num_orders"":1},{""price"":66378.0,""size"":0.0257,""num_orders"":1}]","[{""price"":66382.01,""size"":0.20224247,""num_orders"":6},{""price"":66382.93,""size"":0.03766458,""num_orders"":1},{""price"":66383.34,""size"":0.01506402,""num_orders"":2},{""price"":66383.67,""size"":0.00527251,""num_orders"":1},{""price"":66384.85,""size"":0.22623247,""num_orders"":2},{""price"":66384.86,""size"":0.14,""num_orders"":3},{""price"":66385.34,""size"":0.05299223,""num_orders"":1},{""price"":66385.99,""size"":0.09081137,""num_orders"":1},{""price"":66386.0,""size"":0.0257,""num_orders"":1},{""price"":66386.29,""size"":0.15063352,""num_orders"":1}]"
btc_usd_d10_20260721T194011Z,55,2026-07-21T20:35:11.586006Z,2026-07-21T20:35:11.586123Z,BTC-USD,10,ok,,133027461023,2026-07-21T20:35:10.174920849Z,5.28035237,0.22700273,0.917563793916,66413.509999999995,66413.520000000004,66413.514999999999,0.010000000009,0.001505717625,"[{""price"":66413.51,""size"":0.70802632,""num_orders"":10},{""price"":66413.44,""size"":0.00075285,""num_orders"":1},{""price"":66413.03,""size"":0.04,""num_orders"":1},{""price"":66413.02,""size"":0.13081137,""num_orders"":2},{""price"":66413.01,""size"":2.35302352,""num_orders"":2},{""price"":66413.0,""size"":1.0,""num_orders"":1},{""price"":66412.72,""size"":0.001511,""num_orders"":1},{""price"":66412.18,""size"":0.0152573,""num_orders"":3},{""price"":66412.0,""size"":1.0257,""num_orders"":2},{""price"":66411.85,""size"":0.00527001,""num_orders"":1}]","[{""price"":66413.52,""size"":0.05155152,""num_orders"":4},{""price"":66414.85,""size"":0.01505688,""num_orders"":2},{""price"":66415.98,""size"":0.001511,""num_orders"":1},{""price"":66416.85,""size"":1.7e-05,""num_orders"":1},{""price"":66417.31,""size"":0.00499994,""num_orders"":1},{""price"":66417.5,""size"":9.41e-05,""num_orders"":1},{""price"":66417.51,""size"":0.12045017,""num_orders"":1},{""price"":66418.0,""size"":0.0257,""num_orders"":1},{""price"":66418.5,""size"":0.00752802,""num_orders"":1},{""price"":66418.83,""size"":9.41e-05,""num_orders"":1}]"
btc_usd_d10_20260721T194011Z,56,2026-07-21T20:36:11.586006Z,2026-07-21T20:36:11.586143Z,BTC-USD,10,ok,,133027485751,2026-07-21T20:36:11.104987335Z,0.91242337,0.30697649,0.49651217772,66417.669999999998,66417.679999999993,66417.674999999988,0.009999999995,0.001505623314,"[{""price"":66417.67,""size"":0.14264702,""num_orders"":7},{""price"":66417.07,""size"":0.04,""num_orders"":1},{""price"":66417.06,""size"":0.32124477,""num_orders"":1},{""price"":66416.68,""size"":0.09081137,""num_orders"":1},{""price"":66416.34,""size"":0.01505654,""num_orders"":2},{""price"":66416.33,""size"":0.1204523,""num_orders"":1},{""price"":66416.0,""size"":0.0257,""num_orders"":1},{""price"":66414.15,""size"":0.04,""num_orders"":1},{""price"":66414.14,""size"":0.09081137,""num_orders"":1},{""price"":66414.0,""size"":0.0257,""num_orders"":1}]","[{""price"":66417.68,""size"":0.00526971,""num_orders"":1},{""price"":66419.01,""size"":0.01505594,""num_orders"":2},{""price"":66419.37,""size"":0.00526972,""num_orders"":1},{""price"":66422.0,""size"":0.0257,""num_orders"":1},{""price"":66422.32,""size"":0.00658727,""num_orders"":1},{""price"":66422.34,""size"":0.12044142,""num_orders"":1},{""price"":66422.42,""size"":0.03764258,""num_orders"":1},{""price"":66422.82,""size"":0.05099285,""num_orders"":1},{""price"":66423.51,""size"":1.7e-05,""num_orders"":1},{""price"":66423.79,""size"":0.04,""num_orders"":1}]"
btc_usd_d10_20260721T194011Z,57,2026-07-21T20:37:11.586006Z,2026-07-21T20:37:11.586144Z,BTC-USD,10,ok,,133027509090,2026-07-21T20:37:10.130499357Z,1.00615941,0.41090981,0.420056826864,66403.169999999998,66403.809999999998,66403.489999999991,0.639999999999,0.096380476388,"[{""price"":66403.17,""size"":0.13487141,""num_orders"":4},{""price"":66403.16,""size"":0.1296454,""num_orders"":4},{""price"":66403.15,""size"":0.00017544,""num_orders"":1},{""price"":66403.02,""size"":3e-07,""num_orders"":1},{""price"":66402.99,""size"":0.37690425,""num_orders"":1},{""price"":66402.98,""size"":0.08227054,""num_orders"":1},{""price"":66402.96,""size"":0.07567614,""num_orders"":1},{""price"":66402.94,""size"":0.04848592,""num_orders"":1},{""price"":66402.53,""size"":0.03765243,""num_orders"":1},{""price"":66402.39,""size"":0.12047758,""num_orders"":1}]","[{""price"":66403.81,""size"":0.07788539,""num_orders"":3},{""price"":66403.99,""size"":0.00024441,""num_orders"":1},{""price"":66405.32,""size"":0.01505904,""num_orders"":2},{""price"":66405.87,""size"":0.00527077,""num_orders"":1},{""price"":66406.0,""size"":0.0257,""num_orders"":1},{""price"":66406.82,""size"":0.00378209,""num_orders"":1},{""price"":66407.65,""size"":0.12046806,""num_orders"":1},{""price"":66407.72,""size"":0.04598868,""num_orders"":1},{""price"":66407.99,""size"":0.09081137,""num_orders"":1},{""price"":66408.0,""size"":0.0257,""num_orders"":1}]"
btc_usd_d10_20260721T194011Z,58,2026-07-21T20:38:11.586006Z,2026-07-21T20:38:11.586143Z,BTC-USD,10,ok,,133027538254,2026-07-21T20:38:09.543510571Z,1.15764655,0.40096551,0.485483886221,66452.190000000002,66452.199999999997,66452.195000000007,0.009999999995,0.001504841186,"[{""price"":66452.19,""size"":0.53770095,""num_orders"":7},{""price"":66452.18,""size"":0.03,""num_orders"":1},{""price"":66452.16,""size"":0.03,""num_orders"":1},{""price"":66450.74,""size"":0.2320835,""num_orders"":1},{""price"":66450.53,""size"":0.00526694,""num_orders"":1},{""price"":66450.33,""size"":0.12039065,""num_orders"":1},{""price"":66450.15,""size"":1.7e-05,""num_orders"":1},{""price"":66450.04,""size"":0.09081137,""num_orders"":1},{""price"":66450.03,""size"":0.07567614,""num_orders"":1},{""price"":66450.0,""size"":0.0357,""num_orders"":2}]","[{""price"":66452.2,""size"":0.05791705,""num_orders"":2},{""price"":66456.0,""size"":0.0257,""num_orders"":1},{""price"":66456.19,""size"":9.405e-05,""num_orders"":1},{""price"":66457.09,""size"":0.04,""num_orders"":1},{""price"":66457.1,""size"":0.12037842,""num_orders"":1},{""price"":66457.18,""size"":0.01542346,""num_orders"":2},{""price"":66457.52,""size"":9.405e-05,""num_orders"":1},{""price"":66458.0,""size"":0.0257,""num_orders"":1},{""price"":66458.84,""size"":0.1002354,""num_orders"":1},{""price"":66458.85,""size"":0.01542308,""num_orders"":2}]"
btc_usd_d10_20260721T194011Z,59,2026-07-21T20:39:11.586006Z,2026-07-21T20:39:11.586161Z,BTC-USD,10,ok,,133027571052,2026-07-21T20:39:11.042583989Z,0.77911211,0.28167362,0.468933994804,66437.979999999996,66437.990000000005,66437.985000000001,0.010000000009,0.001505163049,"[{""price"":66437.98,""size"":0.08067034,""num_orders"":4},{""price"":66437.08,""size"":0.34741823,""num_orders"":1},{""price"":66437.07,""size"":0.18127813,""num_orders"":1},{""price"":66436.65,""size"":0.01505194,""num_orders"":2},{""price"":66436.32,""size"":0.00526807,""num_orders"":1},{""price"":66436.01,""size"":0.05319046,""num_orders"":1},{""price"":66435.54,""size"":0.001511,""num_orders"":1},{""price"":66435.4,""size"":0.04709679,""num_orders"":2},{""price"":66435.0,""size"":0.01,""num_orders"":1},{""price"":66434.46,""size"":0.03762715,""num_orders"":1}]","[{""price"":66437.99,""size"":0.06539677,""num_orders"":5},{""price"":66438.8,""size"":0.001511,""num_orders"":1},{""price"":66439.15,""size"":0.12041094,""num_orders"":1},{""price"":66439.32,""size"":0.01505132,""num_orders"":2},{""price"":66439.65,""size"":0.00526814,""num_orders"":1},{""price"":66439.9,""size"":0.00169764,""num_orders"":1},{""price"":66440.0,""size"":0.0257,""num_orders"":1},{""price"":66441.9,""size"":0.00658518,""num_orders"":1},{""price"":66441.93,""size"":5.263e-05,""num_orders"":1},{""price"":66441.98,""size"":0.04,""num_orders"":1}]"
btc_usd_d10_20260721T211703Z,0,2026-07-21T21:17:03.590105Z,2026-07-21T21:17:03.590132Z,BTC-USD,10,ok,,133028556388,2026-07-21T21:17:03.337579239Z,0.1450518,1.33495575,-0.803985053995,66326.940000000002,66326.949999999997,66326.945000000007,0.009999999995,0.001507682887,"[{""price"":66326.94,""size"":0.04790044,""num_orders"":3},{""price"":66326.17,""size"":0.00406868,""num_orders"":1},{""price"":66325.61,""size"":0.01507714,""num_orders"":2},{""price"":66325.0,""size"":0.01,""num_orders"":1},{""price"":66324.7,""size"":0.001511,""num_orders"":1},{""price"":66324.0,""size"":0.0257,""num_orders"":1},{""price"":66323.97,""size"":0.00753875,""num_orders"":1},{""price"":66323.64,""size"":0.00753879,""num_orders"":1},{""price"":66323.61,""size"":1.7e-05,""num_orders"":1},{""price"":66322.0,""size"":0.0257,""num_orders"":1}]","[{""price"":66326.95,""size"":0.75369839,""num_orders"":7},{""price"":66328.0,""size"":0.0257,""num_orders"":1},{""price"":66328.28,""size"":0.01507652,""num_orders"":2},{""price"":66328.52,""size"":0.07772935,""num_orders"":1},{""price"":66328.53,""size"":0.12057831,""num_orders"":1},{""price"":66328.95,""size"":0.00527681,""num_orders"":1},{""price"":66330.28,""size"":0.00434479,""num_orders"":2},{""price"":66330.62,""size"":0.00527673,""num_orders"":1},{""price"":66331.77,""size"":0.20669654,""num_orders"":1},{""price"":66331.78,""size"":0.12057831,""num_orders"":1}]"
btc_usd_d10_20260721T211703Z,1,2026-07-21T21:18:03.590105Z,2026-07-21T21:18:03.590222Z,BTC-USD,10,ok,,133028575278,2026-07-21T21:18:01.043814344Z,0.28910508,0.80678474,-0.472382944483,66323.369999999995,66323.380000000005,66323.375,0.010000000009,0.001507764044,"[{""price"":66323.37,""size"":0.04694241,""num_orders"":7},{""price"":66323.14,""size"":0.05132506,""num_orders"":2},{""price"":66322.04,""size"":0.01507794,""num_orders"":2},{""price"":66321.71,""size"":0.00527717,""num_orders"":1},{""price"":66321.44,""size"":0.001511,""num_orders"":1},{""price"":66320.35,""size"":0.12062661,""num_orders"":1},{""price"":66320.28,""size"":1.7e-05,""num_orders"":1},{""price"":66320.0,""size"":0.0357,""num_orders"":2},{""price"":66319.47,""size"":0.00659646,""num_orders"":1},{""price"":66319.22,""size"":0.00603143,""num_orders"":1}]","[{""price"":66323.38,""size"":0.21920084,""num_orders"":8},{""price"":66324.7,""size"":0.001511,""num_orders"":1},{""price"":66324.71,""size"":0.01507734,""num_orders"":2},{""price"":66324.83,""size"":0.12061848,""num_orders"":1},{""price"":66324.93,""size"":0.17566906,""num_orders"":1},{""price"":66325.04,""size"":0.00527717,""num_orders"":1},{""price"":66326.0,""size"":0.02609459,""num_orders"":2},{""price"":66326.65,""size"":0.07567614,""num_orders"":1},{""price"":66326.66,""size"":0.12061516,""num_orders"":1},{""price"":66327.09,""size"":0.04704496,""num_orders"":1}]"
btc_usd_d10_20260721T211703Z,2,2026-07-21T21:19:03.590105Z,2026-07-21T21:19:03.590219Z,BTC-USD,10,ok,,133028597979,2026-07-21T21:19:03.526138360Z,1.9151801,0.4362474,0.628951009546,66316.009999999995,66316.020000000004,66316.014999999999,0.010000000009,0.001507931381,"[{""price"":66316.01,""size"":0.5383891,""num_orders"":9},{""price"":66316.0,""size"":0.0257,""num_orders"":1},{""price"":66315.59,""size"":0.12063527,""num_orders"":1},{""price"":66315.5,""size"":0.00031517,""num_orders"":1},{""price"":66314.82,""size"":0.1491678,""num_orders"":1},{""price"":66314.81,""size"":0.18127813,""num_orders"":1},{""price"":66314.62,""size"":0.03996268,""num_orders"":2},{""price"":66314.51,""size"":0.00527774,""num_orders"":1},{""price"":66314.0,""size"":0.0257,""num_orders"":1},{""price"":66313.34,""size"":0.82875421,""num_orders"":2}]","[{""price"":66316.02,""size"":0.00075396,""num_orders"":1},{""price"":66317.53,""size"":0.03770556,""num_orders"":1},{""price"":66319.59,""size"":0.00753964,""num_orders"":1},{""price"":66320.0,""size"":9.424e-05,""num_orders"":1},{""price"":66320.99,""size"":0.01545514,""num_orders"":2},{""price"":66321.33,""size"":9.424e-05,""num_orders"":1},{""price"":66321.54,""size"":0.18127813,""num_orders"":1},{""price"":66321.55,""size"":0.12057831,""num_orders"":1},{""price"":66321.56,""size"":0.04704818,""num_orders"":1},{""price"":66322.0,""size"":0.0257,""num_orders"":1}]"
btc_usd_d10_20260721T211703Z,3,2026-07-21T21:20:03.590105Z,2026-07-21T21:20:03.590224Z,BTC-USD,10,ok,,133028619773,2026-07-21T21:20:01.543115024Z,0.11840585,2.23736533,-0.899475932972,66312,66312.009999999995,66312.005000000005,0.009999999995,0.001508022566,"[{""price"":66312.0,""size"":0.02298416,""num_orders"":4},{""price"":66310.29,""size"":1.7e-05,""num_orders"":1},{""price"":66310.0,""size"":0.0357,""num_orders"":2},{""price"":66308.0,""size"":0.0257,""num_orders"":1},{""price"":66307.17,""size"":1e-06,""num_orders"":1},{""price"":66307.15,""size"":1e-06,""num_orders"":1},{""price"":66307.03,""size"":0.00754068,""num_orders"":1},{""price"":66307.0,""size"":0.00074501,""num_orders"":1},{""price"":66306.96,""size"":1.7e-05,""num_orders"":1},{""price"":66306.0,""size"":0.0257,""num_orders"":1}]","[{""price"":66312.01,""size"":1.43737098,""num_orders"":12},{""price"":66312.11,""size"":0.31664789,""num_orders"":1},{""price"":66312.12,""size"":0.12064159,""num_orders"":1},{""price"":66313.34,""size"":0.01507992,""num_orders"":2},{""price"":66313.61,""size"":0.12057831,""num_orders"":1},{""price"":66313.67,""size"":0.00527807,""num_orders"":1},{""price"":66314.18,""size"":0.19631398,""num_orders"":2},{""price"":66314.34,""size"":0.017346,""num_orders"":1},{""price"":66314.92,""size"":0.001511,""num_orders"":1},{""price"":66315.91,""size"":0.00659759,""num_orders"":1}]"
btc_usd_d10_20260721T211703Z,4,2026-07-21T21:21:03.590105Z,2026-07-21T21:21:03.590222Z,BTC-USD,10,ok,,133028638721,2026-07-21T21:21:01.019359274Z,0.25795143,0.85740345,-0.537454070224,66314.029999999999,66314.039999999994,66314.035000000003,0.009999999995,0.001507976403,"[{""price"":66314.03,""size"":0.03155093,""num_orders"":3},{""price"":66312.7,""size"":0.01508006,""num_orders"":2},{""price"":66312.69,""size"":0.00527782,""num_orders"":1},{""price"":66312.39,""size"":0.00725287,""num_orders"":1},{""price"":66312.38,""size"":0.00944952,""num_orders"":1},{""price"":66312.0,""size"":0.03495364,""num_orders"":2},{""price"":66311.66,""size"":0.001511,""num_orders"":1},{""price"":66310.83,""size"":0.12057831,""num_orders"":1},{""price"":66310.45,""size"":0.00659728,""num_orders"":1},{""price"":66310.0,""size"":0.0257,""num_orders"":1}]","[{""price"":66314.04,""size"":0.24965858,""num_orders"":9},{""price"":66314.25,""size"":0.04705802,""num_orders"":1},{""price"":66314.34,""size"":0.21125383,""num_orders"":1},{""price"":66314.35,""size"":0.07567614,""num_orders"":1},{""price"":66314.46,""size"":0.12063735,""num_orders"":1},{""price"":66314.92,""size"":0.001511,""num_orders"":1},{""price"":66315.37,""size"":0.01507946,""num_orders"":2},{""price"":66315.7,""size"":0.00527791,""num_orders"":1},{""price"":66316.0,""size"":0.01061683,""num_orders"":1},{""price"":66316.11,""size"":0.12063433,""num_orders"":1}]"
btc_usd_d10_20260721T211703Z,5,2026-07-21T21:22:03.590105Z,2026-07-21T21:22:03.590215Z,BTC-USD,10,ok,,133028665710,2026-07-21T21:22:00.603864223Z,3.88422768,0.6731517,0.704588253963,66320.270000000004,66320.279999999999,66320.274999999994,0.009999999995,0.001507834519,"[{""price"":66320.27,""size"":0.27151934,""num_orders"":8},{""price"":66320.0,""size"":0.0257,""num_orders"":1},{""price"":66319.98,""size"":0.12062729,""num_orders"":1},{""price"":66319.51,""size"":1.29974668,""num_orders"":1},{""price"":66319.5,""size"":1.0,""num_orders"":1},{""price"":66319.0,""size"":1.0,""num_orders"":1},{""price"":66318.94,""size"":0.01507864,""num_orders"":2},{""price"":66318.74,""size"":0.12057831,""num_orders"":1},{""price"":66318.61,""size"":0.00527742,""num_orders"":1},{""price"":66318.0,""size"":0.0257,""num_orders"":1}]","[{""price"":66320.28,""size"":0.05785261,""num_orders"":4},{""price"":66321.44,""size"":0.03769898,""num_orders"":1},{""price"":66321.61,""size"":0.01507804,""num_orders"":2},{""price"":66322.32,""size"":0.00665854,""num_orders"":1},{""price"":66323.61,""size"":1.7e-05,""num_orders"":1},{""price"":66324.26,""size"":9.423e-05,""num_orders"":1},{""price"":66324.59,""size"":0.12061891,""num_orders"":1},{""price"":66324.7,""size"":0.001511,""num_orders"":1},{""price"":66324.86,""size"":0.31304408,""num_orders"":1},{""price"":66324.87,""size"":0.12057831,""num_orders"":1}]"
btc_usd_d10_20260721T211703Z,6,2026-07-21T21:23:03.590105Z,2026-07-21T21:23:03.590216Z,BTC-USD,10,ok,,133028686052,2026-07-21T21:23:02.521848090Z,1.92013779,0.77954788,0.422489893055,66326.070000000007,66326.080000000002,66326.075000000012,0.009999999995,0.001507702664,"[{""price"":66326.07,""size"":0.12072999,""num_orders"":2},{""price"":66326.0,""size"":0.0257,""num_orders"":1},{""price"":66325.51,""size"":0.18127813,""num_orders"":1},{""price"":66325.32,""size"":0.00075385,""num_orders"":1},{""price"":66324.74,""size"":0.01507734,""num_orders"":2},{""price"":66324.7,""size"":0.001511,""num_orders"":1},{""price"":66324.0,""size"":0.0257,""num_orders"":1},{""price"":66323.17,""size"":1.30818767,""num_orders"":1},{""price"":66323.16,""size"":0.1206215,""num_orders"":1},{""price"":66322.51,""size"":0.12057831,""num_orders"":1}]","[{""price"":66326.08,""size"":0.09889396,""num_orders"":4},{""price"":66327.41,""size"":0.01507672,""num_orders"":2},{""price"":66327.74,""size"":0.00527695,""num_orders"":1},{""price"":66328.0,""size"":0.09188451,""num_orders"":1},{""price"":66328.01,""size"":0.12057831,""num_orders"":1},{""price"":66329.92,""size"":0.00753803,""num_orders"":1},{""price"":66329.98,""size"":0.00659619,""num_orders"":1},{""price"":66330.0,""size"":0.0257,""num_orders"":1},{""price"":66330.27,""size"":9.407e-05,""num_orders"":2},{""price"":66330.68,""size"":0.40790914,""num_orders"":2}]"
btc_usd_d10_20260721T211703Z,7,2026-07-21T21:24:03.590105Z,2026-07-21T21:24:03.590219Z,BTC-USD,10,ok,,133028708124,2026-07-21T21:24:03.167193647Z,0.38455577,1.05350338,-0.465173918611,66310.320000000007,66310.330000000002,66310.325000000012,0.009999999995,0.001508060773,"[{""price"":66310.32,""size"":8e-07,""num_orders"":1},{""price"":66310.29,""size"":1.7e-05,""num_orders"":1},{""price"":66309.9,""size"":0.02221266,""num_orders"":2},{""price"":66308.0,""size"":0.0257,""num_orders"":1},{""price"":66306.96,""size"":1.7e-05,""num_orders"":1},{""price"":66306.0,""size"":0.0257,""num_orders"":1},{""price"":66305.37,""size"":0.12057831,""num_orders"":1},{""price"":66305.36,""size"":0.18127813,""num_orders"":1},{""price"":66305.35,""size"":0.00754087,""num_orders"":1},{""price"":66305.14,""size"":0.001511,""num_orders"":1}]","[{""price"":66310.33,""size"":0.22223031,""num_orders"":7},{""price"":66310.8,""size"":0.14540373,""num_orders"":2},{""price"":66310.81,""size"":0.12057831,""num_orders"":1},{""price"":66311.66,""size"":0.0150803,""num_orders"":2},{""price"":66311.99,""size"":0.00527821,""num_orders"":1},{""price"":66313.54,""size"":0.12063901,""num_orders"":1},{""price"":66313.96,""size"":0.27141744,""num_orders"":1},{""price"":66313.97,""size"":0.12057831,""num_orders"":1},{""price"":66314.0,""size"":0.0257,""num_orders"":1},{""price"":66314.23,""size"":0.00659776,""num_orders"":1}]"
btc_usd_d10_20260721T211703Z,8,2026-07-21T21:25:03.590105Z,2026-07-21T21:25:03.590216Z,BTC-USD,10,ok,,133028730656,2026-07-21T21:25:01.529923002Z,2.55036555,0.92097072,0.469385476735,66316.020000000004,66316.029999999999,66316.024999999994,0.009999999995,0.001507931152,"[{""price"":66316.02,""size"":0.10241237,""num_orders"":2},{""price"":66316.01,""size"":0.17150028,""num_orders"":1},{""price"":66316.0,""size"":0.0257,""num_orders"":1},{""price"":66314.92,""size"":0.001511,""num_orders"":1},{""price"":66314.69,""size"":0.01507962,""num_orders"":2},{""price"":66314.31,""size"":0.00012893,""num_orders"":1},{""price"":66314.28,""size"":0.12063765,""num_orders"":1},{""price"":66314.0,""size"":0.0257,""num_orders"":1},{""price"":66313.68,""size"":0.12057831,""num_orders"":1},{""price"":66313.67,""size"":1.96711739,""num_orders"":1}]","[{""price"":66316.03,""size"":0.10021207,""num_orders"":4},{""price"":66317.36,""size"":0.015079,""num_orders"":2},{""price"":66319.98,""size"":0.12057831,""num_orders"":1},{""price"":66320.0,""size"":0.0257,""num_orders"":1},{""price"":66320.21,""size"":0.12062688,""num_orders"":1},{""price"":66320.63,""size"":0.04705538,""num_orders"":1},{""price"":66321.0,""size"":0.00791604,""num_orders"":1},{""price"":66321.34,""size"":9.424e-05,""num_orders"":1},{""price"":66321.97,""size"":0.30243067,""num_orders"":1},{""price"":66321.98,""size"":0.18127813,""num_orders"":1}]"
btc_usd_d10_20260721T211703Z,9,2026-07-21T21:26:03.590105Z,2026-07-21T21:26:03.590225Z,BTC-USD,10,ok,,133028755773,2026-07-21T21:26:03.331080202Z,0.29471757,0.97018411,-0.534007149077,66311.050000000003,66311.059999999998,66311.054999999993,0.009999999995,0.001508044171,"[{""price"":66311.05,""size"":0.00144013,""num_orders"":3},{""price"":66310.29,""size"":1.7e-05,""num_orders"":1},{""price"":66310.06,""size"":1.585e-05,""num_orders"":1},{""price"":66310.0,""size"":0.01,""num_orders"":1},{""price"":66309.72,""size"":0.01508074,""num_orders"":2},{""price"":66308.39,""size"":0.0001866,""num_orders"":1},{""price"":66308.31,""size"":0.10017684,""num_orders"":1},{""price"":66308.3,""size"":0.12057831,""num_orders"":1},{""price"":66308.29,""size"":0.0215221,""num_orders"":2},{""price"":66308.0,""size"":0.0257,""num_orders"":1}]","[{""price"":66311.06,""size"":0.16822206,""num_orders"":7},{""price"":66311.67,""size"":0.12064241,""num_orders"":1},{""price"":66312.3,""size"":0.04704584,""num_orders"":1},{""price"":66312.39,""size"":0.01508014,""num_orders"":2},{""price"":66312.72,""size"":0.00527815,""num_orders"":1},{""price"":66313.62,""size"":0.12063886,""num_orders"":1},{""price"":66314.0,""size"":0.0257,""num_orders"":1},{""price"":66314.96,""size"":0.00659769,""num_orders"":1},{""price"":66314.97,""size"":0.27970083,""num_orders"":1},{""price"":66314.98,""size"":0.18127813,""num_orders"":1}]"
btc_usd_d10_20260721T211703Z,10,2026-07-21T21:27:03.590105Z,2026-07-21T21:27:03.590212Z,BTC-USD,10,ok,,133028782100,2026-07-21T21:27:03.337098264Z,0.98840332,0.71500729,0.160499194026,66286.820000000007,66286.830000000002,66286.825000000012,0.009999999995,0.00150859541,"[{""price"":66286.82,""size"":0.10644454,""num_orders"":7},{""price"":66285.49,""size"":0.03383624,""num_orders"":1},{""price"":66285.47,""size"":0.03080365,""num_orders"":6},{""price"":66285.16,""size"":0.00528008,""num_orders"":1},{""price"":66285.0,""size"":0.00015084,""num_orders"":1},{""price"":66284.98,""size"":2.263e-05,""num_orders"":1},{""price"":66284.0,""size"":0.0257,""num_orders"":1},{""price"":66283.65,""size"":1.7e-05,""num_orders"":1},{""price"":66282.92,""size"":0.0066001,""num_orders"":1},{""price"":66282.42,""size"":0.77954824,""num_orders"":2}]","[{""price"":66286.83,""size"":0.04260495,""num_orders"":3},{""price"":66287.28,""size"":0.12068681,""num_orders"":1},{""price"":66288.49,""size"":0.00528013,""num_orders"":1},{""price"":66288.68,""size"":0.12057831,""num_orders"":1},{""price"":66289.69,""size"":0.00754199,""num_orders"":1},{""price"":66290.37,""size"":0.04706291,""num_orders"":1},{""price"":66290.73,""size"":0.00660017,""num_orders"":1},{""price"":66290.91,""size"":0.21357819,""num_orders"":1},{""price"":66290.92,""size"":0.15085023,""num_orders"":1},{""price"":66291.12,""size"":0.0002236,""num_orders"":1}]"
btc_usd_d10_20260721T211703Z,11,2026-07-21T21:28:03.590105Z,2026-07-21T21:28:03.590214Z,BTC-USD,10,ok,,133028801401,2026-07-21T21:28:01.183082695Z,0.68520667,0.30371452,0.385765977974,66298.020000000004,66298.029999999999,66298.024999999994,0.009999999995,0.001508340557,"[{""price"":66298.02,""size"":0.07860868,""num_orders"":3},{""price"":66298.0,""size"":0.02569992,""num_orders"":1},{""price"":66296.97,""size"":0.16640465,""num_orders"":1},{""price"":66296.96,""size"":0.12057831,""num_orders"":1},{""price"":66296.69,""size"":0.0150837,""num_orders"":2},{""price"":66296.35,""size"":0.00527917,""num_orders"":1},{""price"":66296.0,""size"":0.0257,""num_orders"":1},{""price"":66294.11,""size"":0.00659896,""num_orders"":1},{""price"":66293.89,""size"":0.12057831,""num_orders"":1},{""price"":66293.77,""size"":0.12067497,""num_orders"":1}]","[{""price"":66298.03,""size"":0.03771287,""num_orders"":1},{""price"":66299.36,""size"":0.0150831,""num_orders"":2},{""price"":66299.37,""size"":0.12066479,""num_orders"":1},{""price"":66300.3,""size"":1.7e-05,""num_orders"":1},{""price"":66300.31,""size"":0.00028287,""num_orders"":2},{""price"":66300.66,""size"":0.01061683,""num_orders"":1},{""price"":66301.88,""size"":0.001511,""num_orders"":1},{""price"":66301.99,""size"":0.09203179,""num_orders"":1},{""price"":66302.0,""size"":0.0257,""num_orders"":1},{""price"":66302.01,""size"":9.427e-05,""num_orders"":1}]"
btc_usd_d10_20260721T211703Z,12,2026-07-21T21:29:03.590105Z,2026-07-21T21:29:03.590221Z,BTC-USD,10,ok,,133028820775,2026-07-21T21:29:00.621393717Z,0.69924738,0.65035706,0.03622566624,66295.960000000006,66295.970000000001,66295.964999999997,0.009999999995,0.001508387425,"[{""price"":66295.96,""size"":0.07175654,""num_orders"":3},{""price"":66294.63,""size"":0.01515168,""num_orders"":3},{""price"":66294.3,""size"":0.00527935,""num_orders"":1},{""price"":66294.01,""size"":0.0153429,""num_orders"":1},{""price"":66294.0,""size"":0.0257,""num_orders"":1},{""price"":66293.36,""size"":0.23110701,""num_orders"":1},{""price"":66293.35,""size"":0.1820324,""num_orders"":2},{""price"":66293.11,""size"":0.12057831,""num_orders"":1},{""price"":66292.06,""size"":0.00659919,""num_orders"":1},{""price"":66292.0,""size"":0.0257,""num_orders"":1}]","[{""price"":66295.97,""size"":0.12067098,""num_orders"":1},{""price"":66297.03,""size"":0.00791891,""num_orders"":1},{""price"":66297.3,""size"":0.01508358,""num_orders"":2},{""price"":66297.37,""size"":9.427e-05,""num_orders"":1},{""price"":66297.63,""size"":0.00527935,""num_orders"":1},{""price"":66298.0,""size"":0.0257,""num_orders"":1},{""price"":66298.26,""size"":0.00754236,""num_orders"":1},{""price"":66298.4,""size"":0.22678948,""num_orders"":1},{""price"":66298.42,""size"":0.18127813,""num_orders"":1},{""price"":66298.46,""size"":0.06,""num_orders"":2}]"
btc_usd_d10_20260721T211703Z,13,2026-07-21T21:30:03.590105Z,2026-07-21T21:30:03.590221Z,BTC-USD,10,ok,,133028840975,2026-07-21T21:30:01.104873093Z,0.97443484,0.95953081,0.007706460557,66286.139999999999,66286.149999999994,66286.14499999999,0.009999999995,0.001508610886,"[{""price"":66286.14,""size"":0.00515103,""num_orders"":3},{""price"":66284.81,""size"":0.01508642,""num_orders"":2},{""price"":66284.0,""size"":0.0232,""num_orders"":1},{""price"":66283.25,""size"":0.09878303,""num_orders"":1},{""price"":66282.48,""size"":0.12057831,""num_orders"":1},{""price"":66282.0,""size"":0.0232,""num_orders"":1},{""price"":66280.45,""size"":0.36086261,""num_orders"":3},{""price"":66280.44,""size"":0.30185644,""num_orders"":2},{""price"":66280.32,""size"":1.7e-05,""num_orders"":1},{""price"":66280.0,""size"":0.0257,""num_orders"":1}]","[{""price"":66286.15,""size"":0.21219713,""num_orders"":8},{""price"":66286.24,""size"":0.1206887,""num_orders"":1},{""price"":66287.48,""size"":0.0150858,""num_orders"":2},{""price"":66287.81,""size"":0.00528013,""num_orders"":1},{""price"":66287.89,""size"":0.1206857,""num_orders"":1},{""price"":66290.0,""size"":0.0232,""num_orders"":1},{""price"":66290.89,""size"":0.00660008,""num_orders"":1},{""price"":66291.45,""size"":0.07567614,""num_orders"":1},{""price"":66291.46,""size"":0.198839,""num_orders"":1},{""price"":66291.47,""size"":0.18127813,""num_orders"":1}]"
btc_usd_d10_20260721T211703Z,14,2026-07-21T21:31:03.590105Z,2026-07-21T21:31:03.590204Z,BTC-USD,10,ok,,133028863816,2026-07-21T21:31:01.047848343Z,0.69827918,0.50314272,0.162421261007,66283.039999999994,66283.050000000003,66283.044999999998,0.010000000009,0.001508681445,"[{""price"":66283.04,""size"":0.3338643,""num_orders"":4},{""price"":66282.36,""size"":0.01894067,""num_orders"":1},{""price"":66282.0,""size"":0.0232,""num_orders"":1},{""price"":66281.71,""size"":0.01508712,""num_orders"":2},{""price"":66281.38,""size"":0.00528038,""num_orders"":1},{""price"":66280.97,""size"":0.00324604,""num_orders"":1},{""price"":66280.32,""size"":0.14828188,""num_orders"":2},{""price"":66280.0,""size"":0.0232,""num_orders"":1},{""price"":66279.56,""size"":0.12057831,""num_orders"":1},{""price"":66279.14,""size"":0.00660048,""num_orders"":1}]","[{""price"":66283.05,""size"":0.06169594,""num_orders"":4},{""price"":66283.65,""size"":1.7e-05,""num_orders"":1},{""price"":66284.38,""size"":0.01508652,""num_orders"":2},{""price"":66285.34,""size"":0.01061683,""num_orders"":1},{""price"":66285.35,""size"":0.12069031,""num_orders"":1},{""price"":66285.52,""size"":0.12057831,""num_orders"":1},{""price"":66286.0,""size"":0.0232,""num_orders"":1},{""price"":66286.23,""size"":0.00038328,""num_orders"":1},{""price"":66286.98,""size"":1.7e-05,""num_orders"":1},{""price"":66287.71,""size"":0.15085753,""num_orders"":1}]"
btc_usd_d10_20260721T211703Z,15,2026-07-21T21:32:03.590105Z,2026-07-21T21:32:03.590220Z,BTC-USD,10,ok,,133028882791,2026-07-21T21:32:03.618148809Z,0.6361722,0.39334873,0.235860644426,66276.050000000003,66276.059999999998,66276.054999999993,0.009999999995,0.00150884056,"[{""price"":66276.05,""size"":0.00127662,""num_orders"":2},{""price"":66276.03,""size"":0.19855286,""num_orders"":2},{""price"":66276.02,""size"":0.12936606,""num_orders"":2},{""price"":66276.0,""size"":0.0232,""num_orders"":1},{""price"":66274.72,""size"":0.0150887,""num_orders"":2},{""price"":66274.38,""size"":0.00528089,""num_orders"":1},{""price"":66274.0,""size"":0.0221,""num_orders"":1},{""price"":66273.8,""size"":0.12057831,""num_orders"":1},{""price"":66273.66,""size"":1.7e-05,""num_orders"":1},{""price"":66273.57,""size"":0.12071176,""num_orders"":1}]","[{""price"":66276.06,""size"":0.07892757,""num_orders"":3},{""price"":66277.21,""size"":0.00075442,""num_orders"":1},{""price"":66277.39,""size"":0.0150881,""num_orders"":2},{""price"":66277.72,""size"":0.00528094,""num_orders"":1},{""price"":66278.44,""size"":0.1207029,""num_orders"":1},{""price"":66279.96,""size"":0.00660117,""num_orders"":1},{""price"":66280.0,""size"":0.022,""num_orders"":1},{""price"":66280.4,""size"":0.12069934,""num_orders"":1},{""price"":66282.0,""size"":0.0232,""num_orders"":1},{""price"":66282.4,""size"":9.429e-05,""num_orders"":1}]"
btc_usd_d10_20260721T211703Z,16,2026-07-21T21:33:03.590105Z,2026-07-21T21:33:03.590214Z,BTC-USD,10,ok,,133028902870,2026-07-21T21:33:03.628467096Z,0.38352542,1.17116162,-0.506620419245,66270.860000000001,66270.869999999995,66270.864999999991,0.009999999995,0.001508958725,"[{""price"":66270.86,""size"":0.04469846,""num_orders"":2},{""price"":66270.33,""size"":1.7e-05,""num_orders"":1},{""price"":66269.99,""size"":0.0005763,""num_orders"":3},{""price"":66267.0,""size"":1.7e-05,""num_orders"":1},{""price"":66266.42,""size"":1e-06,""num_orders"":1},{""price"":66266.02,""size"":0.12057831,""num_orders"":1},{""price"":66266.01,""size"":0.07567614,""num_orders"":1},{""price"":66266.0,""size"":0.0209,""num_orders"":1},{""price"":66265.89,""size"":0.00754536,""num_orders"":1},{""price"":66265.31,""size"":0.11351585,""num_orders"":2}]","[{""price"":66270.87,""size"":0.43041987,""num_orders"":9},{""price"":66271.3,""size"":0.12057831,""num_orders"":1},{""price"":66271.31,""size"":0.1207159,""num_orders"":1},{""price"":66272.7,""size"":0.00528134,""num_orders"":1},{""price"":66273.47,""size"":0.12057831,""num_orders"":1},{""price"":66273.49,""size"":0.1508899,""num_orders"":1},{""price"":66274.0,""size"":0.022,""num_orders"":1},{""price"":66274.94,""size"":0.13993589,""num_orders"":2},{""price"":66274.95,""size"":0.06,""num_orders"":2},{""price"":66275.54,""size"":0.0007621,""num_orders"":1}]"
btc_usd_d10_20260721T211703Z,17,2026-07-21T21:34:03.590105Z,2026-07-21T21:34:03.590215Z,BTC-USD,10,ok,,133028925844,2026-07-21T21:34:01.183936081Z,0.58523553,0.45008576,0.130538965349,66248.649999999994,66248.660000000003,66248.654999999999,0.010000000009,0.001509464609,"[{""price"":66248.65,""size"":0.0885245,""num_orders"":6},{""price"":66248.0,""size"":0.0219,""num_orders"":1},{""price"":66247.48,""size"":0.12075929,""num_orders"":1},{""price"":66247.32,""size"":0.01509496,""num_orders"":2},{""price"":66247.02,""size"":1.7e-05,""num_orders"":1},{""price"":66246.26,""size"":0.12057831,""num_orders"":1},{""price"":66246.0,""size"":0.0219,""num_orders"":1},{""price"":66245.61,""size"":0.1207627,""num_orders"":1},{""price"":66245.2,""size"":2.263e-05,""num_orders"":1},{""price"":66243.91,""size"":0.07567614,""num_orders"":1}]","[{""price"":66248.66,""size"":0.11753503,""num_orders"":4},{""price"":66249.99,""size"":0.01509434,""num_orders"":2},{""price"":66250.32,""size"":0.00528312,""num_orders"":1},{""price"":66251.72,""size"":0.03774096,""num_orders"":1},{""price"":66252.0,""size"":0.0219,""num_orders"":1},{""price"":66252.13,""size"":0.12075083,""num_orders"":1},{""price"":66252.18,""size"":0.00047409,""num_orders"":2},{""price"":66252.24,""size"":0.00412518,""num_orders"":1},{""price"":66252.56,""size"":0.0066039,""num_orders"":1},{""price"":66253.05,""size"":0.12057831,""num_orders"":1}]"
btc_usd_d10_20260721T211703Z,18,2026-07-21T21:35:03.590105Z,2026-07-21T21:35:03.590217Z,BTC-USD,10,ok,,133028950113,2026-07-21T21:35:02.312702664Z,0.9003714,0.60923623,0.192854861233,66274,66274.009999999995,66274.005000000005,0.009999999995,0.001508887232,"[{""price"":66274.0,""size"":3.5e-07,""num_orders"":1},{""price"":66272.94,""size"":0.12063806,""num_orders"":1},{""price"":66272.76,""size"":0.29155727,""num_orders"":2},{""price"":66272.75,""size"":0.18127813,""num_orders"":1},{""price"":66272.51,""size"":0.00015375,""num_orders"":1},{""price"":66272.0,""size"":0.0198,""num_orders"":1},{""price"":66271.61,""size"":0.01508942,""num_orders"":2},{""price"":66270.9,""size"":0.00037977,""num_orders"":1},{""price"":66270.65,""size"":0.15089634,""num_orders"":1},{""price"":66270.63,""size"":0.12057831,""num_orders"":1}]","[{""price"":66274.01,""size"":0.20855157,""num_orders"":7},{""price"":66275.13,""size"":0.12057831,""num_orders"":1},{""price"":66275.34,""size"":0.01508856,""num_orders"":2},{""price"":66275.67,""size"":0.0052811,""num_orders"":1},{""price"":66276.55,""size"":0.00114185,""num_orders"":2},{""price"":66277.83,""size"":0.12070402,""num_orders"":1},{""price"":66277.91,""size"":0.00660138,""num_orders"":1},{""price"":66277.99,""size"":9.43e-05,""num_orders"":1},{""price"":66278.26,""size"":0.01061683,""num_orders"":1},{""price"":66278.29,""size"":0.12057831,""num_orders"":1}]"
btc_usd_d10_20260721T211703Z,19,2026-07-21T21:36:03.590105Z,2026-07-21T21:36:03.590217Z,BTC-USD,10,ok,,133028978132,2026-07-21T21:36:02.142748631Z,0.91759493,0.47557891,0.317272695847,66310.25,66310.259999999995,66310.255000000005,0.009999999995,0.001508062365,"[{""price"":66310.25,""size"":0.04004784,""num_orders"":3},{""price"":66309.74,""size"":0.12064591,""num_orders"":1},{""price"":66308.92,""size"":0.01508092,""num_orders"":2},{""price"":66308.18,""size"":0.12057831,""num_orders"":1},{""price"":66308.17,""size"":0.12064876,""num_orders"":1},{""price"":66307.43,""size"":0.04643276,""num_orders"":1},{""price"":66306.96,""size"":1.7e-05,""num_orders"":1},{""price"":66306.16,""size"":0.00050508,""num_orders"":1},{""price"":66305.76,""size"":0.33306004,""num_orders"":2},{""price"":66305.75,""size"":0.12057831,""num_orders"":1}]","[{""price"":66310.26,""size"":0.13867951,""num_orders"":4},{""price"":66311.59,""size"":0.01508032,""num_orders"":2},{""price"":66311.92,""size"":0.00527821,""num_orders"":1},{""price"":66313.22,""size"":0.04563811,""num_orders"":1},{""price"":66314.16,""size"":0.00659777,""num_orders"":1},{""price"":66314.24,""size"":9.425e-05,""num_orders"":1},{""price"":66315.01,""size"":0.12063635,""num_orders"":1},{""price"":66315.23,""size"":0.01545648,""num_orders"":2},{""price"":66315.81,""size"":0.12057831,""num_orders"":1},{""price"":66316.15,""size"":0.0075396,""num_orders"":1}]"
btc_usd_d10_20260721T211703Z,20,2026-07-21T21:37:03.590105Z,2026-07-21T21:37:03.590219Z,BTC-USD,10,ok,,133029000488,2026-07-21T21:37:03.327467557Z,0.85412867,0.29377287,0.488156675877,66318.470000000001,66318.479999999996,66318.475000000006,0.009999999995,0.001507875444,"[{""price"":66318.47,""size"":0.25451513,""num_orders"":5},{""price"":66317.87,""size"":0.11457116,""num_orders"":2},{""price"":66317.86,""size"":0.07567614,""num_orders"":1},{""price"":66316.93,""size"":0.12063283,""num_orders"":1},{""price"":66316.81,""size"":0.00527756,""num_orders"":1},{""price"":66315.6,""size"":2.1e-07,""num_orders"":1},{""price"":66315.4,""size"":0.15552085,""num_orders"":1},{""price"":66315.39,""size"":0.12057831,""num_orders"":1},{""price"":66314.57,""size"":0.00659695,""num_orders"":1},{""price"":66314.05,""size"":0.00075953,""num_orders"":1}]","[{""price"":66318.48,""size"":0.1046895,""num_orders"":6},{""price"":66320.28,""size"":1.7e-05,""num_orders"":1},{""price"":66320.79,""size"":0.03770596,""num_orders"":1},{""price"":66322.46,""size"":9.424e-05,""num_orders"":1},{""price"":66322.98,""size"":0.12062184,""num_orders"":1},{""price"":66323.45,""size"":0.00753881,""num_orders"":1},{""price"":66323.61,""size"":1.7e-05,""num_orders"":1},{""price"":66323.79,""size"":9.423e-05,""num_orders"":1},{""price"":66324.4,""size"":0.00754012,""num_orders"":1},{""price"":66325.11,""size"":0.01545417,""num_orders"":2}]"
btc_usd_d10_20260721T211703Z,21,2026-07-21T21:38:03.590105Z,2026-07-21T21:38:03.590220Z,BTC-USD,10,ok,,133029021353,2026-07-21T21:38:01.045875559Z,0.48565143,0.99999152,-0.346207068125,66304.559999999998,66304.570000000007,66304.565000000002,0.010000000009,0.001508191783,"[{""price"":66304.56,""size"":0.00036837,""num_orders"":1},{""price"":66303.66,""size"":0.00754106,""num_orders"":1},{""price"":66303.63,""size"":1.7e-05,""num_orders"":1},{""price"":66301.96,""size"":0.00073675,""num_orders"":1},{""price"":66300.76,""size"":0.05391219,""num_orders"":1},{""price"":66300.3,""size"":1.7e-05,""num_orders"":1},{""price"":66299.78,""size"":0.12057831,""num_orders"":1},{""price"":66299.3,""size"":0.18127813,""num_orders"":1},{""price"":66298.54,""size"":0.12066629,""num_orders"":1},{""price"":66298.0,""size"":0.00053633,""num_orders"":1}]","[{""price"":66304.57,""size"":0.37742282,""num_orders"":5},{""price"":66305.01,""size"":0.16351477,""num_orders"":2},{""price"":66306.67,""size"":0.00527863,""num_orders"":1},{""price"":66307.35,""size"":0.12057831,""num_orders"":1},{""price"":66308.07,""size"":0.15081122,""num_orders"":1},{""price"":66308.66,""size"":0.04705026,""num_orders"":1},{""price"":66308.91,""size"":0.00659829,""num_orders"":1},{""price"":66310.3,""size"":0.12057831,""num_orders"":1},{""price"":66310.47,""size"":0.00808879,""num_orders"":1},{""price"":66311.64,""size"":7.012e-05,""num_orders"":1}]"
btc_usd_d10_20260721T211703Z,22,2026-07-21T21:39:03.590105Z,2026-07-21T21:39:03.590213Z,BTC-USD,10,ok,,133029049654,2026-07-21T21:39:02.104119332Z,0.57539319,0.48850414,0.081670521722,66319.490000000005,66319.5,66319.494999999995,0.009999999995,0.001507852253,"[{""price"":66319.49,""size"":0.03000047,""num_orders"":2},{""price"":66319.48,""size"":0.07567614,""num_orders"":1},{""price"":66318.85,""size"":0.0052916,""num_orders"":2},{""price"":66318.15,""size"":0.01507882,""num_orders"":2},{""price"":66317.75,""size"":0.00527748,""num_orders"":1},{""price"":66315.51,""size"":0.00659685,""num_orders"":1},{""price"":66314.76,""size"":0.12057831,""num_orders"":1},{""price"":66314.14,""size"":0.07567614,""num_orders"":1},{""price"":66313.5,""size"":0.12063907,""num_orders"":1},{""price"":66312.73,""size"":0.12057831,""num_orders"":1}]","[{""price"":66319.5,""size"":0.11019056,""num_orders"":3},{""price"":66319.63,""size"":0.12062793,""num_orders"":1},{""price"":66319.64,""size"":0.00022198,""num_orders"":1},{""price"":66320.28,""size"":1.7e-05,""num_orders"":1},{""price"":66320.6,""size"":0.00038328,""num_orders"":1},{""price"":66321.05,""size"":0.01507816,""num_orders"":2},{""price"":66321.79,""size"":0.12057831,""num_orders"":1},{""price"":66322.15,""size"":0.12062336,""num_orders"":1},{""price"":66323.4,""size"":0.00076656,""num_orders"":1},{""price"":66323.61,""size"":1.7e-05,""num_orders"":1}]"
btc_usd_d10_20260721T211703Z,23,2026-07-21T21:40:03.590105Z,2026-07-21T21:40:03.590211Z,BTC-USD,10,ok,,133029074425,2026-07-21T21:40:01.686528005Z,0.84779352,0.6452598,0.135650694645,66293.130000000005,66293.139999999999,66293.135000000009,0.009999999995,0.001508451817,"[{""price"":66293.13,""size"":0.03547604,""num_orders"":3},{""price"":66292.37,""size"":0.12067752,""num_orders"":1},{""price"":66291.8,""size"":0.01508482,""num_orders"":2},{""price"":66291.06,""size"":0.19625445,""num_orders"":2},{""price"":66290.63,""size"":0.12068069,""num_orders"":1},{""price"":66290.31,""size"":1.7e-05,""num_orders"":1},{""price"":66289.01,""size"":0.12057831,""num_orders"":1},{""price"":66287.53,""size"":0.0007075,""num_orders"":1},{""price"":66286.98,""size"":1.7e-05,""num_orders"":1},{""price"":66285.57,""size"":0.23830019,""num_orders"":1}]","[{""price"":66293.14,""size"":0.15117634,""num_orders"":6},{""price"":66294.47,""size"":0.01508422,""num_orders"":2},{""price"":66294.8,""size"":0.00527958,""num_orders"":1},{""price"":66295.03,""size"":0.03771687,""num_orders"":1},{""price"":66295.43,""size"":0.00664315,""num_orders"":1},{""price"":66296.98,""size"":0.00023549,""num_orders"":1},{""price"":66297.04,""size"":0.00659947,""num_orders"":1},{""price"":66297.23,""size"":0.12057831,""num_orders"":1},{""price"":66297.48,""size"":0.12066824,""num_orders"":1},{""price"":66298.83,""size"":0.18127813,""num_orders"":1}]"
btc_usd_d10_20260721T211703Z,24,2026-07-21T21:41:03.590105Z,2026-07-21T21:41:03.590213Z,BTC-USD,10,ok,,133029101799,2026-07-21T21:41:03.183731090Z,0.71396018,0.55065796,0.129131644435,66288.559999999998,66288.570000000007,66288.565000000002,0.010000000009,0.001508555813,"[{""price"":66288.56,""size"":0.04279662,""num_orders"":3},{""price"":66287.66,""size"":0.00046162,""num_orders"":1},{""price"":66287.65,""size"":0.12057831,""num_orders"":1},{""price"":66287.23,""size"":0.01508586,""num_orders"":2},{""price"":66286.98,""size"":1.7e-05,""num_orders"":1},{""price"":66286.9,""size"":0.02101621,""num_orders"":1},{""price"":66285.85,""size"":0.04970032,""num_orders"":1},{""price"":66285.64,""size"":0.15086222,""num_orders"":1},{""price"":66285.42,""size"":0.11718757,""num_orders"":1},{""price"":66285.4,""size"":0.19625445,""num_orders"":2}]","[{""price"":66288.57,""size"":0.05460088,""num_orders"":3},{""price"":66289.9,""size"":0.01508526,""num_orders"":2},{""price"":66290.46,""size"":0.00527997,""num_orders"":1},{""price"":66290.74,""size"":0.00184516,""num_orders"":1},{""price"":66292.7,""size"":0.00659996,""num_orders"":1},{""price"":66293.59,""size"":0.03771106,""num_orders"":1},{""price"":66294.24,""size"":0.12067414,""num_orders"":1},{""price"":66294.64,""size"":0.18127813,""num_orders"":1},{""price"":66294.72,""size"":0.00700509,""num_orders"":1},{""price"":66295.28,""size"":0.12057831,""num_orders"":1}]"
btc_usd_d10_20260721T211703Z,25,2026-07-21T21:42:03.590105Z,2026-07-21T21:42:03.590215Z,BTC-USD,10,ok,,133029123691,2026-07-21T21:42:01.630583177Z,0.89528549,0.3614303,0.424801847998,66289.5,66289.509999999995,66289.505000000005,0.009999999995,0.00150853442,"[{""price"":66289.5,""size"":0.03820553,""num_orders"":2},{""price"":66288.95,""size"":0.12068376,""num_orders"":1},{""price"":66288.17,""size"":0.01508564,""num_orders"":2},{""price"":66287.97,""size"":0.0052798,""num_orders"":1},{""price"":66287.63,""size"":0.00029507,""num_orders"":2},{""price"":66286.98,""size"":0.15085917,""num_orders"":1},{""price"":66286.43,""size"":0.00659969,""num_orders"":1},{""price"":66285.6,""size"":0.30132256,""num_orders"":1},{""price"":66285.59,""size"":0.18127813,""num_orders"":1},{""price"":66285.58,""size"":0.07567614,""num_orders"":1}]","[{""price"":66289.51,""size"":0.06345061,""num_orders"":3},{""price"":66290.84,""size"":0.01508504,""num_orders"":2},{""price"":66291.17,""size"":0.00527987,""num_orders"":1},{""price"":66291.48,""size"":9.424e-05,""num_orders"":2},{""price"":66292.12,""size"":0.00075425,""num_orders"":1},{""price"":66292.99,""size"":0.05115545,""num_orders"":1},{""price"":66293.41,""size"":0.00659983,""num_orders"":1},{""price"":66293.64,""size"":1.7e-05,""num_orders"":1},{""price"":66294.11,""size"":0.03771588,""num_orders"":1},{""price"":66295.01,""size"":0.18127813,""num_orders"":1}]"
btc_usd_d10_20260721T211703Z,26,2026-07-21T21:43:03.590105Z,2026-07-21T21:43:03.590222Z,BTC-USD,10,ok,,133029142755,2026-07-21T21:43:01.528282822Z,0.39134523,0.31571252,0.106968221478,66288.479999999996,66288.490000000005,66288.485000000001,0.010000000009,0.001508557634,"[{""price"":66288.48,""size"":0.03355501,""num_orders"":4},{""price"":66288.47,""size"":0.12068463,""num_orders"":1},{""price"":66288.3,""size"":0.12057831,""num_orders"":1},{""price"":66287.63,""size"":0.00029507,""num_orders"":2},{""price"":66287.57,""size"":0.00015038,""num_orders"":1},{""price"":66287.22,""size"":0.03771599,""num_orders"":1},{""price"":66287.07,""size"":0.0150859,""num_orders"":2},{""price"":66286.69,""size"":0.00527993,""num_orders"":1},{""price"":66286.59,""size"":0.03800001,""num_orders"":1},{""price"":66285.6,""size"":0.02,""num_orders"":1}]","[{""price"":66288.49,""size"":0.06557,""num_orders"":3},{""price"":66288.57,""size"":0.0747201,""num_orders"":1},{""price"":66289.87,""size"":0.01508526,""num_orders"":2},{""price"":66290.22,""size"":0.00527995,""num_orders"":1},{""price"":66290.83,""size"":0.00075427,""num_orders"":1},{""price"":66292.46,""size"":0.00659994,""num_orders"":1},{""price"":66293.0,""size"":0.02,""num_orders"":1},{""price"":66293.01,""size"":0.00684476,""num_orders"":1},{""price"":66293.02,""size"":0.02002154,""num_orders"":2},{""price"":66293.03,""size"":0.1008367,""num_orders"":2}]"
btc_usd_d10_20260721T211703Z,27,2026-07-21T21:44:03.590105Z,2026-07-21T21:44:03.590189Z,BTC-USD,10,ok,,133029177332,2026-07-21T21:44:02.184751422Z,0.6997239,0.74543216,-0.031628597952,66300.660000000003,66302.199999999997,66301.429999999993,1.539999999994,0.232272516595,"[{""price"":66300.66,""size"":0.12066243,""num_orders"":1},{""price"":66298.79,""size"":0.01204224,""num_orders"":1},{""price"":66297.34,""size"":0.12057831,""num_orders"":1},{""price"":66297.33,""size"":0.1206685,""num_orders"":1},{""price"":66296.97,""size"":1.7e-05,""num_orders"":1},{""price"":66296.57,""size"":0.00120676,""num_orders"":1},{""price"":66296.41,""size"":0.18127813,""num_orders"":1},{""price"":66296.4,""size"":0.07567614,""num_orders"":1},{""price"":66296.39,""size"":0.04706146,""num_orders"":1},{""price"":66296.32,""size"":0.02053293,""num_orders"":1}]","[{""price"":66302.2,""size"":0.04783208,""num_orders"":2},{""price"":66303.96,""size"":0.00527899,""num_orders"":1},{""price"":66304.7,""size"":0.12057831,""num_orders"":1},{""price"":66306.2,""size"":0.00659874,""num_orders"":1},{""price"":66306.44,""size"":0.02,""num_orders"":1},{""price"":66306.45,""size"":0.12065191,""num_orders"":1},{""price"":66306.8,""size"":0.12057831,""num_orders"":1},{""price"":66307.19,""size"":0.00791769,""num_orders"":1},{""price"":66307.52,""size"":9.426e-05,""num_orders"":1},{""price"":66308.03,""size"":0.29590187,""num_orders"":1}]"
btc_usd_d10_20260721T211703Z,28,2026-07-21T21:45:03.590105Z,2026-07-21T21:45:03.590216Z,BTC-USD,10,ok,,133029223360,2026-07-21T21:45:02.131020340Z,0.43972607,0.62948862,-0.177478435131,66303.809999999998,66306.149999999994,66304.979999999996,2.339999999997,0.352914667947,"[{""price"":66303.81,""size"":0.12065671,""num_orders"":1},{""price"":66303.71,""size"":0.00017585,""num_orders"":1},{""price"":66303.63,""size"":1.7e-05,""num_orders"":1},{""price"":66302.41,""size"":0.03770363,""num_orders"":1},{""price"":66300.3,""size"":1.7e-05,""num_orders"":1},{""price"":66299.48,""size"":0.12057831,""num_orders"":1},{""price"":66299.47,""size"":0.15083076,""num_orders"":1},{""price"":66298.94,""size"":0.0006942,""num_orders"":1},{""price"":66298.83,""size"":0.00754161,""num_orders"":1},{""price"":66298.62,""size"":0.001511,""num_orders"":1}]","[{""price"":66306.15,""size"":0.00527863,""num_orders"":1},{""price"":66306.16,""size"":0.03,""num_orders"":1},{""price"":66306.21,""size"":0.00452687,""num_orders"":3},{""price"":66306.22,""size"":0.12230892,""num_orders"":2},{""price"":66306.69,""size"":0.03562629,""num_orders"":1},{""price"":66307.87,""size"":0.00527863,""num_orders"":1},{""price"":66308.2,""size"":0.17864465,""num_orders"":2},{""price"":66308.21,""size"":0.12057831,""num_orders"":1},{""price"":66308.59,""size"":0.12064803,""num_orders"":1},{""price"":66310.11,""size"":0.00659829,""num_orders"":1}]"
btc_usd_d10_20260721T211703Z,29,2026-07-21T21:46:03.590105Z,2026-07-21T21:46:03.590216Z,BTC-USD,10,ok,,133029261151,2026-07-21T21:46:02.103402922Z,0.69881423,0.1493352,0.647856392476,66316.059999999998,66316.070000000007,66316.065000000002,0.010000000009,0.001507930244,"[{""price"":66316.06,""size"":0.13993333,""num_orders"":5},{""price"":66315.74,""size"":0.03769829,""num_orders"":1},{""price"":66314.92,""size"":0.001511,""num_orders"":1},{""price"":66314.73,""size"":0.0150796,""num_orders"":2},{""price"":66314.41,""size"":0.02,""num_orders"":1},{""price"":66314.4,""size"":0.00527775,""num_orders"":1},{""price"":66313.62,""size"":0.02,""num_orders"":1},{""price"":66313.61,""size"":0.00149592,""num_orders"":1},{""price"":66312.49,""size"":0.30701718,""num_orders"":2},{""price"":66312.48,""size"":0.15080116,""num_orders"":1}]","[{""price"":66316.07,""size"":0.06083626,""num_orders"":4},{""price"":66316.95,""size"":1.7e-05,""num_orders"":1},{""price"":66317.4,""size"":0.015079,""num_orders"":2},{""price"":66317.73,""size"":0.00527775,""num_orders"":1},{""price"":66318.18,""size"":0.001511,""num_orders"":1},{""price"":66319.96,""size"":0.02,""num_orders"":1},{""price"":66319.97,""size"":0.00659719,""num_orders"":1},{""price"":66320.27,""size"":0.02,""num_orders"":1},{""price"":66320.28,""size"":1.7e-05,""num_orders"":1},{""price"":66320.35,""size"":0.02,""num_orders"":1}]"
btc_usd_d10_20260721T211703Z,30,2026-07-21T21:47:03.590105Z,2026-07-21T21:47:03.590219Z,BTC-USD,10,ok,,133029296499,2026-07-21T21:47:01.047099501Z,1.02474446,1.13541626,-0.05123313232,66312.899999999994,66312.910000000003,66312.904999999999,0.010000000009,0.001508002101,"[{""price"":66312.9,""size"":0.08001136,""num_orders"":5},{""price"":66312.85,""size"":0.12057831,""num_orders"":1},{""price"":66312.84,""size"":0.12064028,""num_orders"":1},{""price"":66311.69,""size"":0.03770003,""num_orders"":1},{""price"":66311.42,""size"":0.01508036,""num_orders"":2},{""price"":66311.1,""size"":0.00527801,""num_orders"":1},{""price"":66309.89,""size"":0.12057831,""num_orders"":1},{""price"":66308.79,""size"":0.32359967,""num_orders"":1},{""price"":66308.78,""size"":0.18127813,""num_orders"":1},{""price"":66308.77,""size"":0.02,""num_orders"":1}]","[{""price"":66312.91,""size"":7.901e-05,""num_orders"":2},{""price"":66316.06,""size"":9e-07,""num_orders"":1},{""price"":66316.95,""size"":1.7e-05,""num_orders"":1},{""price"":66318.22,""size"":9.424e-05,""num_orders"":1},{""price"":66318.87,""size"":0.07567614,""num_orders"":1},{""price"":66319.19,""size"":0.00754024,""num_orders"":1},{""price"":66319.54,""size"":0.00753926,""num_orders"":1},{""price"":66320.24,""size"":0.18127813,""num_orders"":1},{""price"":66320.28,""size"":1.7e-05,""num_orders"":1},{""price"":66320.99,""size"":0.86317434,""num_orders"":2}]"
btc_usd_d10_20260721T211703Z,31,2026-07-21T21:48:03.590105Z,2026-07-21T21:48:03.590217Z,BTC-USD,10,ok,,133029344656,2026-07-21T21:48:02.043158613Z,0.22734764,0.67646493,-0.496914188746,66300.520000000004,66300.529999999999,66300.524999999994,0.009999999995,0.001508283682,"[{""price"":66300.52,""size"":0.00605482,""num_orders"":2},{""price"":66300.3,""size"":1.7e-05,""num_orders"":1},{""price"":66300.0,""size"":0.00102992,""num_orders"":2},{""price"":66299.19,""size"":0.01508314,""num_orders"":2},{""price"":66298.85,""size"":0.00527892,""num_orders"":1},{""price"":66298.78,""size"":0.037705,""num_orders"":1},{""price"":66298.62,""size"":0.001511,""num_orders"":1},{""price"":66297.7,""size"":0.02,""num_orders"":1},{""price"":66297.69,""size"":0.12066784,""num_orders"":1},{""price"":66297.07,""size"":0.02,""num_orders"":1}]","[{""price"":66300.53,""size"":0.03431588,""num_orders"":2},{""price"":66301.86,""size"":0.01508254,""num_orders"":2},{""price"":66302.19,""size"":0.00527899,""num_orders"":1},{""price"":66303.3,""size"":0.02,""num_orders"":1},{""price"":66303.31,""size"":0.12065763,""num_orders"":1},{""price"":66303.94,""size"":0.22647251,""num_orders"":2},{""price"":66303.95,""size"":0.11986317,""num_orders"":1},{""price"":66304.43,""size"":0.00659874,""num_orders"":1},{""price"":66304.64,""size"":0.12065522,""num_orders"":1},{""price"":66305.98,""size"":0.00754025,""num_orders"":1}]"
btc_usd_d10_20260721T211703Z,32,2026-07-21T21:49:03.590105Z,2026-07-21T21:49:03.590220Z,BTC-USD,10,ok,,133029377235,2026-07-21T21:49:01.181904162Z,1.15100391,0.31340086,0.57197508992,66325,66325.009999999995,66325.005000000005,0.009999999995,0.001507726987,"[{""price"":66325.0,""size"":0.14670799,""num_orders"":7},{""price"":66324.56,""size"":0.43862268,""num_orders"":1},{""price"":66324.55,""size"":0.18127813,""num_orders"":1},{""price"":66324.54,""size"":0.12057831,""num_orders"":1},{""price"":66324.53,""size"":0.12061901,""num_orders"":1},{""price"":66323.72,""size"":0.00075386,""num_orders"":1},{""price"":66323.67,""size"":0.01507758,""num_orders"":2},{""price"":66323.34,""size"":0.00527704,""num_orders"":1},{""price"":66322.53,""size"":0.12057831,""num_orders"":1},{""price"":66321.44,""size"":0.001511,""num_orders"":1}]","[{""price"":66325.01,""size"":6.494e-05,""num_orders"":2},{""price"":66328.99,""size"":9.423e-05,""num_orders"":1},{""price"":66329.93,""size"":0.01507616,""num_orders"":2},{""price"":66329.98,""size"":0.01545304,""num_orders"":2},{""price"":66331.22,""size"":0.001511,""num_orders"":1},{""price"":66331.6,""size"":0.12060618,""num_orders"":1},{""price"":66332.96,""size"":0.02,""num_orders"":1},{""price"":66332.97,""size"":0.12057831,""num_orders"":1},{""price"":66333.59,""size"":0.02,""num_orders"":1},{""price"":66333.6,""size"":1.7e-05,""num_orders"":1}]"
btc_usd_d10_20260721T211703Z,33,2026-07-21T21:50:03.590105Z,2026-07-21T21:50:03.590212Z,BTC-USD,10,ok,,133029423971,2026-07-21T21:50:01.114343456Z,1.26293049,0.82361097,0.210549144803,66330.259999999995,66330.270000000004,66330.264999999999,0.010000000009,0.001507607426,"[{""price"":66330.26,""size"":0.19786805,""num_orders"":4},{""price"":66328.6,""size"":0.00527662,""num_orders"":1},{""price"":66327.36,""size"":0.0007538,""num_orders"":1},{""price"":66326.98,""size"":0.09000863,""num_orders"":1},{""price"":66326.97,""size"":0.15076822,""num_orders"":1},{""price"":66326.94,""size"":0.3001649,""num_orders"":1},{""price"":66326.93,""size"":0.12057831,""num_orders"":1},{""price"":66326.36,""size"":0.00659578,""num_orders"":1},{""price"":66324.31,""size"":0.30185644,""num_orders"":2},{""price"":66322.02,""size"":0.08905974,""num_orders"":1}]","[{""price"":66330.27,""size"":1.7e-05,""num_orders"":1},{""price"":66333.57,""size"":0.00791454,""num_orders"":1},{""price"":66333.6,""size"":1.7e-05,""num_orders"":1},{""price"":66336.93,""size"":1.7e-05,""num_orders"":1},{""price"":66337.72,""size"":0.12059505,""num_orders"":1},{""price"":66337.97,""size"":0.2598285,""num_orders"":1},{""price"":66337.98,""size"":0.12057831,""num_orders"":1},{""price"":66337.99,""size"":0.02,""num_orders"":1},{""price"":66338.85,""size"":0.0376893,""num_orders"":1},{""price"":66338.98,""size"":0.25695427,""num_orders"":2}]"
btc_usd_d10_20260721T211703Z,34,2026-07-21T21:51:03.590105Z,2026-07-21T21:51:03.590211Z,BTC-USD,10,ok,,133029453460,2026-07-21T21:51:02.120616495Z,0.64268485,0.52076735,0.104789436128,66337.979999999996,66339.960000000006,66338.970000000001,1.98000000001,0.298467100109,"[{""price"":66337.98,""size"":0.08004918,""num_orders"":4},{""price"":66337.97,""size"":0.00527593,""num_orders"":1},{""price"":66337.91,""size"":0.12057809,""num_orders"":1},{""price"":66336.61,""size"":0.01507464,""num_orders"":2},{""price"":66336.26,""size"":0.00527593,""num_orders"":1},{""price"":66335.9,""size"":0.02,""num_orders"":1},{""price"":66335.89,""size"":0.12057831,""num_orders"":1},{""price"":66335.09,""size"":0.02,""num_orders"":1},{""price"":66335.08,""size"":0.12059983,""num_orders"":1},{""price"":66334.88,""size"":0.13525294,""num_orders"":1}]","[{""price"":66339.96,""size"":0.12059097,""num_orders"":1},{""price"":66340.09,""size"":0.00031568,""num_orders"":1},{""price"":66341.29,""size"":0.01507356,""num_orders"":2},{""price"":66341.52,""size"":0.12057831,""num_orders"":1},{""price"":66342.08,""size"":1e-06,""num_orders"":1},{""price"":66342.51,""size"":0.15073292,""num_orders"":1},{""price"":66343.59,""size"":1.7e-05,""num_orders"":1},{""price"":66343.65,""size"":0.03768756,""num_orders"":1},{""price"":66343.94,""size"":9.421e-05,""num_orders"":1},{""price"":66344.06,""size"":0.07567614,""num_orders"":1}]"
btc_usd_d10_20260721T211703Z,35,2026-07-21T21:52:03.590105Z,2026-07-21T21:52:03.590216Z,BTC-USD,10,ok,,133029483729,2026-07-21T21:52:01.825964188Z,0.38630231,0.37381748,0.016424819041,66339.389999999999,66340.529999999999,66339.959999999992,1.139999999999,0.17184212954,"[{""price"":66339.39,""size"":0.04532289,""num_orders"":4},{""price"":66339.34,""size"":0.02,""num_orders"":1},{""price"":66339.33,""size"":0.00026349,""num_orders"":1},{""price"":66338.85,""size"":0.02,""num_orders"":1},{""price"":66338.84,""size"":0.12057831,""num_orders"":1},{""price"":66338.82,""size"":0.12059303,""num_orders"":1},{""price"":66338.33,""size"":0.03768342,""num_orders"":1},{""price"":66338.0,""size"":0.01507432,""num_orders"":2},{""price"":66337.74,""size"":0.001511,""num_orders"":1},{""price"":66337.68,""size"":0.00527585,""num_orders"":1}]","[{""price"":66340.53,""size"":0.09583022,""num_orders"":3},{""price"":66340.66,""size"":7.257e-05,""num_orders"":2},{""price"":66341.94,""size"":0.01507342,""num_orders"":2},{""price"":66342.36,""size"":0.00527579,""num_orders"":1},{""price"":66343.06,""size"":0.12058534,""num_orders"":1},{""price"":66343.38,""size"":0.00753679,""num_orders"":1},{""price"":66343.84,""size"":0.12058392,""num_orders"":1},{""price"":66344.26,""size"":0.001511,""num_orders"":1},{""price"":66344.6,""size"":0.00659474,""num_orders"":1},{""price"":66345.11,""size"":0.00075369,""num_orders"":1}]"
btc_usd_d10_20260721T211703Z,36,2026-07-21T21:53:03.590105Z,2026-07-21T21:53:03.590214Z,BTC-USD,10,ok,,133029514155,2026-07-21T21:53:01.547627260Z,0.68585983,0.26578865,0.441414228918,66342.479999999996,66342.490000000005,66342.485000000001,0.010000000009,0.001507329731,"[{""price"":66342.48,""size"":0.02537098,""num_orders"":3},{""price"":66341.16,""size"":0.02,""num_orders"":1},{""price"":66341.15,""size"":0.0150736,""num_orders"":2},{""price"":66340.83,""size"":0.02,""num_orders"":1},{""price"":66340.82,""size"":0.00531152,""num_orders"":2},{""price"":66339.96,""size"":0.02,""num_orders"":1},{""price"":66339.95,""size"":0.30125156,""num_orders"":2},{""price"":66339.93,""size"":0.120591,""num_orders"":1},{""price"":66339.89,""size"":0.03768286,""num_orders"":1},{""price"":66339.38,""size"":0.12057831,""num_orders"":1}]","[{""price"":66342.49,""size"":0.05882199,""num_orders"":2},{""price"":66343.83,""size"":0.015073,""num_orders"":2},{""price"":66344.26,""size"":0.001511,""num_orders"":1},{""price"":66344.73,""size"":0.00037715,""num_orders"":2},{""price"":66345.08,""size"":0.12058166,""num_orders"":1},{""price"":66347.51,""size"":0.02,""num_orders"":1},{""price"":66347.52,""size"":0.001511,""num_orders"":1},{""price"":66347.8,""size"":0.02,""num_orders"":1},{""price"":66347.81,""size"":0.00791285,""num_orders"":1},{""price"":66347.98,""size"":0.02,""num_orders"":1}]"
btc_usd_d10_20260721T211703Z,37,2026-07-21T21:54:03.590105Z,2026-07-21T21:54:03.590213Z,BTC-USD,10,ok,,133029545362,2026-07-21T21:54:02.787572928Z,0.33018815,0.59210555,-0.283984808744,66324.289999999994,66325.630000000005,66324.959999999992,1.340000000011,0.202035553434,"[{""price"":66324.29,""size"":0.09089929,""num_orders"":4},{""price"":66324.28,""size"":0.04006749,""num_orders"":3},{""price"":66324.27,""size"":0.01322794,""num_orders"":2},{""price"":66324.24,""size"":3.09e-05,""num_orders"":1},{""price"":66324.05,""size"":0.00028948,""num_orders"":1},{""price"":66324.04,""size"":0.02999994,""num_orders"":3},{""price"":66323.61,""size"":1.7e-05,""num_orders"":1},{""price"":66322.73,""size"":0.02,""num_orders"":1},{""price"":66322.72,""size"":0.12057831,""num_orders"":1},{""price"":66322.7,""size"":0.0150778,""num_orders"":2}]","[{""price"":66325.63,""size"":0.00527704,""num_orders"":1},{""price"":66325.82,""size"":9.438e-05,""num_orders"":2},{""price"":66326.88,""size"":0.12061476,""num_orders"":1},{""price"":66327.12,""size"":0.18127813,""num_orders"":1},{""price"":66327.33,""size"":0.00527704,""num_orders"":1},{""price"":66327.96,""size"":0.001511,""num_orders"":1},{""price"":66328.76,""size"":0.12057831,""num_orders"":1},{""price"":66329.18,""size"":0.15076321,""num_orders"":1},{""price"":66329.57,""size"":0.00659631,""num_orders"":1},{""price"":66331.11,""size"":0.00011537,""num_orders"":1}]"
btc_usd_d10_20260721T211703Z,38,2026-07-21T21:55:03.590105Z,2026-07-21T21:55:03.590218Z,BTC-USD,10,ok,,133029573497,2026-07-21T21:55:02.017099085Z,2.41773873,0.39219859,0.720848869326,66338.279999999999,66340.039999999994,66339.160000000003,1.759999999995,0.265303329134,"[{""price"":66338.28,""size"":0.03723664,""num_orders"":2},{""price"":66337.62,""size"":0.12059521,""num_orders"":1},{""price"":66336.96,""size"":0.01507456,""num_orders"":2},{""price"":66336.49,""size"":0.12057831,""num_orders"":1},{""price"":66336.48,""size"":0.83960069,""num_orders"":2},{""price"":66335.86,""size"":0.15074801,""num_orders"":1},{""price"":66334.22,""size"":0.01331,""num_orders"":1},{""price"":66334.01,""size"":0.12057831,""num_orders"":1},{""price"":66334.0,""size"":1.0,""num_orders"":1},{""price"":66333.6,""size"":1.7e-05,""num_orders"":1}]","[{""price"":66340.04,""size"":0.10132664,""num_orders"":3},{""price"":66340.18,""size"":0.02765121,""num_orders"":1},{""price"":66340.72,""size"":8.443e-05,""num_orders"":2},{""price"":66341.48,""size"":0.12057831,""num_orders"":1},{""price"":66341.51,""size"":0.01507352,""num_orders"":2},{""price"":66341.91,""size"":0.00527592,""num_orders"":1},{""price"":66342.5,""size"":0.12058635,""num_orders"":1},{""price"":66343.59,""size"":1.7e-05,""num_orders"":1},{""price"":66344.06,""size"":9.421e-05,""num_orders"":1},{""price"":66344.26,""size"":0.001511,""num_orders"":1}]"
btc_usd_d10_20260721T211703Z,39,2026-07-21T21:56:03.590105Z,2026-07-21T21:56:03.590215Z,BTC-USD,10,ok,,133029609355,2026-07-21T21:56:03.320759131Z,0.76155059,0.748552,0.008607752934,66315.589999999997,66315.600000000006,66315.595000000001,0.010000000009,0.001507940931,"[{""price"":66315.59,""size"":0.08850747,""num_orders"":4},{""price"":66315.29,""size"":0.24121413,""num_orders"":2},{""price"":66315.28,""size"":0.18127813,""num_orders"":1},{""price"":66314.46,""size"":0.07567614,""num_orders"":1},{""price"":66313.62,""size"":1.7e-05,""num_orders"":1},{""price"":66313.43,""size"":0.00022119,""num_orders"":1},{""price"":66312.95,""size"":8.776e-05,""num_orders"":1},{""price"":66312.67,""size"":0.15080073,""num_orders"":1},{""price"":66312.31,""size"":0.00034804,""num_orders"":1},{""price"":66312.0,""size"":0.0234,""num_orders"":1}]","[{""price"":66315.6,""size"":0.08690809,""num_orders"":3},{""price"":66315.64,""size"":0.01494098,""num_orders"":1},{""price"":66317.45,""size"":0.0052778,""num_orders"":1},{""price"":66318.0,""size"":0.0244,""num_orders"":1},{""price"":66319.69,""size"":0.00659725,""num_orders"":1},{""price"":66320.0,""size"":0.0244,""num_orders"":1},{""price"":66320.31,""size"":0.02,""num_orders"":1},{""price"":66320.32,""size"":0.12057831,""num_orders"":1},{""price"":66321.33,""size"":0.26417144,""num_orders"":1},{""price"":66321.34,""size"":0.18127813,""num_orders"":1}]"
btc_usd_d10_20260721T211703Z,40,2026-07-21T21:57:03.590105Z,2026-07-21T21:57:03.590197Z,BTC-USD,10,ok,,133029627030,2026-07-21T21:57:03.183933868Z,0.45993143,0.161994,0.47905651647,66315.559999999998,66315.570000000007,66315.565000000002,0.010000000009,0.001507941614,"[{""price"":66315.56,""size"":0.23928441,""num_orders"":4},{""price"":66315.03,""size"":0.03493033,""num_orders"":2},{""price"":66315.0,""size"":0.00020726,""num_orders"":1},{""price"":66314.24,""size"":0.02,""num_orders"":1},{""price"":66314.23,""size"":0.01507972,""num_orders"":2},{""price"":66314.02,""size"":0.02,""num_orders"":1},{""price"":66314.01,""size"":0.12063814,""num_orders"":1},{""price"":66314.0,""size"":0.00449678,""num_orders"":1},{""price"":66313.93,""size"":0.00527779,""num_orders"":1},{""price"":66313.62,""size"":1.7e-05,""num_orders"":1}]","[{""price"":66315.57,""size"":0.07457323,""num_orders"":3},{""price"":66315.6,""size"":0.00020809,""num_orders"":1},{""price"":66316.93,""size"":0.0150791,""num_orders"":2},{""price"":66317.22,""size"":0.00150791,""num_orders"":1},{""price"":66317.45,""size"":0.0052778,""num_orders"":1},{""price"":66318.0,""size"":0.0297,""num_orders"":1},{""price"":66318.18,""size"":0.001511,""num_orders"":1},{""price"":66318.2,""size"":0.00753962,""num_orders"":1},{""price"":66319.69,""size"":0.00659725,""num_orders"":1},{""price"":66319.99,""size"":0.02,""num_orders"":1}]"
btc_usd_d10_20260721T211703Z,41,2026-07-21T21:58:03.590105Z,2026-07-21T21:58:03.590200Z,BTC-USD,10,ok,,133029654161,2026-07-21T21:58:01.047172824Z,2.40187365,0.26516909,0.801151225646,66320.220000000001,66321.130000000005,66320.675000000003,0.910000000003,0.137212113719,"[{""price"":66320.22,""size"":0.00527738,""num_orders"":1},{""price"":66320.21,""size"":0.01,""num_orders"":1},{""price"":66319.73,""size"":0.12062774,""num_orders"":1},{""price"":66319.5,""size"":1.0,""num_orders"":1},{""price"":66318.88,""size"":0.04544304,""num_orders"":3},{""price"":66318.56,""size"":0.00527738,""num_orders"":1},{""price"":66318.01,""size"":0.12057831,""num_orders"":1},{""price"":66318.0,""size"":1.0268,""num_orders"":2},{""price"":66317.99,""size"":0.03017566,""num_orders"":3},{""price"":66317.65,""size"":0.03769414,""num_orders"":1}]","[{""price"":66321.13,""size"":4.161e-05,""num_orders"":1},{""price"":66322.0,""size"":0.0282,""num_orders"":1},{""price"":66323.6,""size"":0.02,""num_orders"":1},{""price"":66323.99,""size"":0.02,""num_orders"":1},{""price"":66324.0,""size"":0.0282,""num_orders"":1},{""price"":66324.11,""size"":0.00659684,""num_orders"":1},{""price"":66324.18,""size"":0.02,""num_orders"":1},{""price"":66324.19,""size"":0.12061964,""num_orders"":1},{""price"":66324.7,""size"":0.001511,""num_orders"":1},{""price"":66324.97,""size"":0.02,""num_orders"":1}]"
btc_usd_d10_20260721T211703Z,42,2026-07-21T21:59:03.590105Z,2026-07-21T21:59:03.590225Z,BTC-USD,10,ok,,133029674768,2026-07-21T21:59:01.103285768Z,0.4895107,0.27871199,0.2743979223,66325.990000000005,66326,66325.994999999995,0.009999999995,0.001507704482,"[{""price"":66325.99,""size"":0.0911097,""num_orders"":5},{""price"":66325.27,""size"":0.03106841,""num_orders"":2},{""price"":66324.71,""size"":0.02,""num_orders"":1},{""price"":66324.7,""size"":0.001511,""num_orders"":1},{""price"":66324.67,""size"":0.02,""num_orders"":1},{""price"":66324.66,""size"":0.01507734,""num_orders"":2},{""price"":66324.36,""size"":0.02,""num_orders"":1},{""price"":66324.35,""size"":0.13469294,""num_orders"":1},{""price"":66324.33,""size"":0.00527696,""num_orders"":1},{""price"":66324.27,""size"":0.15077435,""num_orders"":1}]","[{""price"":66326.0,""size"":0.07591964,""num_orders"":3},{""price"":66327.33,""size"":0.01507674,""num_orders"":2},{""price"":66327.66,""size"":0.00527696,""num_orders"":1},{""price"":66327.96,""size"":0.001511,""num_orders"":1},{""price"":66328.0,""size"":0.0268,""num_orders"":1},{""price"":66329.48,""size"":0.12057831,""num_orders"":1},{""price"":66329.9,""size"":0.0065962,""num_orders"":1},{""price"":66330.0,""size"":0.0268,""num_orders"":1},{""price"":66330.24,""size"":0.00013614,""num_orders"":2},{""price"":66330.27,""size"":1.7e-05,""num_orders"":1}]"
btc_usd_d10_20260721T211703Z,43,2026-07-21T22:00:03.590105Z,2026-07-21T22:00:03.590217Z,BTC-USD,10,ok,,133029704527,2026-07-21T22:00:01.345042886Z,0.36612588,0.57865048,-0.224946991688,66328,66329.990000000005,66328.994999999995,1.990000000005,0.300019621887,"[{""price"":66328.0,""size"":0.0254,""num_orders"":1},{""price"":66327.0,""size"":0.14057831,""num_orders"":2},{""price"":66326.97,""size"":0.00456141,""num_orders"":1},{""price"":66326.94,""size"":1.7e-05,""num_orders"":1},{""price"":66326.32,""size"":0.03768401,""num_orders"":1},{""price"":66326.0,""size"":0.0254,""num_orders"":1},{""price"":66325.0,""size"":0.01,""num_orders"":1},{""price"":66324.96,""size"":0.00035571,""num_orders"":1},{""price"":66324.84,""size"":0.12061844,""num_orders"":1},{""price"":66324.7,""size"":0.001511,""num_orders"":1}]","[{""price"":66329.99,""size"":0.01256836,""num_orders"":1},{""price"":66330.0,""size"":0.0254,""num_orders"":1},{""price"":66331.65,""size"":0.00527672,""num_orders"":1},{""price"":66332.0,""size"":0.0254,""num_orders"":1},{""price"":66333.65,""size"":0.15075306,""num_orders"":1},{""price"":66333.77,""size"":0.12057831,""num_orders"":1},{""price"":66333.89,""size"":0.0065959,""num_orders"":1},{""price"":66334.0,""size"":0.0254,""num_orders"":1},{""price"":66335.48,""size"":0.18127813,""num_orders"":1},{""price"":66336.0,""size"":0.0254,""num_orders"":1}]"
btc_usd_d10_20260721T211703Z,44,2026-07-21T22:01:03.590105Z,2026-07-21T22:01:03.590214Z,BTC-USD,10,ok,,133029747950,2026-07-21T22:01:01.104501901Z,0.3566816,0.99920382,-0.473876487292,66312,66316.100000000006,66314.050000000003,4.100000000006,0.61827018558,"[{""price"":66312.0,""size"":0.0266,""num_orders"":1},{""price"":66311.71,""size"":0.12064233,""num_orders"":1},{""price"":66311.66,""size"":0.001511,""num_orders"":1},{""price"":66311.12,""size"":0.00754021,""num_orders"":1},{""price"":66310.66,""size"":0.03769814,""num_orders"":1},{""price"":66310.29,""size"":1.7e-05,""num_orders"":1},{""price"":66310.24,""size"":0.00035299,""num_orders"":1},{""price"":66310.0,""size"":0.01,""num_orders"":1},{""price"":66309.07,""size"":0.15080893,""num_orders"":1},{""price"":66308.4,""size"":0.001511,""num_orders"":1}]","[{""price"":66316.1,""size"":0.09538951,""num_orders"":5},{""price"":66317.43,""size"":0.015079,""num_orders"":2},{""price"":66317.76,""size"":0.00527775,""num_orders"":1},{""price"":66318.0,""size"":0.00018845,""num_orders"":2},{""price"":66319.35,""size"":0.2021838,""num_orders"":1},{""price"":66319.36,""size"":0.18127813,""num_orders"":1},{""price"":66319.38,""size"":0.15079101,""num_orders"":1},{""price"":66319.62,""size"":0.12062796,""num_orders"":1},{""price"":66320.0,""size"":0.00659719,""num_orders"":1},{""price"":66320.43,""size"":0.22179102,""num_orders"":2}]"
btc_usd_d10_20260721T211703Z,45,2026-07-21T22:02:03.590105Z,2026-07-21T22:02:03.590217Z,BTC-USD,10,ok,,133029782356,2026-07-21T22:02:01.545791825Z,0.60570624,0.43856734,0.160052789998,66300.289999999994,66300.300000000003,66300.294999999998,0.010000000009,0.001508288916,"[{""price"":66300.29,""size"":0.28441,""num_orders"":2},{""price"":66300.0,""size"":0.0279,""num_orders"":1},{""price"":66298.68,""size"":0.03784128,""num_orders"":2},{""price"":66298.29,""size"":0.12175091,""num_orders"":2},{""price"":66298.0,""size"":0.0279,""num_orders"":1},{""price"":66296.97,""size"":0.00834128,""num_orders"":1},{""price"":66296.55,""size"":0.0364835,""num_orders"":1},{""price"":66296.0,""size"":0.0279,""num_orders"":1},{""price"":66295.3,""size"":0.00527927,""num_orders"":1},{""price"":66294.0,""size"":0.0279,""num_orders"":1}]","[{""price"":66300.3,""size"":1.7e-05,""num_orders"":1},{""price"":66300.31,""size"":0.17944788,""num_orders"":3},{""price"":66300.95,""size"":9.427e-05,""num_orders"":1},{""price"":66301.88,""size"":0.001511,""num_orders"":1},{""price"":66301.94,""size"":0.01545958,""num_orders"":2},{""price"":66302.27,""size"":9.427e-05,""num_orders"":1},{""price"":66303.56,""size"":0.07567614,""num_orders"":1},{""price"":66303.6,""size"":0.01545919,""num_orders"":2},{""price"":66303.63,""size"":1.7e-05,""num_orders"":1},{""price"":66303.68,""size"":0.15079101,""num_orders"":1}]"
btc_usd_d10_20260721T211703Z,46,2026-07-21T22:03:03.590105Z,2026-07-21T22:03:03.590217Z,BTC-USD,10,ok,,133029838773,2026-07-21T22:03:01.033573865Z,0.67478908,1.02693355,-0.206934117107,66325.970000000001,66325.979999999996,66325.975000000006,0.009999999995,0.001507704937,"[{""price"":66325.97,""size"":0.06527696,""num_orders"":3},{""price"":66324.31,""size"":0.00527696,""num_orders"":1},{""price"":66323.31,""size"":0.04573581,""num_orders"":2},{""price"":66322.07,""size"":0.0065962,""num_orders"":1},{""price"":66322.0,""size"":0.0307,""num_orders"":1},{""price"":66321.57,""size"":0.15079101,""num_orders"":1},{""price"":66321.1,""size"":0.12062524,""num_orders"":1},{""price"":66320.45,""size"":0.0376935,""num_orders"":1},{""price"":66320.0,""size"":0.03081527,""num_orders"":2},{""price"":66318.94,""size"":0.18127813,""num_orders"":1}]","[{""price"":66325.98,""size"":0.1465008,""num_orders"":1},{""price"":66326.94,""size"":1.7e-05,""num_orders"":1},{""price"":66327.54,""size"":0.02,""num_orders"":1},{""price"":66327.55,""size"":0.12061353,""num_orders"":1},{""price"":66327.96,""size"":0.2938169,""num_orders"":1},{""price"":66327.97,""size"":0.18127813,""num_orders"":1},{""price"":66327.98,""size"":0.15079101,""num_orders"":1},{""price"":66327.99,""size"":0.07567614,""num_orders"":1},{""price"":66328.0,""size"":0.0307,""num_orders"":1},{""price"":66329.86,""size"":0.00754004,""num_orders"":1}]"
btc_usd_d10_20260721T211703Z,47,2026-07-21T22:04:03.590105Z,2026-07-21T22:04:03.590217Z,BTC-USD,10,ok,,133029886920,2026-07-21T22:04:01.547890183Z,0.56118111,0.7499991,-0.144006131697,66326.080000000002,66326.089999999997,66326.084999999992,0.009999999995,0.001507702436,"[{""price"":66326.08,""size"":0.05586859,""num_orders"":2},{""price"":66325.54,""size"":0.00075385,""num_orders"":1},{""price"":66324.75,""size"":0.01512896,""num_orders"":3},{""price"":66324.42,""size"":0.0052769,""num_orders"":1},{""price"":66324.0,""size"":0.00106632,""num_orders"":1},{""price"":66323.63,""size"":0.15079101,""num_orders"":1},{""price"":66323.62,""size"":0.18127813,""num_orders"":1},{""price"":66323.31,""size"":0.12062122,""num_orders"":1},{""price"":66322.18,""size"":0.00659613,""num_orders"":1},{""price"":66322.0,""size"":0.0238,""num_orders"":1}]","[{""price"":66326.09,""size"":0.06005262,""num_orders"":3},{""price"":66327.2,""size"":0.02,""num_orders"":1},{""price"":66327.21,""size"":0.22495189,""num_orders"":2},{""price"":66327.35,""size"":0.00014368,""num_orders"":1},{""price"":66327.42,""size"":0.01507672,""num_orders"":2},{""price"":66328.61,""size"":0.12061161,""num_orders"":1},{""price"":66329.98,""size"":0.02,""num_orders"":1},{""price"":66329.99,""size"":0.15079101,""num_orders"":1},{""price"":66330.0,""size"":0.06269543,""num_orders"":2},{""price"":66330.16,""size"":0.07567614,""num_orders"":1}]"
btc_usd_d10_20260721T211703Z,48,2026-07-21T22:05:03.590105Z,2026-07-21T22:05:03.590218Z,BTC-USD,10,ok,,133029923933,2026-07-21T22:05:01.103997223Z,2.73010757,0.41789454,0.734501740852,66322.029999999999,66322.759999999995,66322.39499999999,0.729999999996,0.11006840148,"[{""price"":66322.03,""size"":0.04160504,""num_orders"":1},{""price"":66322.02,""size"":0.0268518,""num_orders"":1},{""price"":66322.01,""size"":0.11966972,""num_orders"":1},{""price"":66322.0,""size"":0.0289,""num_orders"":1},{""price"":66320.69,""size"":0.00150783,""num_orders"":1},{""price"":66320.0,""size"":0.0289,""num_orders"":1},{""price"":66319.11,""size"":0.12062887,""num_orders"":1},{""price"":66319.01,""size"":1.2112533,""num_orders"":1},{""price"":66319.0,""size"":1.0,""num_orders"":1},{""price"":66318.01,""size"":0.15079101,""num_orders"":1}]","[{""price"":66322.76,""size"":0.06,""num_orders"":2},{""price"":66324.09,""size"":0.00753874,""num_orders"":1},{""price"":66324.41,""size"":0.00527728,""num_orders"":1},{""price"":66325.76,""size"":0.15079101,""num_orders"":1},{""price"":66325.77,""size"":0.03768873,""num_orders"":1},{""price"":66326.0,""size"":0.0289,""num_orders"":1},{""price"":66326.65,""size"":0.00659661,""num_orders"":1},{""price"":66326.94,""size"":1.7e-05,""num_orders"":1},{""price"":66326.97,""size"":0.00047143,""num_orders"":2},{""price"":66327.44,""size"":0.12061374,""num_orders"":1}]"
btc_usd_d10_20260721T211703Z,49,2026-07-21T22:06:03.590105Z,2026-07-21T22:06:03.590223Z,BTC-USD,10,ok,,133029961433,2026-07-21T22:06:02.540498410Z,0.39487509,1.06043574,-0.457332300619,66290.309999999998,66290.320000000007,66290.315000000002,0.010000000009,0.001508515989,"[{""price"":66290.31,""size"":0.11868405,""num_orders"":5},{""price"":66288.0,""size"":0.0302,""num_orders"":1},{""price"":66286.99,""size"":0.02,""num_orders"":1},{""price"":66286.98,""size"":1.7e-05,""num_orders"":1},{""price"":66286.76,""size"":0.12068774,""num_orders"":1},{""price"":66286.01,""size"":0.02,""num_orders"":1},{""price"":66286.0,""size"":0.0302,""num_orders"":1},{""price"":66285.35,""size"":0.02,""num_orders"":1},{""price"":66285.34,""size"":0.0150863,""num_orders"":2},{""price"":66285.02,""size"":0.02,""num_orders"":1}]","[{""price"":66290.32,""size"":0.06603404,""num_orders"":4},{""price"":66290.98,""size"":0.28240577,""num_orders"":1},{""price"":66290.99,""size"":0.07567614,""num_orders"":1},{""price"":66291.5,""size"":0.03771126,""num_orders"":1},{""price"":66291.65,""size"":0.12067885,""num_orders"":1},{""price"":66291.98,""size"":0.0052798,""num_orders"":1},{""price"":66293.64,""size"":0.15079101,""num_orders"":1},{""price"":66293.65,""size"":0.12083304,""num_orders"":2},{""price"":66294.0,""size"":0.19442608,""num_orders"":1},{""price"":66294.22,""size"":0.00659975,""num_orders"":1}]"
btc_usd_d10_20260721T211703Z,50,2026-07-21T22:07:03.590105Z,2026-07-21T22:07:03.590211Z,BTC-USD,10,ok,,133029991688,2026-07-21T22:07:02.602761741Z,0.64190071,0.60268811,0.031506469743,66290.009999999995,66290.020000000004,66290.014999999999,0.010000000009,0.001508522816,"[{""price"":66290.01,""size"":0.10676087,""num_orders"":4},{""price"":66288.34,""size"":0.00527983,""num_orders"":1},{""price"":66288.0,""size"":0.02736069,""num_orders"":2},{""price"":66286.97,""size"":0.15079101,""num_orders"":1},{""price"":66286.68,""size"":0.00075426,""num_orders"":1},{""price"":66286.1,""size"":0.00659978,""num_orders"":1},{""price"":66286.0,""size"":0.0273,""num_orders"":1},{""price"":66285.65,""size"":0.18127813,""num_orders"":1},{""price"":66285.64,""size"":0.12068978,""num_orders"":1},{""price"":66285.03,""size"":0.01508636,""num_orders"":2}]","[{""price"":66290.02,""size"":0.02792969,""num_orders"":1},{""price"":66291.01,""size"":0.12068001,""num_orders"":1},{""price"":66291.06,""size"":0.19457545,""num_orders"":1},{""price"":66291.29,""size"":0.18127813,""num_orders"":1},{""price"":66291.3,""size"":0.07562502,""num_orders"":1},{""price"":66291.47,""size"":0.00076656,""num_orders"":1},{""price"":66292.1,""size"":0.001511,""num_orders"":1},{""price"":66293.52,""size"":0.00014741,""num_orders"":2},{""price"":66293.64,""size"":1.7e-05,""num_orders"":1},{""price"":66293.65,""size"":0.00015784,""num_orders"":1}]"
btc_usd_d10_20260721T211703Z,51,2026-07-21T22:08:03.590105Z,2026-07-21T22:08:03.590214Z,BTC-USD,10,ok,,133030027265,2026-07-21T22:08:02.046671330Z,3.57580878,0.42639111,0.786921632243,66293.5,66293.509999999995,66293.505000000005,0.009999999995,0.001508443398,"[{""price"":66293.5,""size"":0.22711335,""num_orders"":7},{""price"":66293.49,""size"":0.00026367,""num_orders"":1},{""price"":66293.01,""size"":0.02,""num_orders"":1},{""price"":66293.0,""size"":1.0,""num_orders"":1},{""price"":66292.95,""size"":0.12067646,""num_orders"":1},{""price"":66292.51,""size"":0.15079101,""num_orders"":1},{""price"":66292.5,""size"":1.0,""num_orders"":1},{""price"":66292.17,""size"":0.01508474,""num_orders"":2},{""price"":66292.0,""size"":1.0366,""num_orders"":2},{""price"":66291.84,""size"":0.00527955,""num_orders"":1}]","[{""price"":66293.51,""size"":0.12030047,""num_orders"":4},{""price"":66293.64,""size"":1.7e-05,""num_orders"":1},{""price"":66294.84,""size"":0.01508414,""num_orders"":2},{""price"":66295.36,""size"":0.001511,""num_orders"":1},{""price"":66296.77,""size"":0.0451888,""num_orders"":1},{""price"":66296.78,""size"":0.07567614,""num_orders"":1},{""price"":66296.97,""size"":1.7e-05,""num_orders"":1},{""price"":66297.99,""size"":0.12971328,""num_orders"":2},{""price"":66298.0,""size"":0.0385,""num_orders"":1},{""price"":66298.07,""size"":0.00038328,""num_orders"":1}]"
btc_usd_d10_20260721T211703Z,52,2026-07-21T22:09:03.590105Z,2026-07-21T22:09:03.590220Z,BTC-USD,10,ok,,133030064202,2026-07-21T22:09:02.184466701Z,3.42745584,0.5185699,0.737168516291,66290.309999999998,66290.320000000007,66290.315000000002,0.010000000009,0.001508515989,"[{""price"":66290.31,""size"":0.04602272,""num_orders"":2},{""price"":66289.0,""size"":1.0,""num_orders"":1},{""price"":66288.98,""size"":0.01508546,""num_orders"":2},{""price"":66288.02,""size"":0.15079101,""num_orders"":1},{""price"":66288.0,""size"":2.0429,""num_orders"":3},{""price"":66287.99,""size"":0.1206855,""num_orders"":1},{""price"":66286.98,""size"":1.7e-05,""num_orders"":1},{""price"":66286.0,""size"":0.0429,""num_orders"":1},{""price"":66285.58,""size"":0.001511,""num_orders"":1},{""price"":66285.34,""size"":0.00754315,""num_orders"":1}]","[{""price"":66290.32,""size"":0.14858435,""num_orders"":6},{""price"":66291.62,""size"":0.11579039,""num_orders"":2},{""price"":66291.65,""size"":0.01508486,""num_orders"":2},{""price"":66291.98,""size"":0.0052798,""num_orders"":1},{""price"":66292.0,""size"":0.0429,""num_orders"":1},{""price"":66292.95,""size"":0.1206765,""num_orders"":1},{""price"":66293.51,""size"":0.00075425,""num_orders"":1},{""price"":66293.6,""size"":0.02,""num_orders"":1},{""price"":66294.0,""size"":0.0429,""num_orders"":1},{""price"":66294.22,""size"":0.00659975,""num_orders"":1}]"
btc_usd_d10_20260721T211703Z,53,2026-07-21T22:10:03.590105Z,2026-07-21T22:10:03.590214Z,BTC-USD,10,ok,,133030102140,2026-07-21T22:10:00.844184428Z,2.45095267,0.60209804,0.605576128803,66309.490000000005,66309.929999999993,66309.709999999992,0.439999999988,0.066355289442,"[{""price"":66309.49,""size"":0.0094,""num_orders"":1},{""price"":66309.4,""size"":0.06527828,""num_orders"":3},{""price"":66309.37,""size"":0.11856994,""num_orders"":3},{""price"":66309.0,""size"":2.0,""num_orders"":2},{""price"":66308.04,""size"":0.01508112,""num_orders"":2},{""price"":66308.01,""size"":0.15079101,""num_orders"":1},{""price"":66308.0,""size"":0.0429,""num_orders"":1},{""price"":66307.71,""size"":0.00527828,""num_orders"":1},{""price"":66307.11,""size"":0.00075404,""num_orders"":1},{""price"":66306.0,""size"":0.0429,""num_orders"":1}]","[{""price"":66309.93,""size"":0.02821376,""num_orders"":4},{""price"":66310.07,""size"":0.15279337,""num_orders"":1},{""price"":66310.08,""size"":0.07567614,""num_orders"":1},{""price"":66310.29,""size"":1.7e-05,""num_orders"":1},{""price"":66311.66,""size"":0.001511,""num_orders"":1},{""price"":66312.0,""size"":0.0429,""num_orders"":1},{""price"":66313.32,""size"":0.12063941,""num_orders"":1},{""price"":66313.43,""size"":9.425e-05,""num_orders"":1},{""price"":66313.62,""size"":1.7e-05,""num_orders"":1},{""price"":66313.94,""size"":0.18023611,""num_orders"":1}]"
btc_usd_d10_20260721T211703Z,54,2026-07-21T22:11:03.590105Z,2026-07-21T22:11:03.590220Z,BTC-USD,10,ok,,133030129743,2026-07-21T22:11:01.629007867Z,3.29474535,0.73380859,0.635696281629,66307.300000000003,66307.970000000001,66307.635000000009,0.669999999998,0.101044170856,"[{""price"":66307.3,""size"":0.08152737,""num_orders"":1},{""price"":66307.09,""size"":0.12065073,""num_orders"":1},{""price"":66307.0,""size"":1.0,""num_orders"":1},{""price"":66306.97,""size"":0.04047219,""num_orders"":2},{""price"":66306.96,""size"":1.7e-05,""num_orders"":1},{""price"":66306.4,""size"":0.00036715,""num_orders"":1},{""price"":66306.39,""size"":0.00202153,""num_orders"":1},{""price"":66306.0,""size"":2.0429,""num_orders"":3},{""price"":66305.7,""size"":0.00527838,""num_orders"":1},{""price"":66305.14,""size"":0.001511,""num_orders"":1}]","[{""price"":66307.97,""size"":0.08481833,""num_orders"":4},{""price"":66308.11,""size"":0.00115379,""num_orders"":1},{""price"":66309.3,""size"":0.01508084,""num_orders"":2},{""price"":66309.65,""size"":0.00527843,""num_orders"":1},{""price"":66310.0,""size"":0.0429,""num_orders"":1},{""price"":66310.75,""size"":0.30503437,""num_orders"":1},{""price"":66310.76,""size"":0.15079101,""num_orders"":1},{""price"":66311.47,""size"":0.12064278,""num_orders"":1},{""price"":66311.66,""size"":0.001511,""num_orders"":1},{""price"":66311.89,""size"":0.00659804,""num_orders"":1}]"
btc_usd_d10_20260721T211703Z,55,2026-07-21T22:12:03.590105Z,2026-07-21T22:12:03.590214Z,BTC-USD,10,ok,,133030159373,2026-07-21T22:12:01.845309502Z,3.28495011,1.35621739,0.415570590805,66301.880000000005,66301.889999999999,66301.885000000009,0.009999999995,0.001508252743,"[{""price"":66301.88,""size"":0.00045079,""num_orders"":1},{""price"":66299.0,""size"":1.00754159,""num_orders"":2},{""price"":66298.5,""size"":1.0,""num_orders"":1},{""price"":66298.0,""size"":1.0429,""num_orders"":2},{""price"":66297.34,""size"":0.01508356,""num_orders"":2},{""price"":66296.97,""size"":1.7e-05,""num_orders"":1},{""price"":66296.73,""size"":0.04538365,""num_orders"":2},{""price"":66296.0,""size"":0.0429,""num_orders"":1},{""price"":66295.0,""size"":0.01,""num_orders"":1},{""price"":66294.57,""size"":0.12067352,""num_orders"":1}]","[{""price"":66301.89,""size"":0.47277679,""num_orders"":5},{""price"":66303.97,""size"":0.22207561,""num_orders"":2},{""price"":66303.98,""size"":5.444e-05,""num_orders"":1},{""price"":66304.0,""size"":0.04295261,""num_orders"":2},{""price"":66304.52,""size"":0.12065542,""num_orders"":1},{""price"":66305.77,""size"":0.15079101,""num_orders"":1},{""price"":66305.78,""size"":0.04705724,""num_orders"":1},{""price"":66306.0,""size"":0.0429,""num_orders"":1},{""price"":66307.94,""size"":0.07567614,""num_orders"":1},{""price"":66307.95,""size"":0.18127813,""num_orders"":1}]"
btc_usd_d10_20260721T211703Z,56,2026-07-21T22:13:03.590105Z,2026-07-21T22:13:03.590221Z,BTC-USD,10,ok,,133030193884,2026-07-21T22:13:01.102794767Z,2.6533085,0.84952727,0.514948843862,66280,66280.009999999995,66280.005000000005,0.009999999995,0.00150875064,"[{""price"":66280.0,""size"":0.1365893,""num_orders"":4},{""price"":66279.77,""size"":0.02,""num_orders"":1},{""price"":66279.76,""size"":0.01866377,""num_orders"":1},{""price"":66279.01,""size"":0.02,""num_orders"":1},{""price"":66279.0,""size"":1.0,""num_orders"":1},{""price"":66278.34,""size"":0.00528062,""num_orders"":1},{""price"":66277.02,""size"":0.15079101,""num_orders"":1},{""price"":66277.01,""size"":0.18127813,""num_orders"":1},{""price"":66277.0,""size"":1.0,""num_orders"":1},{""price"":66276.91,""size"":0.12070567,""num_orders"":1}]","[{""price"":66280.01,""size"":0.11721988,""num_orders"":7},{""price"":66281.26,""size"":0.07567614,""num_orders"":1},{""price"":66281.67,""size"":0.00528062,""num_orders"":1},{""price"":66282.21,""size"":0.15079101,""num_orders"":1},{""price"":66282.22,""size"":0.18465462,""num_orders"":1},{""price"":66282.23,""size"":0.120696,""num_orders"":1},{""price"":66282.42,""size"":0.03772409,""num_orders"":1},{""price"":66283.49,""size"":0.15086713,""num_orders"":1},{""price"":66283.65,""size"":1.7e-05,""num_orders"":1},{""price"":66283.91,""size"":0.00660078,""num_orders"":1}]"
btc_usd_d10_20260721T211703Z,57,2026-07-21T22:14:03.590105Z,2026-07-21T22:14:03.590219Z,BTC-USD,10,ok,,133030224025,2026-07-21T22:14:01.542213050Z,2.69416793,0.4127392,0.734308633808,66286.020000000004,66286.029999999999,66286.024999999994,0.009999999995,0.001508613617,"[{""price"":66286.02,""size"":0.12623276,""num_orders"":4},{""price"":66284.67,""size"":0.01508644,""num_orders"":2},{""price"":66284.35,""size"":0.00528011,""num_orders"":1},{""price"":66284.0,""size"":0.0429,""num_orders"":1},{""price"":66282.72,""size"":0.18127813,""num_orders"":1},{""price"":66282.11,""size"":0.00660013,""num_orders"":1},{""price"":66282.01,""size"":0.15079101,""num_orders"":1},{""price"":66282.0,""size"":2.0429,""num_orders"":3},{""price"":66281.93,""size"":0.12069653,""num_orders"":1},{""price"":66281.8,""size"":0.00240282,""num_orders"":1}]","[{""price"":66286.03,""size"":0.13449644,""num_orders"":7},{""price"":66286.77,""size"":0.02,""num_orders"":1},{""price"":66286.78,""size"":0.12068772,""num_orders"":1},{""price"":66286.98,""size"":1.92e-06,""num_orders"":1},{""price"":66287.36,""size"":0.01508584,""num_orders"":2},{""price"":66287.69,""size"":0.00528014,""num_orders"":1},{""price"":66287.73,""size"":0.02,""num_orders"":1},{""price"":66287.74,""size"":0.07567614,""num_orders"":1},{""price"":66288.83,""size"":0.02,""num_orders"":1},{""price"":66288.84,""size"":0.001511,""num_orders"":1}]"
btc_usd_d10_20260721T211703Z,58,2026-07-21T22:15:03.590105Z,2026-07-21T22:15:03.590219Z,BTC-USD,10,ok,,133030263904,2026-07-21T22:15:03.064253869Z,2.48476769,0.59506184,0.613574820162,66274.449999999997,66274.460000000006,66274.455000000002,0.010000000009,0.001508876989,"[{""price"":66274.45,""size"":0.24076752,""num_orders"":11},{""price"":66274.01,""size"":0.02,""num_orders"":1},{""price"":66274.0,""size"":0.0429,""num_orders"":1},{""price"":66273.66,""size"":1.7e-05,""num_orders"":1},{""price"":66273.13,""size"":0.02,""num_orders"":1},{""price"":66273.12,""size"":0.01508908,""num_orders"":2},{""price"":66273.01,""size"":0.02,""num_orders"":1},{""price"":66273.0,""size"":2.0,""num_orders"":2},{""price"":66272.87,""size"":0.12071303,""num_orders"":1},{""price"":66272.79,""size"":0.00528106,""num_orders"":1}]","[{""price"":66274.46,""size"":0.14370622,""num_orders"":9},{""price"":66274.48,""size"":0.03,""num_orders"":1},{""price"":66274.49,""size"":0.00075443,""num_orders"":1},{""price"":66275.79,""size"":0.01508846,""num_orders"":2},{""price"":66275.8,""size"":0.001511,""num_orders"":1},{""price"":66276.12,""size"":0.00528106,""num_orders"":1},{""price"":66277.13,""size"":0.19739286,""num_orders"":2},{""price"":66277.77,""size"":0.03772378,""num_orders"":1},{""price"":66277.82,""size"":0.12070403,""num_orders"":1},{""price"":66278.0,""size"":0.0429,""num_orders"":1}]"
btc_usd_d10_20260721T211703Z,59,2026-07-21T22:16:03.590105Z,2026-07-21T22:16:03.590221Z,BTC-USD,10,ok,,133030290180,2026-07-21T22:16:02.343786570Z,3.39464359,0.35424998,0.811010916482,66272.869999999995,66272.880000000005,66272.875,0.010000000009,0.001508912962,"[{""price"":66272.87,""size"":0.16977572,""num_orders"":5},{""price"":66272.25,""size"":0.00078928,""num_orders"":1},{""price"":66272.0,""size"":1.0,""num_orders"":1},{""price"":66271.54,""size"":0.01508944,""num_orders"":2},{""price"":66271.51,""size"":0.15079101,""num_orders"":1},{""price"":66271.5,""size"":1.0,""num_orders"":1},{""price"":66271.35,""size"":0.00528114,""num_orders"":1},{""price"":66271.0,""size"":1.0,""num_orders"":1},{""price"":66270.33,""size"":1.7e-05,""num_orders"":1},{""price"":66270.0,""size"":0.0529,""num_orders"":2}]","[{""price"":66272.88,""size"":0.10461401,""num_orders"":4},{""price"":66273.94,""size"":0.1207111,""num_orders"":1},{""price"":66273.99,""size"":0.00048942,""num_orders"":1},{""price"":66274.0,""size"":0.0429,""num_orders"":1},{""price"":66274.21,""size"":0.01508882,""num_orders"":2},{""price"":66274.54,""size"":0.00528119,""num_orders"":1},{""price"":66274.56,""size"":0.00075444,""num_orders"":1},{""price"":66275.68,""size"":0.02,""num_orders"":1},{""price"":66275.8,""size"":0.001511,""num_orders"":1},{""price"":66276.0,""size"":0.0429,""num_orders"":1}]"
btc_usd_d10_20260721T230231Z,0,2026-07-21T23:02:31.215091Z,2026-07-21T23:02:31.215128Z,BTC-USD,10,ok,,133031700756,2026-07-21T23:02:30.508464516Z,6.66552507,0.18202537,0.946834894728,66227.029999999999,66227.039999999994,66227.035000000003,0.009999999995,0.001509957375,"[{""price"":66227.03,""size"":0.31499596,""num_orders"":8},{""price"":66227.01,""size"":0.02,""num_orders"":1},{""price"":66227.0,""size"":1.0,""num_orders"":1},{""price"":66226.89,""size"":0.09064778,""num_orders"":1},{""price"":66226.51,""size"":2.07089678,""num_orders"":1},{""price"":66226.5,""size"":1.0,""num_orders"":1},{""price"":66226.0,""size"":1.0429,""num_orders"":2},{""price"":66225.37,""size"":0.00528485,""num_orders"":1},{""price"":66225.32,""size"":0.1207997,""num_orders"":1},{""price"":66225.0,""size"":1.0,""num_orders"":1}]","[{""price"":66227.04,""size"":1.7e-05,""num_orders"":1},{""price"":66228.81,""size"":0.00136869,""num_orders"":1},{""price"":66230.16,""size"":0.001511,""num_orders"":1},{""price"":66230.37,""size"":1.7e-05,""num_orders"":1},{""price"":66230.55,""size"":0.02,""num_orders"":1},{""price"":66230.56,""size"":0.0377498,""num_orders"":1},{""price"":66230.73,""size"":0.12078986,""num_orders"":1},{""price"":66231.01,""size"":9.437e-05,""num_orders"":1},{""price"":66231.14,""size"":9.437e-05,""num_orders"":1},{""price"":66231.47,""size"":0.00038328,""num_orders"":1}]"
btc_usd_d10_20260721T230231Z,1,2026-07-21T23:03:31.215091Z,2026-07-21T23:03:31.215229Z,BTC-USD,10,ok,,133031733292,2026-07-21T23:03:28.633448653Z,4.72910748,0.19521137,0.920715381783,66221.720000000001,66221.729999999996,66221.725000000006,0.009999999995,0.001510078452,"[{""price"":66221.72,""size"":0.40495005,""num_orders"":6},{""price"":66221.19,""size"":0.02,""num_orders"":1},{""price"":66221.18,""size"":0.12080726,""num_orders"":1},{""price"":66221.01,""size"":2.0215015,""num_orders"":1},{""price"":66221.0,""size"":1.0,""num_orders"":1},{""price"":66220.5,""size"":1.0,""num_orders"":1},{""price"":66220.39,""size"":0.01510108,""num_orders"":2},{""price"":66220.37,""size"":0.05081454,""num_orders"":2},{""price"":66220.06,""size"":0.00528527,""num_orders"":1},{""price"":66220.02,""size"":0.09064778,""num_orders"":1}]","[{""price"":66221.73,""size"":0.06,""num_orders"":2},{""price"":66223.06,""size"":0.01510048,""num_orders"":2},{""price"":66223.71,""size"":0.020017,""num_orders"":2},{""price"":66225.7,""size"":9.437e-05,""num_orders"":1},{""price"":66226.0,""size"":0.0429,""num_orders"":1},{""price"":66226.7,""size"":0.01547715,""num_orders"":2},{""price"":66226.89,""size"":0.02,""num_orders"":1},{""price"":66226.9,""size"":0.001511,""num_orders"":1},{""price"":66227.03,""size"":0.02009437,""num_orders"":2},{""price"":66227.04,""size"":1.7e-05,""num_orders"":1}]"
btc_usd_d10_20260721T230231Z,2,2026-07-21T23:04:31.215091Z,2026-07-21T23:04:31.215221Z,BTC-USD,10,ok,,133031769214,2026-07-21T23:04:30.088219305Z,3.54452874,0.48840641,0.757791091682,66223.710000000006,66223.720000000001,66223.714999999997,0.009999999995,0.001510033074,"[{""price"":66223.71,""size"":0.10242641,""num_orders"":6},{""price"":66223.02,""size"":0.02,""num_orders"":1},{""price"":66223.01,""size"":0.09064778,""num_orders"":1},{""price"":66223.0,""size"":1.0,""num_orders"":1},{""price"":66222.38,""size"":0.01510064,""num_orders"":2},{""price"":66222.01,""size"":0.18127813,""num_orders"":1},{""price"":66222.0,""size"":1.0429,""num_orders"":2},{""price"":66221.01,""size"":0.09064778,""num_orders"":1},{""price"":66221.0,""size"":1.0,""num_orders"":1},{""price"":66220.38,""size"":0.001528,""num_orders"":2}]","[{""price"":66223.72,""size"":0.08374203,""num_orders"":4},{""price"":66223.74,""size"":0.03,""num_orders"":1},{""price"":66225.05,""size"":0.01510002,""num_orders"":2},{""price"":66225.38,""size"":0.00528511,""num_orders"":1},{""price"":66225.61,""size"":0.00136015,""num_orders"":1},{""price"":66225.78,""size"":0.12079888,""num_orders"":1},{""price"":66226.0,""size"":0.0429,""num_orders"":1},{""price"":66226.56,""size"":0.03775287,""num_orders"":1},{""price"":66227.02,""size"":0.15099577,""num_orders"":1},{""price"":66227.05,""size"":0.00047158,""num_orders"":2}]"
btc_usd_d10_20260721T230231Z,3,2026-07-21T23:05:31.215091Z,2026-07-21T23:05:31.215221Z,BTC-USD,10,ok,,133031795469,2026-07-21T23:05:29.602659772Z,2.39675122,0.65959734,0.56837557821,66204.699999999997,66204.710000000006,66204.705000000002,0.010000000009,0.001510466667,"[{""price"":66204.7,""size"":0.13808902,""num_orders"":6},{""price"":66203.73,""size"":1.7e-05,""num_orders"":1},{""price"":66203.37,""size"":0.01510498,""num_orders"":2},{""price"":66203.13,""size"":0.02499622,""num_orders"":1},{""price"":66202.14,""size"":0.02,""num_orders"":1},{""price"":66202.13,""size"":0.02499622,""num_orders"":1},{""price"":66202.0,""size"":0.0429,""num_orders"":1},{""price"":66201.02,""size"":0.02,""num_orders"":1},{""price"":66201.01,""size"":0.11064778,""num_orders"":2},{""price"":66201.0,""size"":2.0,""num_orders"":2}]","[{""price"":66204.71,""size"":0.31810405,""num_orders"":8},{""price"":66204.72,""size"":0.03,""num_orders"":1},{""price"":66204.74,""size"":0.03,""num_orders"":1},{""price"":66206.0,""size"":0.0429,""num_orders"":1},{""price"":66206.04,""size"":0.01510436,""num_orders"":2},{""price"":66206.37,""size"":0.00528663,""num_orders"":1},{""price"":66207.04,""size"":0.09064778,""num_orders"":1},{""price"":66207.05,""size"":0.11925852,""num_orders"":1},{""price"":66207.07,""size"":0.00074408,""num_orders"":2},{""price"":66207.21,""size"":0.00755192,""num_orders"":1}]"
btc_usd_d10_20260721T230231Z,4,2026-07-21T23:06:31.215091Z,2026-07-21T23:06:31.215222Z,BTC-USD,10,ok,,133031832534,2026-07-21T23:06:28.631418658Z,1.65785388,0.11575857,0.869465767451,66223.630000000005,66223.639999999999,66223.635000000009,0.009999999995,0.001510034898,"[{""price"":66223.63,""size"":0.5145631,""num_orders"":4},{""price"":66223.57,""size"":0.1208029,""num_orders"":1},{""price"":66222.9,""size"":0.48484657,""num_orders"":3},{""price"":66222.25,""size"":0.18127813,""num_orders"":1},{""price"":66222.0,""size"":0.0429,""num_orders"":1},{""price"":66220.94,""size"":0.05211963,""num_orders"":1},{""price"":66220.93,""size"":0.05211963,""num_orders"":1},{""price"":66220.68,""size"":0.09064778,""num_orders"":1},{""price"":66220.02,""size"":0.07567614,""num_orders"":1},{""price"":66220.0,""size"":0.0429,""num_orders"":1}]","[{""price"":66223.64,""size"":0.001511,""num_orders"":1},{""price"":66223.71,""size"":1.7e-05,""num_orders"":1},{""price"":66224.0,""size"":0.00792764,""num_orders"":1},{""price"":66224.56,""size"":0.00528533,""num_orders"":1},{""price"":66225.72,""size"":0.02493676,""num_orders"":2},{""price"":66225.73,""size"":0.02500134,""num_orders"":1},{""price"":66226.79,""size"":0.00660666,""num_orders"":1},{""price"":66226.9,""size"":0.001511,""num_orders"":1},{""price"":66227.04,""size"":6.184e-05,""num_orders"":2},{""price"":66228.0,""size"":0.0429,""num_orders"":1}]"
btc_usd_d10_20260721T230231Z,5,2026-07-21T23:07:31.215091Z,2026-07-21T23:07:31.215221Z,BTC-USD,10,ok,,133031854536,2026-07-21T23:07:30.045068866Z,0.35817343,1.13754348,-0.521067887104,66227.039999999994,66227.050000000003,66227.044999999998,0.010000000009,0.00150995715,"[{""price"":66227.04,""size"":0.03850378,""num_orders"":3},{""price"":66225.0,""size"":0.01,""num_orders"":1},{""price"":66224.01,""size"":0.09064778,""num_orders"":1},{""price"":66224.0,""size"":0.04289999,""num_orders"":1},{""price"":66223.71,""size"":1.7e-05,""num_orders"":1},{""price"":66223.64,""size"":0.001511,""num_orders"":1},{""price"":66223.32,""size"":0.00071961,""num_orders"":1},{""price"":66222.07,""size"":0.00755035,""num_orders"":1},{""price"":66222.02,""size"":0.09064778,""num_orders"":1},{""price"":66222.01,""size"":0.07567614,""num_orders"":1}]","[{""price"":66227.05,""size"":0.60084071,""num_orders"":7},{""price"":66227.51,""size"":0.12079572,""num_orders"":1},{""price"":66228.18,""size"":0.00176051,""num_orders"":1},{""price"":66228.38,""size"":0.01509926,""num_orders"":2},{""price"":66228.71,""size"":0.00528485,""num_orders"":1},{""price"":66230.36,""size"":0.09064778,""num_orders"":1},{""price"":66230.37,""size"":0.13281811,""num_orders"":2},{""price"":66230.38,""size"":0.12079048,""num_orders"":1},{""price"":66230.94,""size"":0.00660606,""num_orders"":1},{""price"":66232.0,""size"":0.0429,""num_orders"":1}]"
btc_usd_d10_20260721T230231Z,6,2026-07-21T23:08:31.215091Z,2026-07-21T23:08:31.215221Z,BTC-USD,10,ok,,133031878894,2026-07-21T23:08:28.518459054Z,0.83153615,0.54164126,0.211112481089,66234.070000000007,66234.080000000002,66234.075000000012,0.009999999995,0.001509796882,"[{""price"":66234.07,""size"":0.01543866,""num_orders"":4},{""price"":66233.79,""size"":0.02,""num_orders"":1},{""price"":66232.39,""size"":0.02,""num_orders"":1},{""price"":66232.38,""size"":0.32859205,""num_orders"":1},{""price"":66232.36,""size"":0.00528424,""num_orders"":1},{""price"":66232.01,""size"":0.18127813,""num_orders"":1},{""price"":66232.0,""size"":0.0429,""num_orders"":1},{""price"":66231.61,""size"":0.09064778,""num_orders"":1},{""price"":66230.65,""size"":0.12078998,""num_orders"":1},{""price"":66230.13,""size"":0.00660531,""num_orders"":1}]","[{""price"":66234.08,""size"":0.06425666,""num_orders"":3},{""price"":66235.74,""size"":0.00528428,""num_orders"":1},{""price"":66235.77,""size"":0.12078066,""num_orders"":1},{""price"":66236.67,""size"":0.02,""num_orders"":1},{""price"":66236.68,""size"":0.001511,""num_orders"":1},{""price"":66236.81,""size"":0.02,""num_orders"":1},{""price"":66236.82,""size"":0.1813966,""num_orders"":2},{""price"":66237.02,""size"":0.03774728,""num_orders"":1},{""price"":66237.03,""size"":1.7e-05,""num_orders"":1},{""price"":66237.36,""size"":0.09064778,""num_orders"":1}]"
btc_usd_d10_20260721T230231Z,7,2026-07-21T23:09:31.215091Z,2026-07-21T23:09:31.215216Z,BTC-USD,10,ok,,133031906608,2026-07-21T23:09:28.340336446Z,4.64900391,0.45832702,0.82052190223,66230.979999999996,66230.990000000005,66230.985000000001,0.010000000009,0.001509867324,"[{""price"":66230.98,""size"":0.58542307,""num_orders"":8},{""price"":66230.02,""size"":0.09064778,""num_orders"":1},{""price"":66230.01,""size"":1.55396517,""num_orders"":1},{""price"":66230.0,""size"":1.0429,""num_orders"":2},{""price"":66229.66,""size"":0.12079179,""num_orders"":1},{""price"":66229.65,""size"":0.01509898,""num_orders"":2},{""price"":66229.0,""size"":1.0,""num_orders"":1},{""price"":66228.47,""size"":0.18127813,""num_orders"":1},{""price"":66228.0,""size"":0.0429,""num_orders"":1},{""price"":66227.86,""size"":0.01599899,""num_orders"":1}]","[{""price"":66230.99,""size"":0.07637168,""num_orders"":3},{""price"":66232.32,""size"":0.01509836,""num_orders"":2},{""price"":66232.65,""size"":0.00528463,""num_orders"":1},{""price"":66233.18,""size"":0.03773743,""num_orders"":1},{""price"":66234.0,""size"":0.0429,""num_orders"":1},{""price"":66234.88,""size"":0.00660579,""num_orders"":1},{""price"":66235.38,""size"":0.02,""num_orders"":1},{""price"":66235.39,""size"":0.12078135,""num_orders"":1},{""price"":66235.49,""size"":0.09064778,""num_orders"":1},{""price"":66236.0,""size"":0.0429,""num_orders"":1}]"
btc_usd_d10_20260721T230231Z,8,2026-07-21T23:10:31.215091Z,2026-07-21T23:10:31.215248Z,BTC-USD,10,ok,,133031937915,2026-07-21T23:10:30.086893837Z,5.68571973,0.41400361,0.864254954881,66202.479999999996,66202.490000000005,66202.485000000001,0.010000000009,0.001510517318,"[{""price"":66202.48,""size"":0.43789909,""num_orders"":12},{""price"":66202.03,""size"":0.02,""num_orders"":1},{""price"":66202.02,""size"":0.11064778,""num_orders"":2},{""price"":66202.01,""size"":1.9232628,""num_orders"":1},{""price"":66202.0,""size"":1.05643297,""num_orders"":2},{""price"":66201.26,""size"":0.12084361,""num_orders"":1},{""price"":66201.15,""size"":0.01510548,""num_orders"":2},{""price"":66201.0,""size"":2.0,""num_orders"":2},{""price"":66200.82,""size"":0.001511,""num_orders"":1},{""price"":66200.4,""size"":1.7e-05,""num_orders"":1}]","[{""price"":66202.49,""size"":0.00527903,""num_orders"":2},{""price"":66204.15,""size"":0.00528681,""num_orders"":1},{""price"":66205.97,""size"":0.0001669,""num_orders"":1},{""price"":66206.38,""size"":0.00660851,""num_orders"":1},{""price"":66206.75,""size"":0.03776105,""num_orders"":1},{""price"":66207.98,""size"":0.09064778,""num_orders"":1},{""price"":66207.99,""size"":0.18127813,""num_orders"":1},{""price"":66208.0,""size"":0.0429,""num_orders"":1},{""price"":66208.62,""size"":0.0011754,""num_orders"":1},{""price"":66210.0,""size"":0.0429,""num_orders"":1}]"
btc_usd_d10_20260721T230231Z,9,2026-07-21T23:11:31.215091Z,2026-07-21T23:11:31.215230Z,BTC-USD,10,ok,,133031969475,2026-07-21T23:11:30.534769866Z,1.11950667,0.4134298,0.460604130581,66230.360000000001,66230.369999999995,66230.364999999991,0.009999999995,0.001509881456,"[{""price"":66230.36,""size"":0.57046443,""num_orders"":11},{""price"":66230.33,""size"":0.02,""num_orders"":1},{""price"":66230.32,""size"":0.21066072,""num_orders"":2},{""price"":66230.06,""size"":0.00075494,""num_orders"":1},{""price"":66230.0,""size"":0.0429,""num_orders"":1},{""price"":66229.03,""size"":0.01509912,""num_orders"":2},{""price"":66228.7,""size"":0.00528458,""num_orders"":1},{""price"":66228.0,""size"":0.0429,""num_orders"":1},{""price"":66227.84,""size"":0.1207951,""num_orders"":1},{""price"":66227.03,""size"":0.09064778,""num_orders"":1}]","[{""price"":66230.37,""size"":1.7e-05,""num_orders"":1},{""price"":66232.27,""size"":0.12078704,""num_orders"":1},{""price"":66232.88,""size"":0.09064778,""num_orders"":1},{""price"":66233.49,""size"":0.0150981,""num_orders"":2},{""price"":66233.7,""size"":1.7e-05,""num_orders"":1},{""price"":66234.0,""size"":0.0429,""num_orders"":1},{""price"":66234.34,""size"":9.436e-05,""num_orders"":1},{""price"":66235.1,""size"":0.03774562,""num_orders"":1},{""price"":66235.29,""size"":0.09064778,""num_orders"":1},{""price"":66235.34,""size"":0.01547512,""num_orders"":2}]"
btc_usd_d10_20260721T230231Z,10,2026-07-21T23:12:31.215091Z,2026-07-21T23:12:31.215256Z,BTC-USD,10,ok,,133031999031,2026-07-21T23:12:27.046527062Z,4.47932737,1.52342281,0.492425050412,66255.940000000002,66255.949999999997,66255.945000000007,0.009999999995,0.001509298523,"[{""price"":66255.94,""size"":0.18746689,""num_orders"":4},{""price"":66253.67,""size"":0.00123117,""num_orders"":1},{""price"":66252.78,""size"":0.00075464,""num_orders"":1},{""price"":66252.54,""size"":0.04441868,""num_orders"":1},{""price"":66250.51,""size"":1.21975487,""num_orders"":2},{""price"":66250.5,""size"":1.0,""num_orders"":1},{""price"":66250.0,""size"":1.0429,""num_orders"":2},{""price"":66249.04,""size"":0.09064778,""num_orders"":1},{""price"":66249.03,""size"":0.71087521,""num_orders"":2},{""price"":66249.02,""size"":0.18127813,""num_orders"":1}]","[{""price"":66255.95,""size"":0.94683534,""num_orders"":6},{""price"":66255.96,""size"":3.159e-05,""num_orders"":1},{""price"":66256.0,""size"":0.0429,""num_orders"":1},{""price"":66256.53,""size"":0.09064778,""num_orders"":1},{""price"":66256.54,""size"":0.18718954,""num_orders"":1},{""price"":66256.55,""size"":0.12074278,""num_orders"":1},{""price"":66257.01,""size"":1.7e-05,""num_orders"":1},{""price"":66258.0,""size"":0.0429,""num_orders"":1},{""price"":66259.38,""size"":0.09064778,""num_orders"":1},{""price"":66259.5,""size"":0.001511,""num_orders"":1}]"
btc_usd_d10_20260721T230231Z,11,2026-07-21T23:13:31.215091Z,2026-07-21T23:13:31.215267Z,BTC-USD,10,ok,,133032022812,2026-07-21T23:13:29.026255395Z,0.1957493,0.5489602,-0.47429353325,66243.690000000002,66243.699999999997,66243.695000000007,0.009999999995,0.001509577628,"[{""price"":66243.69,""size"":0.05577656,""num_orders"":4},{""price"":66243.68,""size"":1.2e-07,""num_orders"":1},{""price"":66243.65,""size"":1.3e-07,""num_orders"":1},{""price"":66242.36,""size"":0.01509608,""num_orders"":2},{""price"":66242.0,""size"":0.0429,""num_orders"":1},{""price"":66240.36,""size"":1.7e-05,""num_orders"":1},{""price"":66240.0,""size"":0.0529,""num_orders"":2},{""price"":66239.94,""size"":0.001511,""num_orders"":1},{""price"":66239.08,""size"":0.02,""num_orders"":1},{""price"":66239.07,""size"":0.00754841,""num_orders"":1}]","[{""price"":66243.7,""size"":0.11516852,""num_orders"":3},{""price"":66244.05,""size"":0.12680383,""num_orders"":3},{""price"":66245.03,""size"":0.01509548,""num_orders"":2},{""price"":66245.51,""size"":0.03773709,""num_orders"":1},{""price"":66245.7,""size"":0.12076255,""num_orders"":1},{""price"":66245.71,""size"":0.00528349,""num_orders"":1},{""price"":66246.0,""size"":0.0429,""num_orders"":1},{""price"":66247.03,""size"":0.00215121,""num_orders"":1},{""price"":66247.94,""size"":0.00660436,""num_orders"":1},{""price"":66247.99,""size"":0.07645367,""num_orders"":2}]"
btc_usd_d10_20260721T230231Z,12,2026-07-21T23:14:31.215091Z,2026-07-21T23:14:31.215219Z,BTC-USD,10,ok,,133032047841,2026-07-21T23:14:28.602505658Z,3.88231368,0.26200182,0.873560871512,66234.009999999995,66234.020000000004,66234.014999999999,0.010000000009,0.001509798252,"[{""price"":66234.01,""size"":0.11696852,""num_orders"":4},{""price"":66233.01,""size"":1.39533039,""num_orders"":1},{""price"":66233.0,""size"":1.0,""num_orders"":1},{""price"":66232.52,""size"":0.07567614,""num_orders"":1},{""price"":66232.51,""size"":0.09064778,""num_orders"":1},{""price"":66232.5,""size"":1.0,""num_orders"":1},{""price"":66232.0,""size"":0.0429,""num_orders"":1},{""price"":66230.64,""size"":0.02,""num_orders"":1},{""price"":66230.63,""size"":0.02,""num_orders"":1},{""price"":66230.18,""size"":0.12079085,""num_orders"":1}]","[{""price"":66234.02,""size"":0.0052845,""num_orders"":1},{""price"":66236.25,""size"":0.00660571,""num_orders"":1},{""price"":66236.73,""size"":0.03774646,""num_orders"":1},{""price"":66237.03,""size"":1.7e-05,""num_orders"":1},{""price"":66237.23,""size"":0.12077799,""num_orders"":1},{""price"":66238.0,""size"":0.0429,""num_orders"":1},{""price"":66238.4,""size"":9.436e-05,""num_orders"":1},{""price"":66238.55,""size"":0.04027246,""num_orders"":1},{""price"":66239.39,""size"":0.00754838,""num_orders"":1},{""price"":66239.4,""size"":0.00075496,""num_orders"":1}]"
btc_usd_d10_20260721T230231Z,13,2026-07-21T23:15:31.215091Z,2026-07-21T23:15:31.215222Z,BTC-USD,10,ok,,133032074359,2026-07-21T23:15:30.540863437Z,2.22542544,0.45212593,0.662284029307,66252.509999999995,66252.520000000004,66252.514999999999,0.010000000009,0.001509376664,"[{""price"":66252.51,""size"":0.17421775,""num_orders"":5},{""price"":66252.48,""size"":1e-07,""num_orders"":1},{""price"":66252.01,""size"":0.00149127,""num_orders"":1},{""price"":66252.0,""size"":1.76361796,""num_orders"":5},{""price"":66251.18,""size"":0.01509408,""num_orders"":2},{""price"":66250.85,""size"":0.00528281,""num_orders"":1},{""price"":66250.27,""size"":0.00253598,""num_orders"":1},{""price"":66250.0,""size"":0.0429,""num_orders"":1},{""price"":66249.72,""size"":0.001511,""num_orders"":1},{""price"":66249.57,""size"":0.21877449,""num_orders"":1}]","[{""price"":66252.52,""size"":0.11574085,""num_orders"":5},{""price"":66253.84,""size"":0.02,""num_orders"":1},{""price"":66253.85,""size"":0.01509346,""num_orders"":2},{""price"":66253.86,""size"":0.02,""num_orders"":1},{""price"":66253.87,""size"":0.10487236,""num_orders"":1},{""price"":66254.17,""size"":0.02,""num_orders"":1},{""price"":66254.18,""size"":0.02528281,""num_orders"":2},{""price"":66254.19,""size"":0.12074708,""num_orders"":1},{""price"":66254.67,""size"":0.00194753,""num_orders"":3},{""price"":66254.68,""size"":0.00844184,""num_orders"":1}]"
btc_usd_d10_20260721T230231Z,14,2026-07-21T23:16:31.215091Z,2026-07-21T23:16:31.215209Z,BTC-USD,10,ok,,133032102948,2026-07-21T23:16:29.827321347Z,0.38243072,0.41906444,-0.045706726414,66277.380000000005,66277.389999999999,66277.385000000009,0.009999999995,0.001508810282,"[{""price"":66277.38,""size"":0.21555742,""num_orders"":4},{""price"":66276.9,""size"":0.00321928,""num_orders"":1},{""price"":66276.06,""size"":0.02,""num_orders"":1},{""price"":66276.05,""size"":0.0150884,""num_orders"":2},{""price"":66276.01,""size"":0.02,""num_orders"":1},{""price"":66276.0,""size"":0.0429,""num_orders"":1},{""price"":66275.35,""size"":0.02038477,""num_orders"":2},{""price"":66275.34,""size"":0.02,""num_orders"":1},{""price"":66275.33,""size"":0.00528085,""num_orders"":1},{""price"":66275.02,""size"":0.02,""num_orders"":1}]","[{""price"":66277.39,""size"":0.03970786,""num_orders"":4},{""price"":66277.45,""size"":0.1207047,""num_orders"":1},{""price"":66278.52,""size"":0.03772163,""num_orders"":1},{""price"":66278.78,""size"":0.01508778,""num_orders"":2},{""price"":66279.05,""size"":0.00528083,""num_orders"":1},{""price"":66279.98,""size"":0.15087513,""num_orders"":1},{""price"":66280.32,""size"":1.7e-05,""num_orders"":1},{""price"":66280.5,""size"":0.02306847,""num_orders"":1},{""price"":66281.29,""size"":0.00660104,""num_orders"":1},{""price"":66281.36,""size"":0.02,""num_orders"":1}]"
btc_usd_d10_20260721T230231Z,15,2026-07-21T23:17:31.215091Z,2026-07-21T23:17:31.215247Z,BTC-USD,10,ok,,133032139955,2026-07-21T23:17:29.604927656Z,0.47589919,0.65098499,-0.15537160172,66288,66288.009999999995,66288.005000000005,0.009999999995,0.001508568555,"[{""price"":66288.0,""size"":0.27652319,""num_orders"":6},{""price"":66286.34,""size"":0.00527998,""num_orders"":1},{""price"":66286.14,""size"":0.09064778,""num_orders"":1},{""price"":66286.0,""size"":0.0429,""num_orders"":1},{""price"":66285.61,""size"":0.00162707,""num_orders"":1},{""price"":66285.01,""size"":0.00942098,""num_orders"":2},{""price"":66284.98,""size"":1.1e-07,""num_orders"":1},{""price"":66284.1,""size"":0.00659998,""num_orders"":1},{""price"":66284.0,""size"":0.0429,""num_orders"":1},{""price"":66283.98,""size"":1e-07,""num_orders"":1}]","[{""price"":66288.01,""size"":0.12697465,""num_orders"":4},{""price"":66288.02,""size"":0.11039349,""num_orders"":1},{""price"":66289.96,""size"":0.02,""num_orders"":1},{""price"":66289.97,""size"":0.13975465,""num_orders"":2},{""price"":66290.31,""size"":1.7e-05,""num_orders"":1},{""price"":66290.62,""size"":0.15085092,""num_orders"":1},{""price"":66291.98,""size"":0.02,""num_orders"":1},{""price"":66291.99,""size"":0.02009428,""num_orders"":2},{""price"":66292.0,""size"":0.0429,""num_orders"":1},{""price"":66292.09,""size"":0.02,""num_orders"":1}]"
btc_usd_d10_20260721T230231Z,16,2026-07-21T23:18:31.215091Z,2026-07-21T23:18:31.215211Z,BTC-USD,10,ok,,133032175741,2026-07-21T23:18:28.578131873Z,8.03164887,0.16593478,0.959516172793,66270.080000000002,66270.089999999997,66270.084999999992,0.009999999995,0.001508976485,"[{""price"":66270.08,""size"":0.61047287,""num_orders"":11},{""price"":66270.02,""size"":0.18127813,""num_orders"":1},{""price"":66270.01,""size"":2.9656026,""num_orders"":2},{""price"":66270.0,""size"":2.0429,""num_orders"":3},{""price"":66269.41,""size"":0.07567614,""num_orders"":1},{""price"":66269.0,""size"":1.0,""num_orders"":1},{""price"":66268.75,""size"":0.01509006,""num_orders"":2},{""price"":66268.42,""size"":0.00708129,""num_orders"":1},{""price"":66268.0,""size"":1.0429,""num_orders"":2},{""price"":66267.87,""size"":0.09064778,""num_orders"":1}]","[{""price"":66270.09,""size"":0.00528155,""num_orders"":1},{""price"":66270.75,""size"":0.00116139,""num_orders"":1},{""price"":66271.42,""size"":0.01508946,""num_orders"":2},{""price"":66272.33,""size"":0.00660193,""num_orders"":1},{""price"":66272.54,""size"":0.001511,""num_orders"":1},{""price"":66273.12,""size"":9.431e-05,""num_orders"":1},{""price"":66273.41,""size"":0.12071207,""num_orders"":1},{""price"":66273.66,""size"":1.7e-05,""num_orders"":1},{""price"":66274.11,""size"":0.00792165,""num_orders"":1},{""price"":66274.12,""size"":0.00754442,""num_orders"":1}]"
btc_usd_d10_20260721T230231Z,17,2026-07-21T23:19:31.215091Z,2026-07-21T23:19:31.215242Z,BTC-USD,10,ok,,133032214115,2026-07-21T23:19:29.141621719Z,6.00839784,0.30297338,0.903991266101,66288.029999999999,66288.039999999994,66288.035000000003,0.009999999995,0.001508567873,"[{""price"":66288.03,""size"":0.34348551,""num_orders"":8},{""price"":66288.02,""size"":0.09064778,""num_orders"":1},{""price"":66288.01,""size"":1.68166577,""num_orders"":1},{""price"":66288.0,""size"":1.0429,""num_orders"":2},{""price"":66287.0,""size"":1.0,""num_orders"":1},{""price"":66286.7,""size"":0.02036586,""num_orders"":3},{""price"":66286.5,""size"":1.0,""num_orders"":1},{""price"":66286.01,""size"":0.78492192,""num_orders"":1},{""price"":66286.0,""size"":0.0429,""num_orders"":1},{""price"":66285.58,""size"":0.001511,""num_orders"":1}]","[{""price"":66288.04,""size"":0.03458915,""num_orders"":3},{""price"":66289.37,""size"":0.01508538,""num_orders"":2},{""price"":66289.7,""size"":0.00527998,""num_orders"":1},{""price"":66290.03,""size"":0.12068181,""num_orders"":1},{""price"":66290.31,""size"":0.00012223,""num_orders"":2},{""price"":66290.93,""size"":0.03771485,""num_orders"":1},{""price"":66291.93,""size"":0.02,""num_orders"":1},{""price"":66291.94,""size"":0.00659998,""num_orders"":1},{""price"":66291.99,""size"":0.02,""num_orders"":1},{""price"":66292.0,""size"":0.0429,""num_orders"":1}]"
btc_usd_d10_20260721T230231Z,18,2026-07-21T23:20:31.215091Z,2026-07-21T23:20:31.215222Z,BTC-USD,10,ok,,133032246402,2026-07-21T23:20:30.045081303Z,5.23650194,0.50563575,0.823885884562,66290.580000000002,66290.589999999997,66290.584999999992,0.009999999995,0.001508509843,"[{""price"":66290.58,""size"":0.00010323,""num_orders"":1},{""price"":66290.02,""size"":0.09064778,""num_orders"":1},{""price"":66290.01,""size"":1.80571704,""num_orders"":1},{""price"":66290.0,""size"":1.0429,""num_orders"":2},{""price"":66289.5,""size"":1.0,""num_orders"":1},{""price"":66289.0,""size"":1.0,""num_orders"":1},{""price"":66288.0,""size"":0.0429,""num_orders"":1},{""price"":66287.65,""size"":0.12068611,""num_orders"":1},{""price"":66287.58,""size"":0.09064778,""num_orders"":1},{""price"":66286.0,""size"":0.0429,""num_orders"":1}]","[{""price"":66290.59,""size"":0.10338107,""num_orders"":2},{""price"":66292.1,""size"":0.001511,""num_orders"":1},{""price"":66292.4,""size"":0.0377159,""num_orders"":1},{""price"":66293.57,""size"":0.12067536,""num_orders"":1},{""price"":66293.64,""size"":1.7e-05,""num_orders"":1},{""price"":66295.35,""size"":0.04706813,""num_orders"":1},{""price"":66295.36,""size"":0.001511,""num_orders"":1},{""price"":66295.73,""size"":0.15083929,""num_orders"":1},{""price"":66296.0,""size"":0.0429,""num_orders"":1},{""price"":66296.97,""size"":1.7e-05,""num_orders"":1}]"
btc_usd_d10_20260721T230231Z,19,2026-07-21T23:21:31.215091Z,2026-07-21T23:21:31.215229Z,BTC-USD,10,ok,,133032276381,2026-07-21T23:21:28.535377628Z,4.53376209,0.42977083,0.826828657359,66280.320000000007,66280.330000000002,66280.325000000012,0.009999999995,0.001508743356,"[{""price"":66280.32,""size"":0.18453049,""num_orders"":7},{""price"":66280.01,""size"":0.02,""num_orders"":1},{""price"":66280.0,""size"":0.08514502,""num_orders"":2},{""price"":66279.07,""size"":0.02,""num_orders"":1},{""price"":66279.06,""size"":0.001511,""num_orders"":1},{""price"":66279.02,""size"":0.04030945,""num_orders"":2},{""price"":66279.01,""size"":2.01072594,""num_orders"":2},{""price"":66279.0,""size"":2.0,""num_orders"":2},{""price"":66278.85,""size"":0.050838,""num_orders"":1},{""price"":66278.82,""size"":0.12070219,""num_orders"":1}]","[{""price"":66280.33,""size"":0.06558134,""num_orders"":4},{""price"":66281.99,""size"":0.0052806,""num_orders"":1},{""price"":66284.22,""size"":0.02,""num_orders"":1},{""price"":66284.23,""size"":0.00660075,""num_orders"":1},{""price"":66284.39,""size"":0.02,""num_orders"":1},{""price"":66284.4,""size"":0.12069205,""num_orders"":1},{""price"":66284.43,""size"":0.02,""num_orders"":1},{""price"":66284.44,""size"":0.00075437,""num_orders"":1},{""price"":66285.86,""size"":0.02,""num_orders"":1},{""price"":66285.87,""size"":0.15086172,""num_orders"":1}]"
btc_usd_d10_20260721T230231Z,20,2026-07-21T23:22:31.215091Z,2026-07-21T23:22:31.215252Z,BTC-USD,10,ok,,133032309247,2026-07-21T23:22:28.680156118Z,1.83673295,0.40722263,0.637049294888,66280.320000000007,66280.330000000002,66280.325000000012,0.009999999995,0.001508743356,"[{""price"":66280.32,""size"":0.13681583,""num_orders"":8},{""price"":66280.31,""size"":6e-08,""num_orders"":1},{""price"":66280.3,""size"":7e-08,""num_orders"":1},{""price"":66280.0,""size"":0.08514502,""num_orders"":2},{""price"":66279.06,""size"":0.001511,""num_orders"":1},{""price"":66279.03,""size"":0.09064778,""num_orders"":1},{""price"":66279.02,""size"":0.07567614,""num_orders"":1},{""price"":66279.01,""size"":1.42656873,""num_orders"":1},{""price"":66278.99,""size"":0.01508774,""num_orders"":2},{""price"":66278.86,""size"":0.00528058,""num_orders"":1}]","[{""price"":66280.33,""size"":0.18370992,""num_orders"":4},{""price"":66281.41,""size"":0.00075437,""num_orders"":1},{""price"":66281.87,""size"":0.01508708,""num_orders"":2},{""price"":66282.03,""size"":0.00026306,""num_orders"":1},{""price"":66282.2,""size"":0.00528058,""num_orders"":1},{""price"":66282.32,""size"":0.001511,""num_orders"":1},{""price"":66283.66,""size"":0.00024998,""num_orders"":1},{""price"":66284.0,""size"":0.0429,""num_orders"":1},{""price"":66284.03,""size"":0.15086591,""num_orders"":1},{""price"":66284.44,""size"":0.00660073,""num_orders"":1}]"
btc_usd_d10_20260721T230231Z,21,2026-07-21T23:23:31.215091Z,2026-07-21T23:23:31.215229Z,BTC-USD,10,ok,,133032340438,2026-07-21T23:23:30.038699114Z,0.35750205,1.09681213,-0.50835650932,66286.070000000007,66286.080000000002,66286.075000000012,0.009999999995,0.001508612479,"[{""price"":66286.07,""size"":0.01596846,""num_orders"":4},{""price"":66284.74,""size"":0.01508642,""num_orders"":2},{""price"":66284.41,""size"":0.00528014,""num_orders"":1},{""price"":66284.0,""size"":0.0429,""num_orders"":1},{""price"":66282.32,""size"":0.18278913,""num_orders"":2},{""price"":66282.17,""size"":0.00660017,""num_orders"":1},{""price"":66282.0,""size"":0.0429,""num_orders"":1},{""price"":66280.74,""size"":0.00303247,""num_orders"":1},{""price"":66280.0,""size"":0.0429,""num_orders"":1},{""price"":66279.8,""size"":4.526e-05,""num_orders"":1}]","[{""price"":66286.08,""size"":0.31380556,""num_orders"":8},{""price"":66286.47,""size"":0.10758065,""num_orders"":1},{""price"":66286.48,""size"":0.12068827,""num_orders"":1},{""price"":66286.98,""size"":1.7e-05,""num_orders"":1},{""price"":66287.41,""size"":0.01508582,""num_orders"":2},{""price"":66288.0,""size"":0.0429,""num_orders"":1},{""price"":66288.84,""size"":0.001511,""num_orders"":1},{""price"":66289.52,""size"":0.25372267,""num_orders"":1},{""price"":66289.53,""size"":0.09064778,""num_orders"":1},{""price"":66289.54,""size"":0.15085338,""num_orders"":1}]"
btc_usd_d10_20260721T230231Z,22,2026-07-21T23:24:31.215091Z,2026-07-21T23:24:31.215231Z,BTC-USD,10,ok,,133032363753,2026-07-21T23:24:28.630972332Z,0.32180289,0.80028975,-0.426423668548,66286,66286.009999999995,66286.005000000005,0.009999999995,0.001508614072,"[{""price"":66286.0,""size"":0.16610668,""num_orders"":5},{""price"":66284.67,""size"":0.01508644,""num_orders"":2},{""price"":66284.35,""size"":0.02,""num_orders"":1},{""price"":66284.34,""size"":0.00528014,""num_orders"":1},{""price"":66284.03,""size"":0.02,""num_orders"":1},{""price"":66284.02,""size"":0.02759532,""num_orders"":1},{""price"":66284.0,""size"":0.0429,""num_orders"":1},{""price"":66283.18,""size"":0.00332331,""num_orders"":1},{""price"":66282.33,""size"":0.02,""num_orders"":1},{""price"":66282.32,""size"":0.001511,""num_orders"":1}]","[{""price"":66286.01,""size"":0.18057027,""num_orders"":8},{""price"":66287.22,""size"":0.03771727,""num_orders"":1},{""price"":66287.34,""size"":0.01508584,""num_orders"":2},{""price"":66287.67,""size"":0.00528014,""num_orders"":1},{""price"":66288.83,""size"":0.02,""num_orders"":1},{""price"":66288.84,""size"":0.001511,""num_orders"":1},{""price"":66289.51,""size"":0.02,""num_orders"":1},{""price"":66289.52,""size"":0.26173018,""num_orders"":2},{""price"":66289.57,""size"":0.10754178,""num_orders"":2},{""price"":66289.58,""size"":0.15085327,""num_orders"":1}]"
btc_usd_d10_20260721T230231Z,23,2026-07-21T23:25:31.215091Z,2026-07-21T23:25:31.215251Z,BTC-USD,10,ok,,133032392150,2026-07-21T23:25:31.181025219Z,1.9937203,0.17256175,0.840683949719,66296.960000000006,66296.970000000001,66296.964999999997,0.009999999995,0.001508364673,"[{""price"":66296.96,""size"":0.39240654,""num_orders"":3},{""price"":66296.5,""size"":0.97289154,""num_orders"":1},{""price"":66296.0,""size"":0.0429,""num_orders"":1},{""price"":66295.63,""size"":0.01508396,""num_orders"":2},{""price"":66295.17,""size"":0.13212725,""num_orders"":3},{""price"":66294.83,""size"":0.00281168,""num_orders"":1},{""price"":66294.65,""size"":0.09064778,""num_orders"":1},{""price"":66294.63,""size"":0.12067342,""num_orders"":1},{""price"":66294.0,""size"":0.0429,""num_orders"":1},{""price"":66293.7,""size"":0.18127813,""num_orders"":1}]","[{""price"":66296.97,""size"":1.7e-05,""num_orders"":1},{""price"":66299.16,""size"":9.427e-05,""num_orders"":1},{""price"":66300.15,""size"":0.00754146,""num_orders"":1},{""price"":66300.3,""size"":1.7e-05,""num_orders"":1},{""price"":66300.48,""size"":9.427e-05,""num_orders"":1},{""price"":66300.49,""size"":0.02,""num_orders"":1},{""price"":66300.5,""size"":0.12066274,""num_orders"":1},{""price"":66300.99,""size"":0.01508274,""num_orders"":2},{""price"":66301.81,""size"":0.00754127,""num_orders"":1},{""price"":66301.88,""size"":0.001511,""num_orders"":1}]"
btc_usd_d10_20260721T230231Z,24,2026-07-21T23:26:31.215091Z,2026-07-21T23:26:31.215252Z,BTC-USD,10,ok,,133032421525,2026-07-21T23:26:28.523511250Z,0.81456214,0.57349782,0.173669961635,66305.059999999998,66305.070000000007,66305.065000000002,0.010000000009,0.00150818041,"[{""price"":66305.06,""size"":0.07183895,""num_orders"":4},{""price"":66303.73,""size"":0.0150821,""num_orders"":2},{""price"":66303.41,""size"":0.00527859,""num_orders"":1},{""price"":66302.48,""size"":0.02,""num_orders"":1},{""price"":66302.47,""size"":0.38502295,""num_orders"":3},{""price"":66302.46,""size"":0.09064778,""num_orders"":1},{""price"":66302.41,""size"":0.18127813,""num_orders"":1},{""price"":66302.0,""size"":0.0429,""num_orders"":1},{""price"":66301.88,""size"":0.001511,""num_orders"":1},{""price"":66301.5,""size"":0.00100264,""num_orders"":1}]","[{""price"":66305.07,""size"":0.26392129,""num_orders"":5},{""price"":66306.0,""size"":0.0429,""num_orders"":1},{""price"":66306.09,""size"":6.831e-05,""num_orders"":2},{""price"":66306.4,""size"":0.0150815,""num_orders"":2},{""price"":66306.96,""size"":1.7e-05,""num_orders"":1},{""price"":66308.0,""size"":0.0429,""num_orders"":1},{""price"":66308.48,""size"":0.02,""num_orders"":1},{""price"":66308.49,""size"":0.15081025,""num_orders"":1},{""price"":66309.05,""size"":9.426e-05,""num_orders"":1},{""price"":66309.14,""size"":0.03770521,""num_orders"":1}]"
btc_usd_d10_20260721T230231Z,25,2026-07-21T23:27:31.215091Z,2026-07-21T23:27:31.215254Z,BTC-USD,10,ok,,133032451698,2026-07-21T23:27:28.684698102Z,3.52264605,0.29762107,0.844188345657,66322.039999999994,66322.050000000003,66322.044999999998,0.010000000009,0.00150779428,"[{""price"":66322.04,""size"":0.05422399,""num_orders"":3},{""price"":66322.0,""size"":0.0429,""num_orders"":1},{""price"":66320.69,""size"":0.01514327,""num_orders"":3},{""price"":66320.61,""size"":0.83406782,""num_orders"":1},{""price"":66320.35,""size"":0.00527723,""num_orders"":1},{""price"":66320.02,""size"":0.18127813,""num_orders"":1},{""price"":66320.0,""size"":0.0429,""num_orders"":1},{""price"":66319.83,""size"":0.03769459,""num_orders"":1},{""price"":66319.5,""size"":1.0,""num_orders"":1},{""price"":66319.01,""size"":1.30916102,""num_orders"":2}]","[{""price"":66322.05,""size"":0.03881832,""num_orders"":2},{""price"":66323.38,""size"":0.01507764,""num_orders"":2},{""price"":66323.61,""size"":0.00011108,""num_orders"":3},{""price"":66324.1,""size"":0.02,""num_orders"":1},{""price"":66324.11,""size"":0.1206198,""num_orders"":1},{""price"":66325.99,""size"":0.02,""num_orders"":1},{""price"":66326.0,""size"":0.0429,""num_orders"":1},{""price"":66326.02,""size"":0.02,""num_orders"":1},{""price"":66326.03,""size"":9.423e-05,""num_orders"":1},{""price"":66326.09,""size"":0.02,""num_orders"":1}]"
btc_usd_d10_20260721T230231Z,26,2026-07-21T23:28:31.215091Z,2026-07-21T23:28:31.215254Z,BTC-USD,10,ok,,133032479417,2026-07-21T23:28:30.344880367Z,4.30394573,0.36325984,0.84433518749,66324.860000000001,66324.869999999995,66324.864999999991,0.009999999995,0.001507730169,"[{""price"":66324.86,""size"":0.20357262,""num_orders"":8},{""price"":66324.85,""size"":5e-08,""num_orders"":1},{""price"":66324.84,""size"":5e-08,""num_orders"":1},{""price"":66324.62,""size"":0.02,""num_orders"":1},{""price"":66324.61,""size"":0.00078103,""num_orders"":1},{""price"":66324.53,""size"":0.02,""num_orders"":1},{""price"":66324.52,""size"":0.09064778,""num_orders"":1},{""price"":66324.5,""size"":0.15075043,""num_orders"":1},{""price"":66324.01,""size"":1.78599377,""num_orders"":1},{""price"":66324.0,""size"":2.0322,""num_orders"":3}]","[{""price"":66324.87,""size"":0.04704577,""num_orders"":4},{""price"":66324.89,""size"":3e-08,""num_orders"":1},{""price"":66326.2,""size"":0.015077,""num_orders"":2},{""price"":66326.52,""size"":0.00527705,""num_orders"":1},{""price"":66326.81,""size"":0.12061489,""num_orders"":1},{""price"":66327.3,""size"":0.01627862,""num_orders"":3},{""price"":66327.96,""size"":0.001511,""num_orders"":1},{""price"":66328.42,""size"":0.15076493,""num_orders"":1},{""price"":66328.76,""size"":0.00659632,""num_orders"":1},{""price"":66328.85,""size"":9.423e-05,""num_orders"":1}]"
btc_usd_d10_20260721T230231Z,27,2026-07-21T23:29:31.215091Z,2026-07-21T23:29:31.215256Z,BTC-USD,10,ok,,133032520470,2026-07-21T23:29:28.600521026Z,2.07140271,0.21901147,0.808758195865,66356,66356.009999999995,66356.005000000005,0.009999999995,0.001507022612,"[{""price"":66356.0,""size"":0.15214394,""num_orders"":9},{""price"":66355.67,""size"":0.02,""num_orders"":1},{""price"":66355.66,""size"":0.09064778,""num_orders"":1},{""price"":66355.65,""size"":0.12056243,""num_orders"":1},{""price"":66354.85,""size"":0.07567614,""num_orders"":1},{""price"":66354.83,""size"":0.1582409,""num_orders"":2},{""price"":66354.67,""size"":0.01507052,""num_orders"":2},{""price"":66354.34,""size"":0.00527457,""num_orders"":1},{""price"":66354.02,""size"":0.18127813,""num_orders"":1},{""price"":66354.01,""size"":1.2525083,""num_orders"":1}]","[{""price"":66356.01,""size"":9.436e-05,""num_orders"":2},{""price"":66359.99,""size"":9.418e-05,""num_orders"":1},{""price"":66360.45,""size"":0.01506922,""num_orders"":2},{""price"":66360.99,""size"":0.01544582,""num_orders"":2},{""price"":66361.32,""size"":9.418e-05,""num_orders"":1},{""price"":66361.81,""size"":0.12055127,""num_orders"":1},{""price"":66362.0,""size"":0.0322,""num_orders"":1},{""price"":66362.65,""size"":0.01544544,""num_orders"":2},{""price"":66363.57,""size"":1.7e-05,""num_orders"":1},{""price"":66363.84,""size"":0.02,""num_orders"":1}]"
btc_usd_d10_20260721T230231Z,28,2026-07-21T23:30:31.215091Z,2026-07-21T23:30:31.215256Z,BTC-USD,10,ok,,133032559521,2026-07-21T23:30:31.172671726Z,0.34968018,0.47068787,-0.147504147681,66350.440000000002,66350.449999999997,66350.445000000007,0.009999999995,0.001507148896,"[{""price"":66350.44,""size"":0.00365523,""num_orders"":1},{""price"":66350.0,""size"":0.0322,""num_orders"":1},{""price"":66349.12,""size"":0.02,""num_orders"":1},{""price"":66349.11,""size"":0.0150718,""num_orders"":2},{""price"":66348.79,""size"":0.02,""num_orders"":1},{""price"":66348.78,""size"":0.00527502,""num_orders"":1},{""price"":66348.54,""size"":0.02,""num_orders"":1},{""price"":66348.53,""size"":0.18127813,""num_orders"":1},{""price"":66348.01,""size"":0.02,""num_orders"":1},{""price"":66348.0,""size"":0.0322,""num_orders"":1}]","[{""price"":66350.45,""size"":0.21032624,""num_orders"":6},{""price"":66350.7,""size"":0.0322,""num_orders"":1},{""price"":66351.31,""size"":0.02758769,""num_orders"":1},{""price"":66351.78,""size"":0.01507118,""num_orders"":2},{""price"":66352.11,""size"":0.00527502,""num_orders"":1},{""price"":66352.96,""size"":0.12056734,""num_orders"":1},{""price"":66354.04,""size"":0.001511,""num_orders"":1},{""price"":66354.78,""size"":0.03768086,""num_orders"":1},{""price"":66355.01,""size"":0.02,""num_orders"":1},{""price"":66355.02,""size"":0.00046854,""num_orders"":1}]"
btc_usd_d10_20260721T230231Z,29,2026-07-21T23:31:31.215091Z,2026-07-21T23:31:31.215209Z,BTC-USD,10,ok,,133032582265,2026-07-21T23:31:29.489280116Z,2.04530453,0.29262762,0.749669707053,66350.240000000005,66350.25,66350.244999999995,0.009999999995,0.001507153439,"[{""price"":66350.24,""size"":0.09818281,""num_orders"":3},{""price"":66350.18,""size"":0.18127813,""num_orders"":1},{""price"":66350.0,""size"":0.0322,""num_orders"":1},{""price"":66349.5,""size"":0.00136146,""num_orders"":1},{""price"":66348.91,""size"":0.01507184,""num_orders"":2},{""price"":66348.66,""size"":0.15071894,""num_orders"":1},{""price"":66348.63,""size"":0.09064778,""num_orders"":1},{""price"":66348.25,""size"":0.03768178,""num_orders"":1},{""price"":66348.02,""size"":0.07567614,""num_orders"":1},{""price"":66348.01,""size"":1.36248565,""num_orders"":1}]","[{""price"":66350.25,""size"":1.7e-05,""num_orders"":1},{""price"":66351.71,""size"":0.12056962,""num_orders"":1},{""price"":66352.46,""size"":0.01507116,""num_orders"":1},{""price"":66352.87,""size"":0.00075357,""num_orders"":1},{""price"":66352.96,""size"":0.01507092,""num_orders"":2},{""price"":66353.58,""size"":1.7e-05,""num_orders"":1},{""price"":66353.9,""size"":0.02,""num_orders"":1},{""price"":66353.91,""size"":0.12056562,""num_orders"":1},{""price"":66354.23,""size"":9.419e-05,""num_orders"":1},{""price"":66355.02,""size"":0.00046854,""num_orders"":1}]"
btc_usd_d10_20260721T230231Z,30,2026-07-21T23:32:31.215091Z,2026-07-21T23:32:31.215235Z,BTC-USD,10,ok,,133032610474,2026-07-21T23:32:28.032203523Z,0.22329362,0.35510913,-0.227895717992,66356.449999999997,66356.460000000006,66356.455000000002,0.010000000009,0.001507012394,"[{""price"":66356.45,""size"":0.05055189,""num_orders"":1},{""price"":66356.44,""size"":7e-08,""num_orders"":1},{""price"":66356.42,""size"":8e-08,""num_orders"":1},{""price"":66356.15,""size"":0.0007535,""num_orders"":1},{""price"":66356.0,""size"":0.0322,""num_orders"":1},{""price"":66355.12,""size"":0.01507042,""num_orders"":2},{""price"":66354.04,""size"":0.001511,""num_orders"":1},{""price"":66354.0,""size"":0.0322,""num_orders"":1},{""price"":66353.18,""size"":0.00035888,""num_orders"":1},{""price"":66353.03,""size"":0.09064778,""num_orders"":1}]","[{""price"":66356.46,""size"":0.11964872,""num_orders"":7},{""price"":66356.47,""size"":6e-08,""num_orders"":1},{""price"":66356.48,""size"":6e-08,""num_orders"":1},{""price"":66356.84,""size"":0.1205603,""num_orders"":1},{""price"":66357.79,""size"":0.01506982,""num_orders"":2},{""price"":66358.12,""size"":0.00527454,""num_orders"":1},{""price"":66358.5,""size"":0.02,""num_orders"":1},{""price"":66358.51,""size"":0.03768063,""num_orders"":1},{""price"":66358.89,""size"":0.02,""num_orders"":1},{""price"":66358.9,""size"":0.016875,""num_orders"":1}]"
btc_usd_d10_20260721T230231Z,31,2026-07-21T23:33:31.215091Z,2026-07-21T23:33:31.215260Z,BTC-USD,10,ok,,133032650699,2026-07-21T23:33:30.050636263Z,3.50302514,0.43024149,0.781229430663,66393.979999999996,66393.990000000005,66393.985000000001,0.010000000009,0.001506160537,"[{""price"":66393.98,""size"":0.06004006,""num_orders"":3},{""price"":66393.97,""size"":9e-08,""num_orders"":1},{""price"":66393.19,""size"":9e-08,""num_orders"":1},{""price"":66393.17,""size"":1e-07,""num_orders"":1},{""price"":66393.01,""size"":0.09064778,""num_orders"":1},{""price"":66393.0,""size"":2.0,""num_orders"":2},{""price"":66392.65,""size"":0.0150619,""num_orders"":2},{""price"":66392.0,""size"":1.0322,""num_orders"":2},{""price"":66391.22,""size"":0.1544525,""num_orders"":1},{""price"":66391.09,""size"":0.15062262,""num_orders"":1}]","[{""price"":66393.99,""size"":0.12049283,""num_orders"":1},{""price"":66394.64,""size"":0.06,""num_orders"":2},{""price"":66395.32,""size"":0.0150613,""num_orders"":2},{""price"":66395.65,""size"":0.00527156,""num_orders"":1},{""price"":66396.87,""size"":1.7e-05,""num_orders"":1},{""price"":66396.97,""size"":0.02,""num_orders"":1},{""price"":66396.98,""size"":0.15060927,""num_orders"":1},{""price"":66397.1,""size"":0.00658953,""num_orders"":1},{""price"":66397.99,""size"":0.02,""num_orders"":1},{""price"":66398.0,""size"":0.0322,""num_orders"":1}]"
btc_usd_d10_20260721T230231Z,32,2026-07-21T23:34:31.215091Z,2026-07-21T23:34:31.215251Z,BTC-USD,10,ok,,133032685526,2026-07-21T23:34:29.534180021Z,1.84113489,0.68061334,0.460205160925,66390.210000000006,66390.220000000001,66390.214999999997,0.009999999995,0.001506246063,"[{""price"":66390.21,""size"":1.683e-05,""num_orders"":1},{""price"":66388.0,""size"":0.0322,""num_orders"":1},{""price"":66387.07,""size"":0.02,""num_orders"":1},{""price"":66387.06,""size"":0.09064778,""num_orders"":1},{""price"":66387.02,""size"":0.07567614,""num_orders"":1},{""price"":66387.01,""size"":0.6060029,""num_orders"":1},{""price"":66387.0,""size"":1.0,""num_orders"":1},{""price"":66386.88,""size"":1.7e-05,""num_orders"":1},{""price"":66386.79,""size"":0.01506324,""num_orders"":2},{""price"":66386.64,""size"":0.001511,""num_orders"":1}]","[{""price"":66390.22,""size"":0.20744616,""num_orders"":7},{""price"":66391.55,""size"":0.01506216,""num_orders"":2},{""price"":66391.88,""size"":0.00527186,""num_orders"":1},{""price"":66393.53,""size"":0.02,""num_orders"":1},{""price"":66393.54,""size"":0.25201234,""num_orders"":1},{""price"":66393.55,""size"":0.12049363,""num_orders"":1},{""price"":66394.0,""size"":0.0322,""num_orders"":1},{""price"":66394.12,""size"":0.00658982,""num_orders"":1},{""price"":66394.79,""size"":0.00153737,""num_orders"":1},{""price"":66395.17,""size"":0.02,""num_orders"":1}]"
btc_usd_d10_20260721T230231Z,33,2026-07-21T23:35:31.215091Z,2026-07-21T23:35:31.215252Z,BTC-USD,10,ok,,133032717700,2026-07-21T23:35:29.535448671Z,2.24461325,0.3511628,0.729435210715,66381.860000000001,66381.869999999995,66381.864999999991,0.009999999995,0.001506435529,"[{""price"":66381.86,""size"":0.09234935,""num_orders"":6},{""price"":66381.85,""size"":7e-08,""num_orders"":1},{""price"":66381.84,""size"":8e-08,""num_orders"":1},{""price"":66381.51,""size"":0.09064778,""num_orders"":1},{""price"":66380.4,""size"":0.02,""num_orders"":1},{""price"":66380.39,""size"":0.0150647,""num_orders"":2},{""price"":66380.07,""size"":0.02,""num_orders"":1},{""price"":66380.06,""size"":0.00527253,""num_orders"":1},{""price"":66380.02,""size"":0.02,""num_orders"":1},{""price"":66380.01,""size"":1.98127874,""num_orders"":2}]","[{""price"":66381.87,""size"":0.12530854,""num_orders"":4},{""price"":66381.89,""size"":6e-08,""num_orders"":1},{""price"":66382.25,""size"":0.00075321,""num_orders"":1},{""price"":66383.06,""size"":0.01506408,""num_orders"":2},{""price"":66383.39,""size"":0.00527253,""num_orders"":1},{""price"":66384.09,""size"":0.12051081,""num_orders"":1},{""price"":66385.62,""size"":0.02,""num_orders"":1},{""price"":66385.63,""size"":0.00659066,""num_orders"":1},{""price"":66385.74,""size"":0.02,""num_orders"":1},{""price"":66385.75,""size"":0.03766291,""num_orders"":1}]"
btc_usd_d10_20260721T230231Z,34,2026-07-21T23:36:31.215091Z,2026-07-21T23:36:31.215251Z,BTC-USD,10,ok,,133032745576,2026-07-21T23:36:30.099888604Z,3.54688987,0.5851704,0.716765796352,66407,66407.009999999995,66407.005000000005,0.009999999995,0.001505865231,"[{""price"":66407.0,""size"":1.07193297,""num_orders"":4},{""price"":66406.5,""size"":1.00013773,""num_orders"":2},{""price"":66406.0,""size"":1.0322,""num_orders"":2},{""price"":66405.83,""size"":0.00500572,""num_orders"":1},{""price"":66405.19,""size"":0.00527054,""num_orders"":1},{""price"":66404.01,""size"":0.1277345,""num_orders"":1},{""price"":66404.0,""size"":0.0322,""num_orders"":1},{""price"":66403.52,""size"":0.0004825,""num_orders"":1},{""price"":66403.51,""size"":0.18127813,""num_orders"":1},{""price"":66403.02,""size"":0.09064778,""num_orders"":1}]","[{""price"":66407.01,""size"":0.36740711,""num_orders"":2},{""price"":66408.03,""size"":0.03764818,""num_orders"":1},{""price"":66408.81,""size"":0.15058244,""num_orders"":1},{""price"":66409.37,""size"":0.00038328,""num_orders"":1},{""price"":66409.46,""size"":0.001511,""num_orders"":1},{""price"":66410.19,""size"":1.7e-05,""num_orders"":1},{""price"":66410.99,""size"":9.411e-05,""num_orders"":1},{""price"":66411.3,""size"":0.00012284,""num_orders"":1},{""price"":66411.88,""size"":0.02,""num_orders"":1},{""price"":66411.91,""size"":0.00740444,""num_orders"":1}]"
btc_usd_d10_20260721T230231Z,35,2026-07-21T23:37:31.215091Z,2026-07-21T23:37:31.215232Z,BTC-USD,10,ok,,133032768376,2026-07-21T23:37:30.653279846Z,0.47695874,0.63230887,-0.140047476911,66406,66406.009999999995,66406.005000000005,0.009999999995,0.001505887908,"[{""price"":66406.0,""size"":0.0950144,""num_orders"":3},{""price"":66405.99,""size"":8e-08,""num_orders"":1},{""price"":66405.98,""size"":9e-08,""num_orders"":1},{""price"":66405.45,""size"":0.00075294,""num_orders"":1},{""price"":66405.02,""size"":0.02,""num_orders"":1},{""price"":66405.01,""size"":0.13958332,""num_orders"":1},{""price"":66404.72,""size"":0.02,""num_orders"":1},{""price"":66404.71,""size"":0.18127813,""num_orders"":1},{""price"":66404.67,""size"":0.01505918,""num_orders"":2},{""price"":66404.34,""size"":0.0052706,""num_orders"":1}]","[{""price"":66406.01,""size"":0.1879033,""num_orders"":8},{""price"":66406.03,""size"":5e-08,""num_orders"":1},{""price"":66407.01,""size"":0.22736036,""num_orders"":3},{""price"":66407.34,""size"":0.01505858,""num_orders"":2},{""price"":66407.67,""size"":0.0052706,""num_orders"":1},{""price"":66408.35,""size"":0.15058347,""num_orders"":1},{""price"":66409.02,""size"":0.03764998,""num_orders"":1},{""price"":66409.37,""size"":0.00038328,""num_orders"":1},{""price"":66409.46,""size"":0.001511,""num_orders"":1},{""price"":66409.91,""size"":0.00658825,""num_orders"":1}]"
btc_usd_d10_20260721T230231Z,36,2026-07-21T23:38:31.215091Z,2026-07-21T23:38:31.215254Z,BTC-USD,10,ok,,133032791025,2026-07-21T23:38:28.667095179Z,0.94141062,0.60741627,0.215643434496,66397.039999999994,66397.050000000003,66397.044999999998,0.010000000009,0.001506091123,"[{""price"":66397.04,""size"":0.22482033,""num_orders"":7},{""price"":66396.21,""size"":0.02,""num_orders"":1},{""price"":66396.2,""size"":0.3668331,""num_orders"":2},{""price"":66396.19,""size"":0.07538021,""num_orders"":2},{""price"":66396.18,""size"":8e-08,""num_orders"":1},{""price"":66396.17,""size"":9e-08,""num_orders"":1},{""price"":66396.0,""size"":0.0322,""num_orders"":1},{""price"":66395.71,""size"":0.01506122,""num_orders"":2},{""price"":66395.56,""size"":0.18127813,""num_orders"":1},{""price"":66395.54,""size"":0.02583746,""num_orders"":1}]","[{""price"":66397.05,""size"":0.16729286,""num_orders"":4},{""price"":66397.2,""size"":0.12048702,""num_orders"":1},{""price"":66397.75,""size"":0.00254065,""num_orders"":1},{""price"":66398.07,""size"":0.12048544,""num_orders"":1},{""price"":66398.38,""size"":0.0150606,""num_orders"":2},{""price"":66398.7,""size"":0.00527135,""num_orders"":1},{""price"":66399.68,""size"":0.001511,""num_orders"":1},{""price"":66400.3,""size"":0.01999799,""num_orders"":1},{""price"":66400.74,""size"":0.1481802,""num_orders"":1},{""price"":66400.78,""size"":0.00658916,""num_orders"":1}]"
btc_usd_d10_20260721T230231Z,37,2026-07-21T23:39:31.215091Z,2026-07-21T23:39:31.215248Z,BTC-USD,10,ok,,133032807564,2026-07-21T23:39:30.028882814Z,3.49987495,3.92365432,-0.057085970108,66400,66400.009999999995,66400.005000000005,0.009999999995,0.001506023982,"[{""price"":66400.0,""size"":0.0603809,""num_orders"":5},{""price"":66398.82,""size"":0.02,""num_orders"":1},{""price"":66398.81,""size"":0.09064778,""num_orders"":1},{""price"":66398.79,""size"":0.02,""num_orders"":1},{""price"":66398.78,""size"":1.21866419,""num_orders"":2},{""price"":66398.67,""size"":0.01506054,""num_orders"":2},{""price"":66398.35,""size"":0.00527105,""num_orders"":1},{""price"":66398.0,""size"":1.0322,""num_orders"":2},{""price"":66397.5,""size"":1.0,""num_orders"":1},{""price"":66397.27,""size"":0.03765049,""num_orders"":1}]","[{""price"":66400.01,""size"":0.05885718,""num_orders"":2},{""price"":66400.69,""size"":8.233e-05,""num_orders"":2},{""price"":66401.15,""size"":0.12047985,""num_orders"":1},{""price"":66401.34,""size"":0.01505994,""num_orders"":2},{""price"":66402.94,""size"":0.001511,""num_orders"":1},{""price"":66403.41,""size"":0.15059467,""num_orders"":1},{""price"":66403.54,""size"":3.53621031,""num_orders"":1},{""price"":66404.52,""size"":0.00075301,""num_orders"":1},{""price"":66404.99,""size"":0.00790603,""num_orders"":1},{""price"":66406.0,""size"":0.0322,""num_orders"":1}]"
btc_usd_d10_20260721T230231Z,38,2026-07-21T23:40:31.215091Z,2026-07-21T23:40:31.215253Z,BTC-USD,10,ok,,133032823212,2026-07-21T23:40:30.490381997Z,0.74560691,0.42474816,0.274155047664,66403.220000000001,66403.229999999996,66403.225000000006,0.009999999995,0.001505950953,"[{""price"":66403.22,""size"":0.11961007,""num_orders"":4},{""price"":66402.02,""size"":0.19499017,""num_orders"":1},{""price"":66402.01,""size"":0.07567614,""num_orders"":1},{""price"":66402.0,""size"":0.0322,""num_orders"":1},{""price"":66401.89,""size"":0.01505982,""num_orders"":2},{""price"":66401.56,""size"":0.00527082,""num_orders"":1},{""price"":66401.1,""size"":0.09064778,""num_orders"":1},{""price"":66401.09,""size"":0.18127813,""num_orders"":1},{""price"":66400.2,""size"":1.7e-05,""num_orders"":1},{""price"":66400.0,""size"":0.03085698,""num_orders"":1}]","[{""price"":66403.23,""size"":0.11774606,""num_orders"":4},{""price"":66404.0,""size"":0.12047467,""num_orders"":1},{""price"":66404.56,""size"":0.0150592,""num_orders"":2},{""price"":66404.85,""size"":0.00075297,""num_orders"":1},{""price"":66404.89,""size"":0.00527082,""num_orders"":1},{""price"":66405.05,""size"":0.00467488,""num_orders"":1},{""price"":66406.0,""size"":0.0322,""num_orders"":1},{""price"":66406.2,""size"":0.001511,""num_orders"":1},{""price"":66406.56,""size"":0.12047003,""num_orders"":1},{""price"":66407.13,""size"":0.00658853,""num_orders"":1}]"
btc_usd_d10_20260721T230231Z,39,2026-07-21T23:41:31.215091Z,2026-07-21T23:41:31.215233Z,BTC-USD,10,ok,,133032842308,2026-07-21T23:41:28.684460202Z,3.87231045,0.42022698,0.804205793495,66381.199999999997,66381.210000000006,66381.205000000002,0.010000000009,0.001506450509,"[{""price"":66381.2,""size"":0.0202062,""num_orders"":4},{""price"":66380.24,""size"":0.02,""num_orders"":1},{""price"":66380.23,""size"":0.07567614,""num_orders"":1},{""price"":66380.01,""size"":0.02,""num_orders"":1},{""price"":66380.0,""size"":0.0322,""num_orders"":1},{""price"":66379.91,""size"":0.02,""num_orders"":1},{""price"":66379.89,""size"":1.47138126,""num_orders"":1},{""price"":66379.87,""size"":0.0150648,""num_orders"":2},{""price"":66378.0,""size"":2.04712932,""num_orders"":4},{""price"":66377.82,""size"":0.15065273,""num_orders"":1}]","[{""price"":66381.21,""size"":0.08097472,""num_orders"":5},{""price"":66381.49,""size"":0.12051554,""num_orders"":1},{""price"":66382.0,""size"":0.00136684,""num_orders"":1},{""price"":66382.54,""size"":0.0150642,""num_orders"":2},{""price"":66382.87,""size"":0.00527257,""num_orders"":1},{""price"":66384.0,""size"":0.0322,""num_orders"":1},{""price"":66385.01,""size"":7.413e-05,""num_orders"":1},{""price"":66385.11,""size"":0.00659072,""num_orders"":1},{""price"":66385.37,""size"":0.12050849,""num_orders"":1},{""price"":66385.48,""size"":0.03765977,""num_orders"":1}]"
btc_usd_d10_20260721T230231Z,40,2026-07-21T23:42:31.215091Z,2026-07-21T23:42:31.215223Z,BTC-USD,10,ok,,133032867941,2026-07-21T23:42:29.129641275Z,1.02640462,0.25255188,0.605065723502,66390.199999999997,66390.210000000006,66390.205000000002,0.010000000009,0.001506246292,"[{""price"":66390.2,""size"":0.37451677,""num_orders"":6},{""price"":66390.0,""size"":0.0305,""num_orders"":1},{""price"":66389.95,""size"":0.25295482,""num_orders"":1},{""price"":66389.94,""size"":0.12050017,""num_orders"":1},{""price"":66389.34,""size"":0.00075312,""num_orders"":1},{""price"":66388.87,""size"":0.01506276,""num_orders"":2},{""price"":66388.64,""size"":0.19617868,""num_orders"":2},{""price"":66388.54,""size"":0.00527186,""num_orders"":1},{""price"":66388.0,""size"":0.0305,""num_orders"":1},{""price"":66386.71,""size"":0.00016644,""num_orders"":1}]","[{""price"":66390.21,""size"":0.00025798,""num_orders"":3},{""price"":66391.89,""size"":0.01506208,""num_orders"":2},{""price"":66393.54,""size"":1.7e-05,""num_orders"":1},{""price"":66394.0,""size"":0.0305,""num_orders"":1},{""price"":66395.17,""size"":0.02,""num_orders"":1},{""price"":66395.18,""size"":0.09064778,""num_orders"":1},{""price"":66395.19,""size"":0.0079072,""num_orders"":1},{""price"":66395.43,""size"":0.03765984,""num_orders"":1},{""price"":66395.99,""size"":0.02,""num_orders"":1},{""price"":66396.0,""size"":0.0305,""num_orders"":1}]"
btc_usd_d10_20260721T230231Z,41,2026-07-21T23:43:31.215091Z,2026-07-21T23:43:31.215218Z,BTC-USD,10,ok,,133032887845,2026-07-21T23:43:28.623173219Z,0.4122393,0.39860036,0.016820760839,66388.699999999997,66388.710000000006,66388.705000000002,0.010000000009,0.001506280324,"[{""price"":66388.7,""size"":0.08041207,""num_orders"":7},{""price"":66388.69,""size"":0.00075314,""num_orders"":1},{""price"":66388.61,""size"":0.02,""num_orders"":1},{""price"":66388.6,""size"":0.10133452,""num_orders"":1},{""price"":66388.0,""size"":0.0289,""num_orders"":1},{""price"":66387.57,""size"":0.02,""num_orders"":1},{""price"":66387.56,""size"":0.12050449,""num_orders"":1},{""price"":66387.37,""size"":0.0150631,""num_orders"":2},{""price"":66387.05,""size"":0.02,""num_orders"":1},{""price"":66387.04,""size"":0.00527198,""num_orders"":1}]","[{""price"":66388.71,""size"":0.09933952,""num_orders"":6},{""price"":66389.49,""size"":0.00109676,""num_orders"":1},{""price"":66389.9,""size"":0.001511,""num_orders"":1},{""price"":66390.04,""size"":0.0150625,""num_orders"":2},{""price"":66390.21,""size"":1.7e-05,""num_orders"":1},{""price"":66390.37,""size"":0.00527198,""num_orders"":1},{""price"":66391.46,""size"":0.03765787,""num_orders"":1},{""price"":66392.0,""size"":0.0275,""num_orders"":1},{""price"":66392.27,""size"":0.09064778,""num_orders"":1},{""price"":66392.28,""size"":0.12049595,""num_orders"":1}]"
btc_usd_d10_20260721T230231Z,42,2026-07-21T23:44:31.215091Z,2026-07-21T23:44:31.215225Z,BTC-USD,10,ok,,133032907308,2026-07-21T23:44:30.562369605Z,1.62900294,0.37083965,0.629131160768,66384.529999999999,66384.539999999994,66384.535000000003,0.009999999995,0.00150637494,"[{""price"":66384.53,""size"":0.18127813,""num_orders"":1},{""price"":66384.46,""size"":0.00100909,""num_orders"":1},{""price"":66384.2,""size"":0.09064778,""num_orders"":1},{""price"":66384.0,""size"":0.0303,""num_orders"":1},{""price"":66382.13,""size"":0.00633793,""num_orders"":2},{""price"":66382.12,""size"":0.97506225,""num_orders"":1},{""price"":66382.11,""size"":0.07567614,""num_orders"":1},{""price"":66382.0,""size"":0.0274,""num_orders"":1},{""price"":66381.73,""size"":0.15064384,""num_orders"":1},{""price"":66381.01,""size"":0.09064778,""num_orders"":1}]","[{""price"":66384.54,""size"":0.029,""num_orders"":1},{""price"":66385.11,""size"":0.00075319,""num_orders"":1},{""price"":66385.17,""size"":0.029,""num_orders"":1},{""price"":66386.16,""size"":0.05717234,""num_orders"":2},{""price"":66386.17,""size"":0.0519,""num_orders"":1},{""price"":66387.83,""size"":0.00527218,""num_orders"":1},{""price"":66388.0,""size"":0.0303,""num_orders"":1},{""price"":66388.28,""size"":0.12050321,""num_orders"":1},{""price"":66388.5,""size"":0.03766122,""num_orders"":1},{""price"":66388.71,""size"":0.00927751,""num_orders"":3}]"
btc_usd_d10_20260721T230231Z,43,2026-07-21T23:45:31.215091Z,2026-07-21T23:45:31.215221Z,BTC-USD,10,ok,,133032936361,2026-07-21T23:45:29.037672902Z,5.10906942,0.43967946,0.841521225952,66413.490000000005,66413.5,66413.494999999995,0.009999999995,0.001505718077,"[{""price"":66413.49,""size"":0.44781054,""num_orders"":6},{""price"":66413.0,""size"":1.0,""num_orders"":1},{""price"":66412.54,""size"":0.09064778,""num_orders"":1},{""price"":66412.53,""size"":1.30471001,""num_orders"":1},{""price"":66412.52,""size"":0.07567614,""num_orders"":1},{""price"":66412.5,""size"":1.0,""num_orders"":1},{""price"":66412.0,""size"":1.0322,""num_orders"":2},{""price"":66411.83,""size"":0.00527001,""num_orders"":1},{""price"":66410.46,""size"":0.12055494,""num_orders"":2},{""price"":66410.0,""size"":0.0322,""num_orders"":1}]","[{""price"":66413.5,""size"":1.966e-05,""num_orders"":1},{""price"":66413.52,""size"":1.7e-05,""num_orders"":1},{""price"":66415.54,""size"":0.12045374,""num_orders"":1},{""price"":66416.0,""size"":0.0322,""num_orders"":1},{""price"":66416.85,""size"":1.7e-05,""num_orders"":1},{""price"":66416.88,""size"":0.12045132,""num_orders"":1},{""price"":66418.0,""size"":0.0322,""num_orders"":1},{""price"":66418.39,""size"":0.03764153,""num_orders"":1},{""price"":66418.7,""size"":0.00603143,""num_orders"":1},{""price"":66418.91,""size"":0.09064778,""num_orders"":1}]"
btc_usd_d10_20260721T230231Z,44,2026-07-21T23:46:31.215091Z,2026-07-21T23:46:31.215233Z,BTC-USD,10,ok,,133032965862,2026-07-21T23:46:28.598371199Z,3.28790292,0.09350576,0.944694197686,66401.440000000002,66401.449999999997,66401.445000000007,0.009999999995,0.001505991322,"[{""price"":66401.44,""size"":0.14596995,""num_orders"":7},{""price"":66401.06,""size"":0.12047999,""num_orders"":1},{""price"":66400.79,""size"":0.01466735,""num_orders"":1},{""price"":66400.43,""size"":0.09064778,""num_orders"":1},{""price"":66400.2,""size"":1.7e-05,""num_orders"":1},{""price"":66400.19,""size"":0.03764866,""num_orders"":1},{""price"":66400.16,""size"":0.02,""num_orders"":1},{""price"":66400.15,""size"":2.66213384,""num_orders"":3},{""price"":66400.14,""size"":0.18127813,""num_orders"":1},{""price"":66400.11,""size"":0.01506022,""num_orders"":2}]","[{""price"":66401.45,""size"":0.00779675,""num_orders"":1},{""price"":66402.78,""size"":0.01505962,""num_orders"":2},{""price"":66403.11,""size"":0.00527096,""num_orders"":1},{""price"":66405.02,""size"":0.00010189,""num_orders"":1},{""price"":66405.35,""size"":0.00658871,""num_orders"":1},{""price"":66406.0,""size"":0.0322,""num_orders"":1},{""price"":66406.15,""size"":0.00488271,""num_orders"":1},{""price"":66406.2,""size"":0.001511,""num_orders"":1},{""price"":66407.14,""size"":9.412e-05,""num_orders"":1},{""price"":66407.64,""size"":0.02,""num_orders"":1}]"
btc_usd_d10_20260721T230231Z,45,2026-07-21T23:47:31.215091Z,2026-07-21T23:47:31.215218Z,BTC-USD,10,ok,,133032996749,2026-07-21T23:47:29.182896640Z,1.21057213,0.15739143,0.769889440622,66395.979999999996,66395.990000000005,66395.985000000001,0.010000000009,0.001506115168,"[{""price"":66395.98,""size"":0.24056558,""num_orders"":7},{""price"":66394.65,""size"":0.01506146,""num_orders"":2},{""price"":66394.32,""size"":0.0052714,""num_orders"":1},{""price"":66394.03,""size"":0.10914112,""num_orders"":1},{""price"":66394.02,""size"":0.15061595,""num_orders"":1},{""price"":66394.0,""size"":0.0322,""num_orders"":1},{""price"":66393.03,""size"":0.23517172,""num_orders"":1},{""price"":66393.02,""size"":0.09064778,""num_orders"":1},{""price"":66393.01,""size"":0.18127813,""num_orders"":1},{""price"":66392.69,""size"":0.15061899,""num_orders"":1}]","[{""price"":66395.99,""size"":0.00689208,""num_orders"":2},{""price"":66396.87,""size"":1.7e-05,""num_orders"":1},{""price"":66397.32,""size"":0.01506084,""num_orders"":2},{""price"":66397.65,""size"":0.00527154,""num_orders"":1},{""price"":66398.0,""size"":0.0322,""num_orders"":1},{""price"":66399.08,""size"":0.00658947,""num_orders"":1},{""price"":66399.46,""size"":0.0376495,""num_orders"":1},{""price"":66399.68,""size"":0.001511,""num_orders"":1},{""price"":66399.99,""size"":0.02,""num_orders"":1},{""price"":66400.0,""size"":0.0322,""num_orders"":1}]"
btc_usd_d10_20260721T230231Z,46,2026-07-21T23:48:31.215091Z,2026-07-21T23:48:31.215236Z,BTC-USD,10,ok,,133033028998,2026-07-21T23:48:31.035604157Z,2.53468957,0.34735668,0.758951349237,66396.869999999995,66396.880000000005,66396.875,0.010000000009,0.00150609498,"[{""price"":66396.87,""size"":0.08353055,""num_orders"":3},{""price"":66396.42,""size"":0.18127813,""num_orders"":1},{""price"":66396.41,""size"":0.12048843,""num_orders"":1},{""price"":66396.17,""size"":0.07567614,""num_orders"":1},{""price"":66396.01,""size"":1.81004596,""num_orders"":1},{""price"":66396.0,""size"":0.0322,""num_orders"":1},{""price"":66395.55,""size"":0.12048999,""num_orders"":1},{""price"":66395.54,""size"":0.01506126,""num_orders"":2},{""price"":66395.37,""size"":0.09064778,""num_orders"":1},{""price"":66395.21,""size"":0.00527133,""num_orders"":1}]","[{""price"":66396.88,""size"":0.00564532,""num_orders"":1},{""price"":66398.21,""size"":0.01506064,""num_orders"":2},{""price"":66398.74,""size"":0.00527132,""num_orders"":1},{""price"":66400.05,""size"":0.00153004,""num_orders"":1},{""price"":66400.98,""size"":0.00658915,""num_orders"":1},{""price"":66401.73,""size"":0.12047879,""num_orders"":1},{""price"":66402.0,""size"":0.0322,""num_orders"":1},{""price"":66403.65,""size"":0.12047531,""num_orders"":1},{""price"":66404.0,""size"":0.0322,""num_orders"":1},{""price"":66404.3,""size"":0.00790611,""num_orders"":1}]"
btc_usd_d10_20260721T230231Z,47,2026-07-21T23:49:31.215091Z,2026-07-21T23:49:31.215221Z,BTC-USD,10,ok,,133033066747,2026-07-21T23:49:30.095663862Z,4.73029729,0.40950048,0.840655022503,66415.970000000001,66415.979999999996,66415.975000000006,0.009999999995,0.001505661852,"[{""price"":66415.97,""size"":0.7704909,""num_orders"":8},{""price"":66415.96,""size"":6e-08,""num_orders"":1},{""price"":66415.95,""size"":6e-08,""num_orders"":1},{""price"":66415.55,""size"":1.40950024,""num_orders"":2},{""price"":66415.54,""size"":0.18127813,""num_orders"":1},{""price"":66415.53,""size"":0.12045373,""num_orders"":1},{""price"":66414.89,""size"":0.09064778,""num_orders"":1},{""price"":66414.31,""size"":0.00526981,""num_orders"":1},{""price"":66414.0,""size"":2.0322,""num_orders"":3},{""price"":66413.97,""size"":0.12045658,""num_orders"":1}]","[{""price"":66415.98,""size"":5.074e-05,""num_orders"":2},{""price"":66416.85,""size"":1.7e-05,""num_orders"":1},{""price"":66419.96,""size"":9.41e-05,""num_orders"":1},{""price"":66420.18,""size"":1.7e-05,""num_orders"":1},{""price"":66420.96,""size"":0.01543187,""num_orders"":2},{""price"":66422.5,""size"":0.001511,""num_orders"":1},{""price"":66423.51,""size"":1.7e-05,""num_orders"":1},{""price"":66425.38,""size"":0.18127813,""num_orders"":1},{""price"":66425.39,""size"":0.09064778,""num_orders"":1},{""price"":66425.4,""size"":0.12043586,""num_orders"":1}]"
btc_usd_d10_20260721T230231Z,48,2026-07-21T23:50:31.215091Z,2026-07-21T23:50:31.215232Z,BTC-USD,10,ok,,133033110843,2026-07-21T23:50:30.688385031Z,6.47366425,1.76583108,0.571373971517,66437.990000000005,66438,66437.994999999995,0.009999999995,0.001505162821,"[{""price"":66437.99,""size"":0.39264119,""num_orders"":9},{""price"":66436.33,""size"":0.00526806,""num_orders"":1},{""price"":66436.02,""size"":0.07567614,""num_orders"":1},{""price"":66436.01,""size"":1.77613753,""num_orders"":1},{""price"":66436.0,""size"":0.0322,""num_orders"":1},{""price"":66435.91,""size"":0.12041679,""num_orders"":1},{""price"":66435.0,""size"":2.0,""num_orders"":2},{""price"":66434.08,""size"":0.00658508,""num_orders"":1},{""price"":66434.0,""size"":1.0322,""num_orders"":2},{""price"":66433.01,""size"":1.03253946,""num_orders"":1}]","[{""price"":66438.0,""size"":1.48619974,""num_orders"":4},{""price"":66438.8,""size"":0.001511,""num_orders"":1},{""price"":66439.9,""size"":0.05,""num_orders"":1},{""price"":66440.16,""size"":1.7e-05,""num_orders"":1},{""price"":66441.47,""size"":0.12040673,""num_orders"":1},{""price"":66441.99,""size"":9.407e-05,""num_orders"":1},{""price"":66442.06,""size"":0.001511,""num_orders"":1},{""price"":66442.98,""size"":0.01542676,""num_orders"":2},{""price"":66443.21,""size"":0.09064778,""num_orders"":1},{""price"":66443.49,""size"":1.7e-05,""num_orders"":1}]"
btc_usd_d10_20260721T230231Z,49,2026-07-21T23:51:31.215091Z,2026-07-21T23:51:31.215220Z,BTC-USD,10,ok,,133033153191,2026-07-21T23:51:30.677633360Z,2.6750997,0.24774716,0.830475442699,66442.610000000001,66443.009999999995,66442.809999999998,0.399999999994,0.060202149788,"[{""price"":66442.61,""size"":0.0321,""num_orders"":2},{""price"":66442.26,""size"":0.0052677,""num_orders"":1},{""price"":66441.84,""size"":0.16554688,""num_orders"":2},{""price"":66441.59,""size"":0.09064778,""num_orders"":1},{""price"":66441.28,""size"":0.01505088,""num_orders"":2},{""price"":66440.52,""size"":0.00526768,""num_orders"":1},{""price"":66440.36,""size"":0.15051092,""num_orders"":1},{""price"":66440.0,""size"":0.0322,""num_orders"":1},{""price"":66439.6,""size"":2.08786008,""num_orders"":1},{""price"":66439.51,""size"":0.09064778,""num_orders"":1}]","[{""price"":66443.01,""size"":0.04028895,""num_orders"":2},{""price"":66443.02,""size"":0.00075252,""num_orders"":1},{""price"":66443.53,""size"":5.757e-05,""num_orders"":1},{""price"":66443.96,""size"":0.12040222,""num_orders"":1},{""price"":66444.0,""size"":0.0322,""num_orders"":1},{""price"":66444.34,""size"":0.0150502,""num_orders"":2},{""price"":66444.67,""size"":0.0052677,""num_orders"":1},{""price"":66445.32,""size"":0.001511,""num_orders"":1},{""price"":66446.0,""size"":0.0322,""num_orders"":1},{""price"":66446.82,""size"":1.7e-05,""num_orders"":1}]"
btc_usd_d10_20260721T230231Z,50,2026-07-21T23:52:31.215091Z,2026-07-21T23:52:31.215221Z,BTC-USD,10,ok,,133033189244,2026-07-21T23:52:28.624368520Z,5.36104996,0.30057939,0.893818767914,66453.470000000001,66453.479999999996,66453.475000000006,0.009999999995,0.001504812201,"[{""price"":66453.47,""size"":0.61709967,""num_orders"":6},{""price"":66453.02,""size"":0.09064778,""num_orders"":1},{""price"":66453.01,""size"":1.51300944,""num_orders"":2},{""price"":66453.0,""size"":2.0,""num_orders"":2},{""price"":66452.0,""size"":1.0,""num_orders"":1},{""price"":66451.81,""size"":0.00526684,""num_orders"":1},{""price"":66451.62,""size"":0.00017531,""num_orders"":1},{""price"":66450.74,""size"":0.09064778,""num_orders"":1},{""price"":66450.46,""size"":0.03761959,""num_orders"":1},{""price"":66449.56,""size"":0.00658355,""num_orders"":1}]","[{""price"":66453.48,""size"":0.00018582,""num_orders"":3},{""price"":66456.81,""size"":1.7e-05,""num_orders"":1},{""price"":66457.47,""size"":9.405e-05,""num_orders"":1},{""price"":66458.46,""size"":0.01542317,""num_orders"":2},{""price"":66459.61,""size"":0.12037387,""num_orders"":1},{""price"":66460.13,""size"":0.00646111,""num_orders"":1},{""price"":66460.14,""size"":1.7e-05,""num_orders"":1},{""price"":66460.42,""size"":0.03761959,""num_orders"":1},{""price"":66461.32,""size"":0.12037078,""num_orders"":1},{""price"":66463.47,""size"":1.7e-05,""num_orders"":1}]"
btc_usd_d10_20260721T230231Z,51,2026-07-21T23:53:31.215091Z,2026-07-21T23:53:31.215219Z,BTC-USD,10,ok,,133033240560,2026-07-21T23:53:28.603418668Z,2.57173126,0.3582461,0.75546152343,66475.119999999995,66475.130000000005,66475.125,0.010000000009,0.001504322107,"[{""price"":66475.12,""size"":0.06004251,""num_orders"":3},{""price"":66473.79,""size"":0.01504352,""num_orders"":2},{""price"":66473.46,""size"":0.00526512,""num_orders"":1},{""price"":66473.03,""size"":0.14004529,""num_orders"":1},{""price"":66472.56,""size"":0.09064778,""num_orders"":1},{""price"":66471.15,""size"":0.12035295,""num_orders"":1},{""price"":66470.56,""size"":0.01699954,""num_orders"":1},{""price"":66470.36,""size"":0.00658145,""num_orders"":1},{""price"":66469.52,""size"":0.02,""num_orders"":1},{""price"":66469.51,""size"":2.0967531,""num_orders"":1}]","[{""price"":66475.13,""size"":0.05068491,""num_orders"":2},{""price"":66476.46,""size"":0.01504292,""num_orders"":2},{""price"":66476.79,""size"":1.7e-05,""num_orders"":1},{""price"":66476.93,""size"":0.02,""num_orders"":1},{""price"":66476.94,""size"":0.12034249,""num_orders"":1},{""price"":66477.54,""size"":0.02,""num_orders"":1},{""price"":66477.55,""size"":0.09064778,""num_orders"":1},{""price"":66477.91,""size"":0.02,""num_orders"":1},{""price"":66477.92,""size"":0.001511,""num_orders"":1},{""price"":66477.93,""size"":0.02,""num_orders"":1}]"
btc_usd_d10_20260721T230231Z,52,2026-07-21T23:54:31.215091Z,2026-07-21T23:54:31.215218Z,BTC-USD,10,ok,,133033301725,2026-07-21T23:54:30.131285955Z,2.91734066,0.61980685,0.649544245329,66510.720000000001,66510.729999999996,66510.725000000006,0.009999999995,0.001503516913,"[{""price"":66510.72,""size"":0.029,""num_orders"":1},{""price"":66510.07,""size"":0.0224392,""num_orders"":1},{""price"":66510.06,""size"":0.0375866,""num_orders"":1},{""price"":66505.41,""size"":0.68032633,""num_orders"":2},{""price"":66504.96,""size"":0.09064778,""num_orders"":1},{""price"":66504.01,""size"":0.00967157,""num_orders"":1},{""price"":66504.0,""size"":1.0,""num_orders"":1},{""price"":66503.27,""size"":0.00075177,""num_orders"":1},{""price"":66503.0,""size"":1.0,""num_orders"":1},{""price"":66502.93,""size"":0.04691741,""num_orders"":1}]","[{""price"":66510.73,""size"":0.07567614,""num_orders"":1},{""price"":66511.79,""size"":0.09064778,""num_orders"":1},{""price"":66513.42,""size"":1.7e-05,""num_orders"":1},{""price"":66514.17,""size"":0.09064778,""num_orders"":1},{""price"":66516.3,""size"":0.09064778,""num_orders"":1},{""price"":66516.31,""size"":0.18127813,""num_orders"":1},{""price"":66516.32,""size"":0.00021046,""num_orders"":1},{""price"":66516.75,""size"":1.7e-05,""num_orders"":1},{""price"":66518.6,""size"":0.09064778,""num_orders"":1},{""price"":66520.08,""size"":1.7e-05,""num_orders"":1}]"
btc_usd_d10_20260721T230231Z,53,2026-07-21T23:55:31.215091Z,2026-07-21T23:55:31.215224Z,BTC-USD,10,ok,,133033343722,2026-07-21T23:55:30.539457025Z,4.42054605,0.76879061,0.70370370613,66513.419999999998,66513.429999999993,66513.424999999988,0.009999999995,0.00150345588,"[{""price"":66513.42,""size"":0.30070205,""num_orders"":3},{""price"":66513.04,""size"":0.00035821,""num_orders"":1},{""price"":66512.34,""size"":0.00075172,""num_orders"":1},{""price"":66512.08,""size"":0.01503486,""num_orders"":2},{""price"":66511.51,""size"":1.98188982,""num_orders"":1},{""price"":66511.5,""size"":1.0,""num_orders"":1},{""price"":66511.0,""size"":1.0,""num_orders"":1},{""price"":66510.7,""size"":0.12028139,""num_orders"":1},{""price"":66510.52,""size"":0.001511,""num_orders"":1},{""price"":66510.09,""size"":1.7e-05,""num_orders"":1}]","[{""price"":66513.43,""size"":0.18330097,""num_orders"":6},{""price"":66514.77,""size"":0.01503426,""num_orders"":2},{""price"":66515.1,""size"":0.00526209,""num_orders"":1},{""price"":66515.51,""size"":0.07567614,""num_orders"":1},{""price"":66515.96,""size"":0.12027189,""num_orders"":1},{""price"":66516.06,""size"":0.09064778,""num_orders"":1},{""price"":66517.34,""size"":0.00657761,""num_orders"":1},{""price"":66518.13,""size"":0.09064778,""num_orders"":1},{""price"":66518.72,""size"":0.18127813,""num_orders"":1},{""price"":66519.0,""size"":9.396e-05,""num_orders"":1}]"
btc_usd_d10_20260721T230231Z,54,2026-07-21T23:56:31.215091Z,2026-07-21T23:56:31.215233Z,BTC-USD,10,ok,,133033385229,2026-07-21T23:56:30.189281062Z,5.14582684,0.45392488,0.83787678358,66527.110000000001,66527.119999999995,66527.114999999991,0.009999999995,0.001503146498,"[{""price"":66527.11,""size"":0.07415113,""num_orders"":5},{""price"":66527.01,""size"":2.25896397,""num_orders"":1},{""price"":66527.0,""size"":1.0,""num_orders"":1},{""price"":66526.5,""size"":1.0,""num_orders"":1},{""price"":66526.31,""size"":0.15031646,""num_orders"":1},{""price"":66525.87,""size"":0.53028396,""num_orders"":2},{""price"":66525.44,""size"":0.00526101,""num_orders"":1},{""price"":66524.16,""size"":0.12025705,""num_orders"":1},{""price"":66523.41,""size"":1.7e-05,""num_orders"":1},{""price"":66523.2,""size"":0.00657626,""num_orders"":1}]","[{""price"":66527.12,""size"":0.00079261,""num_orders"":1},{""price"":66528.78,""size"":0.00526106,""num_orders"":1},{""price"":66529.6,""size"":0.02,""num_orders"":1},{""price"":66529.61,""size"":0.12024722,""num_orders"":1},{""price"":66530.95,""size"":0.02,""num_orders"":1},{""price"":66530.96,""size"":0.11064778,""num_orders"":2},{""price"":66530.97,""size"":0.15030595,""num_orders"":1},{""price"":66531.02,""size"":0.00657632,""num_orders"":1},{""price"":66531.11,""size"":9.394e-05,""num_orders"":1},{""price"":66531.84,""size"":0.02,""num_orders"":1}]"
btc_usd_d10_20260721T230231Z,55,2026-07-21T23:57:31.215091Z,2026-07-21T23:57:31.215231Z,BTC-USD,10,ok,,133033414590,2026-07-21T23:57:29.040750971Z,0.24131079,0.82582288,-0.547740275124,66514.779999999999,66514.789999999994,66514.785000000003,0.009999999995,0.00150342514,"[{""price"":66514.78,""size"":0.07492213,""num_orders"":4},{""price"":66513.44,""size"":0.01503456,""num_orders"":2},{""price"":66513.11,""size"":0.00526198,""num_orders"":1},{""price"":66510.88,""size"":0.02,""num_orders"":1},{""price"":66510.87,""size"":0.00657748,""num_orders"":1},{""price"":66510.57,""size"":0.0968503,""num_orders"":1},{""price"":66510.56,""size"":0.02,""num_orders"":1},{""price"":66510.55,""size"":0.00266422,""num_orders"":1},{""price"":66510.53,""size"":6e-08,""num_orders"":1},{""price"":66510.51,""size"":6e-08,""num_orders"":1}]","[{""price"":66514.79,""size"":0.07824879,""num_orders"":4},{""price"":66515.77,""size"":0.09064778,""num_orders"":1},{""price"":66515.78,""size"":0.03758316,""num_orders"":1},{""price"":66516.13,""size"":0.01503394,""num_orders"":2},{""price"":66516.46,""size"":0.00526198,""num_orders"":1},{""price"":66517.93,""size"":0.02,""num_orders"":1},{""price"":66517.94,""size"":0.23144518,""num_orders"":2},{""price"":66517.95,""size"":0.18127813,""num_orders"":1},{""price"":66517.96,""size"":0.07567614,""num_orders"":1},{""price"":66517.97,""size"":0.09064778,""num_orders"":1}]"
btc_usd_d10_20260721T230231Z,56,2026-07-21T23:58:31.215091Z,2026-07-21T23:58:31.215223Z,BTC-USD,10,ok,,133033442728,2026-07-21T23:58:29.166543889Z,2.72205019,0.75415489,0.566104488864,66494.669999999998,66494.679999999993,66494.674999999988,0.009999999995,0.001503879821,"[{""price"":66494.67,""size"":0.03913812,""num_orders"":7},{""price"":66494.07,""size"":0.09699224,""num_orders"":1},{""price"":66493.44,""size"":1.7e-05,""num_orders"":1},{""price"":66493.07,""size"":0.09699224,""num_orders"":1},{""price"":66490.96,""size"":0.001511,""num_orders"":1},{""price"":66490.11,""size"":1.682e-05,""num_orders"":1},{""price"":66490.0,""size"":0.01,""num_orders"":1},{""price"":66489.68,""size"":0.00751996,""num_orders"":1},{""price"":66489.02,""size"":0.02,""num_orders"":1},{""price"":66489.01,""size"":2.44986281,""num_orders"":1}]","[{""price"":66494.68,""size"":0.10678079,""num_orders"":5},{""price"":66496.35,""size"":0.00526357,""num_orders"":1},{""price"":66496.83,""size"":0.02,""num_orders"":1},{""price"":66496.84,""size"":0.09064778,""num_orders"":1},{""price"":66497.48,""size"":0.001511,""num_orders"":1},{""price"":66498.53,""size"":0.02,""num_orders"":1},{""price"":66498.54,""size"":0.23144637,""num_orders"":2},{""price"":66498.55,""size"":0.18127813,""num_orders"":1},{""price"":66498.59,""size"":0.00657947,""num_orders"":1},{""price"":66499.18,""size"":0.09064778,""num_orders"":1}]"
btc_usd_d10_20260721T230231Z,57,2026-07-21T23:59:31.215091Z,2026-07-21T23:59:31.215226Z,BTC-USD,10,ok,,133033477244,2026-07-21T23:59:30.189173851Z,4.5952565,0.26232212,0.891994699203,66509.869999999995,66509.880000000005,66509.875,0.010000000009,0.00150353613,"[{""price"":66509.87,""size"":0.02701,""num_orders"":1},{""price"":66508.53,""size"":0.01503566,""num_orders"":2},{""price"":66508.51,""size"":1.33577269,""num_orders"":1},{""price"":66508.21,""size"":0.12,""num_orders"":1},{""price"":66508.2,""size"":0.00526237,""num_orders"":1},{""price"":66508.0,""size"":1.0,""num_orders"":1},{""price"":66507.26,""size"":0.001511,""num_orders"":1},{""price"":66507.01,""size"":0.09064778,""num_orders"":1},{""price"":66507.0,""size"":2.0,""num_orders"":2},{""price"":66506.76,""size"":1.7e-05,""num_orders"":1}]","[{""price"":66509.88,""size"":0.0592373,""num_orders"":2},{""price"":66511.22,""size"":0.01503506,""num_orders"":2},{""price"":66512.02,""size"":1e-08,""num_orders"":1},{""price"":66512.03,""size"":1e-08,""num_orders"":1},{""price"":66512.91,""size"":0.09064778,""num_orders"":1},{""price"":66512.92,""size"":0.07567614,""num_orders"":1},{""price"":66513.53,""size"":0.00093435,""num_orders"":1},{""price"":66513.64,""size"":3.973e-05,""num_orders"":2},{""price"":66513.99,""size"":0.00075174,""num_orders"":1},{""price"":66515.19,""size"":0.02,""num_orders"":1}]"
